0.0011	3042.869206680763
0.0011104774018954949	3069.858644323453
0.0011210546001096068	3096.848690956853
0.0011317325451933719	3124.1279918103314
0.0011425121967517373	3151.8443294698072
0.0011533945235298025	3179.630874818385
0.0011643805034998792	3207.451002247801
0.0011754711239493764	3235.6808469053985
0.0011866673815695268	3264.2210307865453
0.0011979702825449616	3292.9055984662273
0.0012093808426441282	3321.7611675007875
0.0012209000873105768	3350.9088562564784
0.0012325290517551202	3380.2266836563035
0.0012442687810488577	3409.7802130582586
0.0012561203302170988	3439.693839411304
0.0012680847643341772	3469.706632919392
0.0012801631586191618	3500.082676659578
0.001292356598532487	3530.7373550054585
0.0013046661798735047	3561.4626803700257
0.0013170930088789543	3592.492682471189
0.0013296382023223817	3623.860572833443
0.0013423028876145043	3655.287947480509
0.0013550882029045228	3687.060718474079
0.0013679952971824075	3719.1998130884153
0.0013810253303821593	3751.4361631981683
0.0013941794734860433	3783.924076438492
0.0014074589086298262	3816.832566822936
0.0014208648292090165	3849.924716979798
0.0014343984399861041	3883.051897711775
0.0014480609571988349	3916.6579454050097
0.001461853608669514	3950.4800387037913
0.0014757776339153412	3984.5020628940506
0.0014898342842598067	4018.9863159551005
0.0015040248229451494	4053.5903076364575
0.0015183505252458736	4088.4145101477343
0.0015328126785833602	4123.550338945158
0.0015474125826415671	4158.930746224563
0.001562151549483823	4194.627668360489
0.0015770309036707414	4230.515325723755
0.0015920519823792631	4266.803787754244
0.0016072161355228146	4303.327468866826
0.0016225247258726283	4339.978540129283
0.0016379791291802148	4377.031146384737
0.0016535807343009909	4414.302336017294
0.0016693309433190974	4451.807084493689
0.0016852311716734063	4489.659956981029
0.0017012828482847134	4527.795181096604
0.0017174874156841583	4566.314370408864
0.0017338463301428653	4605.092480199388
0.0017503610618028068	4644.117367225261
0.0017670330948089262	4683.397526420508
0.00178386392744252	4722.843686629719
0.0018008550722558754	4762.636400555937
0.001818008056208206	4802.857264603798
0.0018353244208028792	4843.310586522338
0.001852805722225941	4884.04939535357
0.00187045353148597	4925.027470447816
0.0018882694345552665	4966.248227635151
0.0019062550325123703	5007.734162674315
0.0019244119416859519	5049.741661088668
0.0019427417938000732	5091.787179194895
0.0019612462361208167	5134.3441601939285
0.001979926931604328	5177.2062795276415
0.0019987855590462666	5220.129493586706
0.0020178238132326654	5263.499038836053
0.002037043405092244	5307.292340178388
0.0020564460618501704	5351.1564757254055
0.002076033527183272	5395.424368178875
0.0020958075613767436	5440.007939614646
0.0021157699414823443	5484.8764217860635
0.002135922461478088	5530.102397356384
0.0021562669324294687	5575.538904187165
0.0021768051826522223	5621.338608597372
0.0021975390578766255	5667.388950081128
0.002218470421413369	5713.68465557403
0.00223960115432102	5760.456718159859
0.002260933155575052	5807.410054085305
0.002282468342238513	5854.7502416052275
0.00230420864963431	5902.415560544613
0.0023261560315191226	5950.209595434251
0.002348312460258989	5998.4450849088835
0.002370679927006563	6047.036003090014
0.002393260441880045	6095.9630572221595
0.0024160560341438308	6144.882744196282
0.0024390687523908857	6194.269112214786
0.0024623006647268336	6244.220390722565
0.0024857538589558195	6294.190059828469
0.002509430442768144	6344.609355650252
0.0025333325439296636	6395.67268737361
0.0025574623104730135	6446.532102755086
0.0025818219108906556	6497.636126221999
0.002606413534329743	6549.592021291847
0.0026312393907888584	6601.563718884616
0.002656301711316633	6653.898449477833
0.0026816027482122282	6706.279771428488
0.002707144775227756	6759.3069734437
0.0027329300877726196	6812.45507776719
0.002758961003119787	6865.917880224416
0.002785239860614042	6919.5130792910895
0.0028117690218822287	6973.609679613518
0.002838550871045467	7028.246140368957
0.0028655878149334195	7082.881575235823
0.0028928822833005925	7138.134732527171
0.0029204367290446807	7193.365256357747
0.00294825362842701	7249.070000431599
0.0029763354812950833	7304.885670231272
0.0030046848113072194	7361.016709844176
0.0030333041661593572	7417.885864173217
0.0030621961178140212	7474.929103869442
0.0030913632627314384	7531.892833085581
0.003120808222102898	7589.136927693009
0.003150533642086295	7646.866902272493
0.0031805421940439447	7705.030220244285
0.0032108365747826485	7763.310262317471
0.0032414195067960593	7822.125984189629
0.0032722937385093282	7880.987073422652
0.003303462044526122	7940.292582336798
0.0033349272258779523	8000.206487104932
0.003366692110275908	8060.189776868556
0.0033987595523647706	8120.045422210422
0.0034311324339795684	8180.464968294473
0.0034638136644045392	8241.04357602284
0.0034968061806346057	8301.980133415636
0.0035301129476392953	8363.424814328118
0.003563736958629211	8425.098192026506
0.0035976812353250135	8486.697153667445
0.0036319488282289957	8548.62334701025
0.0036665428168991985	8611.195158794757
0.003701466310226192	8674.0951026387
0.003736722446712441	8736.993833846156
0.003772314394754371	8800.038806928922
0.0038082453529270964	8863.473697042262
0.0038445185502718852	8926.955867604995
0.0038811372465863215	8991.017818212416
0.003918104732717284	9055.504563169628
0.003955424330856666	9119.626354400394
0.003993099394839942	9184.875048756367
0.0040311333104475705	9249.393460374247
0.004069529495709275	9314.560490487127
0.004108291401211195	9380.198475902427
0.0041474225104060096	9446.054806628767
0.00418692633992596	9511.796793596402
0.004226806439898903	9577.970709615793
0.004267066394267342	9644.2333489891
0.004307709821110522	9710.935544044061
0.00434874037296956	9777.951721227944
0.004390161737175711	9844.868564082764
0.004431977636181723	9912.060788293093
0.004474191827896379	9979.567465786233
0.004516808106022201	10047.363776740314
0.004559830300396404	10115.392153455781
0.004603262277335043	10182.921046770454
0.004647107939980507	10251.260192127053
0.004691371228652253	10319.915435427269
0.004736056121200936	10388.654279367212
0.004781166633365878	10457.361213104477
0.004826706819135973	10526.176103554517
0.00487268077111398	10595.386824815223
0.004919092620884353	10664.755682345714
0.004965946539384506	10734.133213108013
0.005013246737279663	10803.483412069774
0.005060997465341257	10873.17497918634
0.0051092030148289485	10943.129606842009
0.00515786771787625	11013.108868465253
0.005206995947879875	11083.415733604534
0.00525659211989274	11153.633966556637
0.005306660691020746	11223.8132952794
0.005357206160823331	11294.45507035317
0.005408233071717846	11365.062257821326
0.0054597460093877455	11435.636805483105
0.005511749603194727	11506.23898891947
0.005564248526594731	11576.903720017945
0.005617247497557957	11647.970962782152
0.00567075127899284	11718.610494942912
0.005724764679174112	11789.908494962145
0.005779292552174871	11861.061336127623
0.005834339798302849	11931.744994901865
0.005889911364540758	12002.917384802506
0.005946012244990881	12074.171326941072
0.006002647481323879	12145.520921671987
0.0060598221632318875	12216.820388704078
0.006117541428885889	12288.133768968231
0.006175810465397505	12359.055637105286
0.006234634509285116	12430.034982258485
0.006294018846944481	12501.431388208495
0.006353968815123799	12572.52398442121
0.006414489801403338	12643.523155840427
0.0064755872446795645	12714.758290396563
0.006537266635653971	12785.517152548107
0.006599533517326477	12856.36686529446
0.0066623934854935845	12927.198056618332
0.006725852189251254	12997.93505848751
0.0067899153315025985	13068.279810911039
0.006854588669470351	13139.172051369143
0.006919878015214302	13209.490576255268
0.006985789236153573	13279.926914517526
0.00705232825559394	13349.76088546408
0.007119501053260126	13419.532560509588
0.007187313665833221	13489.351326084083
0.007255772187493139	13559.2471590905
0.007324882770466339	13628.677469292983
0.007394651625578667	13698.0167376124
0.007465085022813542	13767.066883481384
0.0075361892918754045	13835.825413361867
0.007607970822758589	13904.349288114865
0.007680436066321528	13972.594651077507
0.007753591534866531	14040.639150313913
0.007827443802724989	14108.289396980963
0.007901999506848216	14175.852208315444
0.007977265347403891	14243.04203478145
0.008053248088378213	14310.189457483575
0.008129954558183718	14376.717421536872
0.008207391650272993	14442.833447513593
0.008285566323758119	14508.927301630116
0.00836448560403611	14573.934387112735
0.008444156583420254	14639.520340132469
0.008524586421777511	14704.13849990425
0.008605782347171905	14768.664068704285
0.008687751656514154	14832.308488755709
0.008770501716217382	14895.649823876316
0.008854039962859142	14958.74370844227
0.008938373903849722	15021.219146009296
0.009023511118106847	15083.55449760878
0.00910945925673672	15145.422643357784
0.009196226043721691	15206.358198866032
0.009283819276614317	15266.785818655178
0.009372246827238162	15326.721587773205
0.0094615166423952	15386.145402140566
0.009551636744580006	15445.032122474697
0.009642615232700671	15503.44209875513
0.009734460282806693	15561.258253150141
0.009827180148823693	15618.054368583544
0.009920783163295196	15674.341139646996
0.010015277738131462	15730.328911192864
0.010110672365365466	15785.472369836418
0.01020697561791601	15839.55130554091
0.010304196150358212	15893.025220939408
0.010402342699701224	15946.492853275418
0.010501424086173439	15998.810418394218
0.010601449214015127	16049.80068589959
0.010702427072278687	16100.596923654179
0.010804366735636393	16150.513743941308
0.010907277365196009	16199.371946640513
0.011011168209324003	16247.327628820633
0.011116048604476715	16294.38316151624
0.011221927976039393	16341.166201252989
0.011328815839173266	16386.748818605396
0.011436721799670589	16430.98745604558
0.011545655554817968	16474.441090777163
0.011655626894267766	16517.609144063572
0.011766645700917932	16558.877623328608
0.011878721951800116	16599.42820914867
0.01199186571897634	16639.303955413165
0.012106087170444075	16677.89021942524
0.012221396571050109	16715.746389973054
0.01233780428341294	16752.148751033226
0.012455320768854099	16787.668650630352
0.012573956588338259	16822.303964696293
0.012693722403422373	16855.7504629775
0.012814628977213726	16888.112215286357
0.012936687175337292	16919.549863891072
0.013059907966912112	16949.551294461195
0.013184302425537125	16978.147954698376
0.013309881730286294	17005.56440225455
0.013436657166713306	17031.57914459369
0.01356464012786569	17056.14825565533
0.013693842115308786	17078.839853700953
0.01382427474015928	17100.476842402357
0.013955949724128721	17120.405925830186
0.014088878900576906	17138.830935491493
0.014223074215575362	17156.146168714575
0.014358547728980833	17171.32069815513
0.014495311615519176	17185.459301134662
0.014633378165879384	17198.523583299906
0.01477275978781818	17210.531977446564
0.014913469007275054	17221.995580495186
0.015055518469497988	17232.0375951268
0.01519892094017977	17241.67918211179
0.01534368930660533	17250.70852934178
0.015489836578809793	17258.95388387674
0.015637375890747728	17266.777756323514
0.01578632050147343	17273.881445778963
0.01593668379633254	17279.626940111033
0.016088479288164887	17283.99435173742
0.01624172061851893	17287.003698622928
0.01639642155887763	17287.94085529145
0.016552596011896098	17287.19994105568
0.016710258012650994	17284.294968881477
0.016869421729901864	17279.211998133702
0.017030101467364372	17271.4326833521
0.017192311664995855	17260.901764538936
0.017356066900292913	17247.564287682006
0.017521381889601517	17232.16182676601
0.0176882714894395	17214.539841273545
0.017856750697831755	17194.89864763522
0.01802683465565796	17172.888360734178
0.01819853864801338	17149.168653046825
0.01837187810558241	17123.979582750337
0.018546868606025335	17097.093713267368
0.018723525875378292	17068.537366472025
0.018901865789466506	17038.363878416018
0.019081904375330992	17006.90417602604
0.019263657812668932	16973.99765718419
0.01944714243528768	16939.03321485779
0.019632374732572618	16902.550489488563
0.019819371350969082	16864.220357737075
0.02000814909547832	16823.185609720804
0.02019872493116768	16780.019656243472
0.020391115984695302	16734.6397576808
0.02058533954584921	16686.246122005847
0.0207814130691011	16635.339183785018
0.020979354175174963	16582.229441150346
0.02117918065263063	16526.661334207958
0.021380910459462346	16468.576447160627
0.02158456172471268	16408.1834708206
0.021790152750101707	16345.783904522366
0.02199770201167173	16281.375803638088
0.02220722816144774	16215.339726981714
0.02241875002911359	16147.945569345344
0.02263228662370418	16079.070415737577
0.02284785713531379	16009.004931616084
0.023065480936820634	15937.99927767352
0.02328517758562785	15865.792918116034
0.0235069668254211	15792.313801423024
0.02373086858794292	15717.405733578025
0.023956902994783865	15641.401344772908
0.024185090359190885	15564.669879276922
0.024415451187892796	15486.444629388603
0.024648006182943136	15406.979993915467
0.024882776243580706	15326.597165937319
0.025119782468107674	15244.963490550286
0.025359046155785634	15161.801071367712
0.025600588808749776	15077.838734484567
0.025844432133941213	14992.487796087718
0.026090598045057693	14906.014271655857
0.026339108664523027	14818.38427410476
0.026589986325475136	14728.950812395446
0.026843253573773044	14638.338209766947
0.027098933170023123	14546.791287692355
0.027357048091624474	14453.708382574914
0.027617621534833853	14359.082687508188
0.027880676916850318	14263.123053944653
0.02814623787791967	14165.841593744282
0.028414328283458898	14067.19986153429
0.028684972226200995	13967.499500230153
0.028958194028360102	13866.64230461491
0.02923401824381722	13764.342475466401
0.029512469660326935	13661.296336226342
0.029793573301744973	13557.692195271546
0.030077354430277023	13452.539667610914
0.030363838548749057	13347.643065546776
0.030653051402899204	13241.409873914623
0.030945018983691407	13134.641771803897
0.031239767529651255	13027.324638600132
0.03153732352922397	12919.776669531651
0.0318377137231548	12811.7513016804
0.03214096510689224	12703.325447757074
0.032447104933014045	12594.977987941122
0.032756160713676284	12487.035031622543
0.03306816022308591	12378.961249390519
0.03338313149999672	12270.723127101794
0.033701102850229085	12163.352828907466
0.034022102849213844	12055.939732642317
0.03434616034456028	11948.607357802875
0.0346733044586485	11842.49720644088
0.03500356459124677	11736.692050895997
0.0353369704221535	11631.27898403587
0.0356735519138645	11527.424576775657
0.036013339314265716	11422.99666001521
0.03635636315935152	11320.252461880671
0.03670265427596886	11217.686955710806
0.037052243784587685	11116.61244262744
0.03740516310209766	11016.164506719135
0.037761443944631476	10916.563435221762
0.038121118330415184	10818.140341430748
0.03848421858264562	10720.85562030241
0.0388507773323951	10624.511087589259
0.039220827521544065	10529.2750063781
0.03959440240574143	10435.17892782577
0.03997153555739314	10342.058686807995
0.040352260868679365	10250.324302427593
0.04073661255460028	10159.973565231337
0.04112462515605081	10070.931733532801
0.0415163335429249	9983.292322147772
0.04191177291724912	9896.8832401999
0.04231097881634613	9811.524023172331
0.0427139871160285	9727.78908832436
0.04312083403382268	9646.26622351728
0.04353155613222385	9565.996727988284
0.04394619032198165	9487.233637358804
0.044364773865417366	9410.761527560357
0.04478734437977257	9336.064160822425
0.04521393984058965	9262.874794869798
0.0456445985851247	9191.780919959729
0.04607935931579278	9123.109187444434
0.046518261103645916	9056.339207817467
0.0469613433918845	8991.188077130462
0.04740864599940187	8927.673708516617
0.047860209124362736	8866.069228799794
0.048316073347815784	8806.504778629303
0.04877627963734058	8748.031422355256
0.049240869350729154	8690.687168510893
0.0497098842397029	8635.126325805642
0.05018336645366462	8581.122450662044
0.05066135854348636	8527.557024181122
0.051143903465333485	8475.84261588088
0.05163104458452502	8425.345159719292
0.052122825679430704	8375.850912491278
0.05261929094540542	8327.446835316954
0.05312048499876086	8280.272033391748
0.05362645288077504	8233.703193309755
0.05413724006174019	8188.174921798492
0.05465289244504904	8143.31612622517
0.05517345637131996	8099.0076843699535
0.05569897862256163	8055.290021397262
0.056229506426377224	8012.089057873283
0.05676508746020853	7969.1515102317135
0.05730576985562079	7926.1571939514215
0.05785160220262813	7883.140537823309
0.05840263355406013	7840.087504394716
0.05895891342997028	7796.799701919258
0.05952049182208618	7752.997412329049
0.06008741919830207	7709.115964696477
0.06065974650721451	7665.11133562207
0.061237525182700744	7619.90473891379
0.06182080714854133	7573.953374027779
0.06240964482308601	7527.42932757083
0.06300409112396464	7479.653015165126
0.06360419947284297	7431.156096168389
0.06421002380022314	7381.038136764888
0.06482161855029056	7329.485396844874
0.06543903868580679	7276.210090204235
0.06606233969304864	7221.027128621828
0.06669157758679474	7163.995623235718
0.06732680891535966	7105.106747892254
0.06796809076567549	7044.217219802792
0.06861548076842221	6981.9006961755595
0.06926903710320707	6918.776599264
0.06992881850379275	6854.251797919566
0.07059488426337573	6788.727538767637
0.07126729423991512	6722.855898616596
0.07194610886151155	6655.318267773607
0.07263138913183792	6586.038785523905
0.07332319663562187	6514.6227677523175
0.07402159354417988	6440.550295793364
0.07472664262100466	6363.506222333834
0.07543840722740582	6283.555157228219
0.07615695132820358	6200.950773472489
0.07688233949747734	6116.27667007151
0.07761463692436912	6029.982921483231
0.07835390941894142	5942.360280999807
0.07910022341809175	5853.815082288901
0.07985364599152336	5764.668269216505
0.08061424484777224	5674.989708584914
0.0813820883402921	5584.840233541987
0.08215724547359747	5494.457277657308
0.08293978590946448	5403.976992748755
0.08372977997319145	5313.403258863369
0.08452729865991916	5223.017221655026
0.08533241364101052	5133.157342341077
0.08614519727049179	5044.080784541054
0.08696572259155508	4956.010949585093
0.0877940633431222	4869.169452554083
0.0886302939664716	4783.689074938312
0.08947448961192848	4699.840640742846
0.09032672614561799	4617.858352637584
0.0911870801562833	4537.916837079479
0.09205562896216883	4460.249132105505
0.0929324506179681	4385.013287254787
0.09381762392183862	4312.289359383033
0.09471122842248363	4242.319309045576
0.09561334442630032	4175.180488133861
0.09652405300459725	4110.916768280771
0.09744343600088017	4049.7544990629917
0.09837157603820668	3991.765986299463
0.0993085565266116	3936.857593736785
0.10025446167060321	3885.0137503969445
0.10120937647672994	3836.290258800283
0.10217338676121997	3790.6784741757438
0.10314657915769372	3747.727989846802
0.10412904112494883	3707.9355157414116
0.10512086095482019	3670.4178769533414
0.10612212778011482	3635.6445338215026
0.10713293158262147	3602.8400632703706
0.10815336320119744	3572.486209337286
0.10918351433993231	3543.953851801746
0.11022347757638867	3517.012874000422
0.1112733463699221	3491.343658298243
0.11233321507008054	3466.677411011788
0.11340317892508261	3442.770821394823
0.11448333409037778	3419.536510610672
0.11557377763728786	3396.356802986547
0.11667460756173006	3373.0141698798875
0.11778592279302395	3349.416183939816
0.11890782320278234	3325.0225392286707
0.12004040961388597	3299.5698273543194
0.1211837838095445	3272.892817300584
0.12233804854244391	3244.943488254396
0.12350330754398005	3215.159827373513
0.12467966553358101	3183.4340251252042
0.12586722822811847	3149.6227414255577
0.12706610235140753	3113.5905374692284
0.1282763956437981	3075.643435941594
0.12949821687185772	3035.404858256392
0.13073167583814535	2992.9403267329253
0.1319768833910796	2948.633725771535
0.1332339514349007	2902.406207467406
0.13450299293972642	2854.2528398734403
0.13578412195170486	2804.7440024620164
0.13707745360326384	2753.9693426664326
0.13838310412345697	2701.975779192686
0.13970119084840918	2649.254537770762
0.14103183223186191	2596.12332189065
0.14237514785581756	2542.627897498343
0.14373125844128642	2489.2142762908497
0.14510028585913606	2436.524396178601
0.14648235314104274	2384.670437160083
0.14787758449054852	2333.83320749251
0.1492861052942235	2284.38122197632
0.15070804213293326	2236.788240951612
0.15214352279321486	2191.1223395796683
0.1535926762787611	2147.945168918698
0.15505563282201312	2107.4234291960856
0.15653252389586436	2069.443199269938
0.1580234822254763	2034.010405976941
0.1595286418002053	2001.405503367512
0.1610481378856444	1971.5761481132454
0.16258210703577983	1944.3881818346692
0.16413068710526182	1919.456587800752
0.165694017261794	1896.5335250125415
0.16727223799864024	1875.5518010719632
0.16886549114724989	1856.2241830313192
0.17047391989000416	1838.1121047914742
0.17209766877308413	1820.9691771131922
0.1737368837194599	1804.6072956175883
0.17539171204200485	1788.6502548312483
0.17706230245673485	1772.78962985346
0.178748805096172	1756.6409032097674
0.18045137152283736	1739.9979176155084
0.1821701547428719	1722.478736902062
0.18390530921978604	1703.8590330120678
0.18565699088834128	1683.8761947034884
0.18742535716856434	1662.4020774003188
0.1892105669798932	1639.1640933135704
0.1910127807554592	1614.352027712574
0.19283216045650553	1587.941087963281
0.1946688695869413	1560.1698683105676
0.19652307320803572	1531.1504731835787
0.1983949379532524	1501.1794501849513
0.20028463204322328	1470.6841852568364
0.2021923253008669	1439.8406042849233
0.20411818916665034	1408.8980427614379
0.20606239671399545	1378.3454572298288
0.20802512266483295	1348.4037949103388
0.2100065434053048	1319.217751460552
0.21200683700161485	1291.2689380973889
0.21402618321603156	1264.5342790025977
0.21606476352304352	1239.3734925224958
0.21812276112566714	1215.7907323151096
0.22020036097191115	1193.9954935902315
0.22229774977139818	1173.9433640016052
0.2244151160121428	1155.5361192970727
0.22655264997749108	1138.6874514652557
0.22871054376322159	1123.135471732843
0.23088899129480742	1108.800177534443
0.23308818834484457	1095.313208843423
0.23530833255064615	1082.4369866694078
0.2375496234320024	1069.835408610679
0.23981226240911174	1057.2329292969735
0.2420964528206828	1044.4374882543736
0.24440239994220642	1031.212123223664
0.24673031100440435	1017.3157239947197
0.24908039521185305	1002.5794075726809
0.2514528637617833	986.9827823153514
0.2538479298630606	970.5136374716344
0.25626580875534666	953.3476450601323
0.258706717728441	935.5040766883229
0.26117087614180917	917.2432293649576
0.26365850544429664	898.6230949390485
0.2661698291940288	879.9837710088984
0.2687050730785023	861.5931445473242
0.2712644649348675	843.5835294144521
0.27384823477040293	826.1580107345152
0.27645661478318573	809.3972732773183
0.2790898393829597	793.5852142884995
0.2817481452122001	778.7589257015559
0.2844317711673802	764.8780513000522
0.2871409584204421	751.9456770941846
0.28987595044046804	739.8951084125931
0.29263699301556173	728.5799102223308
0.2954243342749373	717.8330998374585
0.29823822471121686	707.4535221311259
0.30107891720294233	697.2399534716457
0.303946667037302	687.0764442085433
0.30684173193307107	676.7803175117662
0.30976437206377305	666.2427014279166
0.3127148500810619	655.379689801523
0.3156934311383244	644.1656342910045
0.3187003829145095	632.6042746469682
0.3217359756381853	620.7921739715287
0.324800482111822	608.785345080499
0.327894177736309	596.709039721042
0.33101734053570553	584.7255111342241
0.3341702511822241	572.9715406707471
0.3373531930214553	561.5904822326182
0.3405664520978318	550.6736296363636
0.34381031718033345	540.2221773725154
0.3470850797884385	530.275461374595
0.35039103421832335	520.8233590015918
0.3537284775693083	511.8054370952182
0.35709770977055816	503.19782970059964
0.36049903360803714	494.9007321139015
0.363932754751718	486.785070975287
0.3673991817830525	478.7304878728351
0.3708986262227043	470.68514354663176
0.3744314025585426	462.5532221078449
0.3779978282739056	454.36445927589466
0.38159822387613285	446.0429953571361
0.3852329129253667	437.67547685663595
0.3889022220636311	429.30394418064077
0.39260648104418716	420.95280966704047
0.39634602276116526	412.7098155850718
0.40012118327948276	404.67232055341003
0.4039323018650465	396.86021271230663
0.40777972101523957	389.32300418301537
0.41166378648970237	382.0581818686846
0.41558484734140577	375.0476862737943
0.4195432559480183	368.27914844185733
0.4235393680435741	361.708005509082
0.4275735427504436	355.2770422403668
0.43164614261160444	348.93854798816966
0.43575753362322395	342.6543311187781
0.4399080852675513	336.37210342967336
0.44409817054612016	330.13243060473667
0.4483281660132704	323.8957604590826
0.45259845180998964	317.70030812434715
0.45690941169807325	311.56510341252795
0.4612614330946136	305.52701562624657
0.4656549071068174	299.6201820019107
0.4700902285671514	293.8670512631222
0.4745677960688265	288.27357713821084
0.4790880120016195	282.8242093499314
0.4836512825880328	277.52198860295283
0.4882580179198018	272.34991984734813
0.4929086319947504	267.2737258305496
0.4976035427539936	262.2816741581527
0.5023431721194983	257.3514653368017
0.5071279460320016	252.46127318983355
0.5119582944892872	247.6257351864605
0.5168346515848289	242.85644105614853
0.5217574555468036	238.1513121146842
0.5267271487774715	233.52466520115632
0.5317441778929344	228.99887297417567
0.5368089937632742	224.56091402461195
0.5419220515530687	220.2399786524209
0.5470838107622978	216.00447893698976
0.5522947352676392	211.86268968012507
0.5575552933641528	207.80831788478255
0.5628659578073675	203.81931849244415
0.5682272058557678	199.8858063288499
0.5736395193136814	196.00659903972758
0.579103384574579	192.19361029146972
0.5846192926647873	188.44023284474
0.5901877392876136	184.7449799967506
0.5958092248678948	181.12570456681698
0.6014842545969713	177.58326390600956
0.6072133384780846	174.11321774677847
0.6129969913722113	170.71439523983838
0.6188357330443347	167.3756641732585
0.6247300882101517	164.09790087961505
0.630680586583229	160.88296822357407
0.6366877629226099	157.73104818305967
0.6427521570808677	154.6294009903061
0.648874314052624	151.5977711189629
0.6550547840235266	148.61079860439457
0.6612941224196912	145.67698290226045
0.6675928899576176	142.80087986145784
0.6739516526945819	139.9748581699773
0.6803709820795037	137.20086597571685
0.6868514550043027	134.4880304137873
0.693393653855744	131.81799371278353
0.6999981665677734	129.19191063185835
0.7066655866743546	126.62164572601073
0.7133965133628117	124.09885805048928
0.7201915515276726	121.6229636859342
0.7270513118250314	119.19249523966056
0.7339764107274291	116.80488146949101
0.740967470579251	114.46778725053599
0.7480251196526567	112.17282573386512
0.7551499922040444	109.92068915247368
0.7623427285310459	107.71533525569562
0.7696039750300705	105.54606189102523
0.7769343842543982	103.4205475643524
0.7843346149728183	101.33563154385509
0.7918053322288343	99.28604244702572
0.7993472074004319	97.27985254272393
0.8069609182604098	95.31176665949124
0.8146471490372926	93.38471596220687
0.8224065904768224	91.486365897835
0.8302399399040309	89.62950269494536
0.8381479012859083	87.81043910417326
0.8461311852946701	86.02415211334689
0.8541905093716189	84.27268853326844
0.8623265977916217	82.55662182655931
0.8705401817282012	80.87373990344207
0.8788319993192407	79.22301362158679
0.8872027957333207	77.60512949106281
0.8956533232366886	76.01831778186715
0.904184341260858	74.46176022871856
0.9127966164708601	72.93771883255106
0.9214909228341447	71.44287094397082
0.9302680416901299	69.97664715168298
0.9391287618204222	68.53911199445531
0.9480738795197049	67.13093736883037
0.9571041986672948	65.74972851355113
0.9662205307993873	64.39687706474551
0.9754236951819906	63.07102952055266
0.9847145188845454	61.769872625859875
0.9940938368542556	60.49496200221541
1.0035624919911252	59.245087363138126
1.0131213352237027	58.01806187144697
1.0227712255855554	56.81376955058007
1.0325130302924714	55.641535415030006
1.0423476248203891	54.49237783971844
1.052275892984077	53.35646973066003
1.0622987270165634	52.248941457673766
1.0724170276493135	51.16703838803166
1.0826317041931794	50.099761579210615
1.0929436746201218	49.05920054920132
1.103353865645698	48.03165767264831
1.1138632128123496	47.03315802399793
1.1244726605734787	46.05238554933431
1.1351831623783193	45.090657594306194
1.1459956807576241	44.147201259459436
1.1569111874101685	43.22186015747974
1.1679306632900688	42.321058574269074
1.1790550986949422	41.43088421864317
1.1902854933549052	40.56173437141603
1.2016228565224112	39.71110238889561
1.2130682070629537	38.876189182311414
1.2246225735466316	38.06143931178005
1.23628699434058	37.26007778570617
1.2480625177022877	36.47289858121638
1.2599502018738058	35.704572748647124
1.271951115176844	34.952786621099754
1.2840663361087796	34.216036787549974
1.296296953439586	33.48981864681693
1.30864406630967	32.783116118861734
1.3211087843286513	32.093092267163016
1.3336922276750875	31.41030819353172
1.3463955271971328	30.74475210622834
1.359219824514169	30.091120282972337
1.3721662721194041	29.454389894552296
1.3852360334834386	28.82907824171847
1.3984302831588256	28.213997791856627
1.4117502068856307	27.6141123749936
1.425197001697984	27.02562776765843
1.4387718760316592	26.45080584528387
1.4524760498326763	25.88711102347448
1.4663107546669287	25.335523907686703
1.4802772338308654	24.795588668438217
1.4943767424632266	24.264535186471278
1.5086105476578333	23.744582631724448
1.5229799285774626	23.23777846957914
1.5374861765688064	22.741248047633057
1.5521305952785147	22.25260708229748
1.5669145007703555	21.77330338025399
1.5818392216434916	21.306260773089907
1.5969060991518693	20.849668760987242
1.6121164873247598	20.403009188288898
1.6274717530884462	19.961221538963574
1.6429732763890565	19.532705585337613
1.6586224503165894	19.11197531352339
1.674420681230096	18.700513985696762
1.6903693888840725	18.297699135012348
1.7064700065560547	17.90277619875798
1.7227239811754143	17.51614130493754
1.7391327734533961	17.13802130873461
1.755697858014394	16.767446220222702
1.7724207235284632	16.404165250348235
1.7893028728451086	16.048355451837605
1.8063458231283465	15.700399029746267
1.823551105993041	15.360972511190088
1.8409202676425513	15.028426053736723
1.8584548690076903	14.701185430792718
1.8761564858869928	14.381308239021157
1.894026709088334	14.068045971793236
1.9120671445718977	13.762225783622476
1.9302794135944894	13.46360862733816
1.9486651528552419	13.170502796799985
1.9672260146427056	12.882934821446955
1.9859636669833276	12.602685455281573
2.004879793791358	12.328154175889287
2.023976095020184	12.057784714263878
2.0432542868150936	11.794716517106647
2.0627161016675046	11.537055775324525
2.0823632885706673	11.284531830338414
2.10219761317683	11.037578248823051
2.1222208579559223	10.796202633413603
2.1424348223557463	10.560012138473034
2.1628413229636774	10.328348328085212
2.1834421936699244	10.101739412301116
2.2042392858323434	9.880072103175126
2.2252344684428014	9.662444969712704
2.2464296282951475	9.450338250916838
2.2678266701547796	9.24302281383171
2.28942751692981	9.039230292525238
2.311234109843879	8.84042076334659
2.333248408610616	8.645548363788977
2.355472391609741	8.455458749771742
2.3779080560648636	8.268401583793999
2.4005574182229785	8.086450627564947
2.4234225135356455	7.907641117008408
2.446505396841919	7.732838810361156
2.4698081425530187	7.562199825936279
2.4933328448387404	7.39516232148393
2.5170816178156588	7.231320745645924
2.5410565957371287	7.07105612438357
2.5652599331850703	6.914645395795531
2.5896938052636047	6.761546344184359
2.614360407794532	6.611266996558203
2.6392619575146528	6.464434549222942
2.664400692274988	6.321297046530928
2.689778871241897	6.180706866407155
2.7153987751000894	6.043067392930976
2.741262706257594	5.90900393070255
2.7673729890526784	5.777452339828004
2.793731969962716	5.648926971963103
2.82034201781507	5.523301334262984
2.8472055239999783	5.399950468072257
2.874324902685452	5.279388598742508
2.901702591034235	5.161879563587963
2.929341049422839	5.046689320445463
2.9572427616626333	4.933935819734994
2.9854102352230694	4.823729874642706
3.013846001457029	4.715917245930208
3.0425526158282974	4.610433989061679
3.071532658141224	4.507230495391593
3.100788732772572	4.406246499046932
3.130323468905554	4.307640410096767
3.160139520766118	4.211192418014032
3.190239567861484	4.11665106110771
3.2206263152209336	4.024422148705374
3.251302493638909	3.9341788054620603
3.2822708599204358	3.8457835576126924
3.313534197128852	3.759293095100996
3.345095314835929	3.6749093724121646
3.376957049374359	3.5921938417493338
3.4091222640926433	3.5113527032070926
3.4415938496124414	3.4323461949418292
3.4743747240883076	3.3549362046070503
3.507467833469964	3.2794063098523507
3.5408761517670415	3.2054450417509996
3.5746026813163474	3.1332161455326197
3.6086504530516725	3.062600138822485
3.6430225267762015	2.9934818287225426
3.6777219914374517	2.925802795056755
3.712751965404897	2.8597000364372307
3.748115596750202	2.7951229944282723
3.783816063530133	2.7319276316230012
3.8198565740721575	2.6701756453469723
3.8562403672627954	2.6097250597961885
3.8929707128386526	2.5506254379332267
3.9300509116802904	2.492868888295822
3.9674842961088634	2.436349314976945
4.005274230185588	2.3810480639284153
4.043424110014056	2.3270862933894243
4.081937364045466	2.2742883302652506
4.120817453386685	2.2225996365497847
4.160067872111323	2.1721380029045454
4.199692147573729	2.122798063166813
4.2396938407259865	2.0745655684655473
4.2800765464379245	2.0273669159267267
4.320843893820208	1.9811705439353444
4.361999546550434	1.9360690312473932
4.403547203202412	1.8919579916534914
4.445490597578533	1.848872641605947
4.487833499045328	1.8067606212668954
4.5305797128721945	1.7655320278659468
4.573733080573411	1.7252982335639704
4.617297480253308	1.6859399125794963
4.6612768269548255	1.6474173176209417
4.705675073011337	1.6098026427941494
4.750496208401839	1.5729895898964135
4.795744261109513	1.5369931253277023
4.841423297483746	1.5018955304243722
4.887537422605518	1.4675278634871778
4.934090780656344	1.4339366826463442
4.981087555290701	1.40108482503507
5.028531970012	1.3689341589192654
5.076428288552136	1.337638738460944
5.124780815254699	1.3069508636095863
5.17359389546174	1.2769594719452408
5.222871915904314	1.2476641476817563
5.272619305096698	1.219018947879877
5.322840533734373	1.1910407883155236
5.373540115095786	1.1636601147435772
5.424722605447989	1.1368997035355177
5.476392604456038	1.1107982907351779
5.528554755596403	1.0852530660550688
5.58121374657425	1.0602962390718471
5.6343743097447225	1.0359074128695795
5.688041222538209	1.0120403690352482
5.742219307889731	0.9887353517579521
5.796913434672305	0.9659666518725214
5.852128518134537	0.9436780001112882
5.907869520342339	0.9219093759735267
5.964141450624857	0.90066834736923
6.020949366024643	0.8798768376091758
6.078298371752156	0.8595585072896867
6.136193621644502	0.8396945578298154
6.19464031862863	0.8203061148546105
6.25364371518891	0.8013396679499033
6.3132091138391555	0.7827978408964651
6.373341867599138	0.7647115381226335
6.434047380475701	0.747023547695722
6.495331107948338	0.729725709683519
6.557198557459505	0.7128353283043276
6.619655288909561	0.6963203530137745
6.682706915156419	0.6802006062228675
6.746359102519949	0.6644243355065594
6.81061757129125	0.6490047961010348
6.875488096246648	0.6339638482254581
6.940976507166708	0.6192424348308478
7.007088689360138	0.6048832484193128
7.073830584192686	0.5908339816727223
7.1412081896210635	0.5770942899438767
7.209227560732026	0.5636928497775938
7.277894810286451	0.5505974529935409
7.3472161092687305	0.5377922899904616
7.417197687441332	0.5252761541608629
7.487845833904657	0.5130567045565204
7.559166897662213	0.5011086724697382
7.6311672881912385	0.48943328159901156
7.703853476018632	0.47804116424995663
7.777231993302497	0.4669048191295487
7.851309434419162	0.4560178173674953
7.926092456555797	0.4453901889570597
8.001587780308679	0.43500139262073284
8.077802190287201	0.42485358145276053
8.154742535723516	0.41493545216769867
8.232415731088118	0.4052403631190517
8.310828756711212	0.3957784483229052
8.38998865941003	0.3865372759898207
8.46990255312209	0.37749667883787397
8.550577619544578	0.3686784145923113
8.632021108779663	0.36005317534968734
8.714240339986098	0.3516268846907727
8.797242702036977	0.3434024607577366
8.88103565418375	0.33536294054581967
8.965626726726555	0.32751074099626926
9.051023521691013	0.3198413358868601
9.137233713511316	0.3123443872666098
9.224265049719973	0.30502154558953143
9.312125351644047	0.2978726190979083
9.400822515108048	0.29088708519582435
9.49036451114349	0.28406254165212536
9.5807593867053	0.2773984756890735
9.672015265394887	0.2708827233466604
9.764140348190253	0.26452273002561427
9.857142914182987	0.25831292238271975
9.951031321322281	0.2522319029103246
10.045814007166037	0.24631137125954228
10.141499489639191	0.2405232528172208
10.238096367799104	0.23486836480048381
10.33561332260841	0.22933572740143124
10.434059117715137	0.22394555152570017
10.533442600240276	0.21867341349739172
10.633772701572843	0.2135117242572693
10.735058438172588	0.20846778710610442
10.837308912380186	0.20357556448072686
10.940533313235308	0.19878526276159084
11.044740917302413	0.1940804880786906
11.149941089504408	0.18950313227966215
11.256143283964231	0.18504572057522606
11.363357044854567	0.18068878666027285
11.471592007255424	0.17641848654814338
11.580857898020117	0.1722368296713083
11.691164536649364	0.1681932231264592
11.802521836173756	0.16420526590263115
11.914939804044595	0.16031387941349204
12.028428543033325	0.15653536222444567
12.142998252139327	0.15283693973505014
12.25865922750656	0.14922026834490526
12.375421863348834	0.1456740219733428
12.493296652883924	0.14223460896468607
12.612294189276541	0.13888314630862533
12.732425166590419	0.13559519267721443
12.853700380749219	0.13237446716639878
12.97613073050684	0.12923626073383085
13.099727218426843	0.12617577173027666
13.224500951871216	0.12318805036667056
13.350463143998562	0.12025975711348975
13.477625114771893	0.11739618330188567
13.605998291975784	0.1146203583857811
13.735594212243463	0.11190724732336389
13.86642452209356	0.10923788948370226
13.99850097897676	0.10664659582458536
14.131835452332385	0.10412409550482465
14.266439924655193	0.10165223878554698
14.402326492572053	0.09923055587587676
14.539507367929152	0.09686002117203055
14.677994878889427	0.09456976844396098
14.817801471040463	0.09231268323497906
14.958939708512931	0.09011340294541702
15.10142227510981	0.0879739175493824
15.245261975446086	0.08587929123672532
15.39047173609959	0.08383700172150615
15.537064606772653	0.0818400020591788
15.685053761464857	0.07989157959385879
15.834452499656928	0.07798685061834425
15.985274247506045	0.07612574617425373
16.13753255905225	0.07430837130811155
16.291241117436634	0.07253652874099098
16.446413736130992	0.07081038730824282
16.6030643601792	0.069114385232474
16.76120706745041	0.06746950369256734
16.920856069904307	0.06585772980515478
17.082025714868138	0.06428638977191906
17.244730486326183	0.06274691340129843
17.408985006221393	0.06125401405295823
17.574804035769414	0.05978126859740672
17.742202476785128	0.05835414553217535
17.911195373021968	0.05696249541466675
18.081797911523676	0.05559874357234978
18.25402542398927	0.054266835077615566
18.427893388150828	0.05296813652519388
18.60341742916442	0.05170151054817216
18.780613321014428	0.05046616128575382
18.95949698793093	0.04925601714464461
19.14008450582091	0.04807585802285173
19.322392103712925	0.04692492149339245
19.506436165215593	0.045796701848086936
19.692233229989903	0.0446993668639763
19.87979999523574	0.04363068442357498
20.06915331719223	0.04258202786676808
20.260310212652712	0.04155917802355797
20.453287860493948	0.04056060334649762
20.648103603219983	0.03958976539709056
20.84477494852063	0.038637644514370774
21.043319570844986	0.03771148525947623
21.2437553129896	0.03680338817558818
21.446100187702097	0.03591928841823917
21.650372379299913	0.03505702128457682
21.856590245304503	0.034213998991907836
22.064772318091013	0.03339074769872525
22.274937306553948	0.03258914694477018
22.487104097788237	0.031804027351758885
22.70129175878674	0.03103739292439291
22.917519538153737	0.030289950687322098
23.135806867834727	0.029560796814804238
23.356173364862734	0.02884995496577004
23.57863883312139	0.02815509209762452
23.80322326512442	0.027475998280263206
24.02994684381251	0.026811521366181177
24.258829944367058	0.026165812068970864
24.489893136041236	0.02553677231327841
24.72315718400849	0.024921052859985256
24.958643051228805	0.024319048101777783
25.19637190033237	0.023733130448305148
25.436365095521584	0.023159755121995147
25.67864420449096	0.022599907695329935
25.923231000365387	0.022053898714027742
26.17014746365678	0.021520384563819554
26.419415784239593	0.02100122987667424
26.671058363344734	0.020493583821723435
26.925097815572883	0.019997302339820923
27.18155697092676	0.019514239393626658
27.44045887686284	0.019043339501390942
27.70182680036251	0.01858300657611982
27.965684230023225	0.018133529029619018
28.232054878169095	0.017693818494955837
28.500962682982042	0.017264086315091527
28.772431810653046	0.01684742116307669
29.046486657553892	0.01643993073736946
29.323151852429586	0.01604095610681597
29.602452258611883	0.015651862232437794
29.884412976253405	0.015272628320704244
30.16905934458354	0.014903048866646241
30.456416944185573	0.0145408709263938
30.746511599295562	0.014187139034196397
31.039369380123066	0.013844332418678197
31.335016605194216	0.013507243669292884
31.6334798437166	0.013179882614499639
31.934785917967194	0.012860132102222845
32.238961905702766	0.012547571528564378
32.54603514259331	0.012242464627627667
32.85603322467857	0.011945074700475289
33.168984010848284	0.01165510983534631
33.484915625345465	0.011371685039412879
33.80385646029408	0.0110947670745629
34.125835178250554	0.010824514394156465
34.45088071477959	0.010561359107437092
34.77902228105453	0.010304595940791049
35.11028936648269	0.010053155433758022
35.4447117413552	0.009808848917381386
