0.001008436278311028	2806.638448965403
0.0010174037188181492	2829.893242209845
0.0010264509015866083	2853.3407992530915
0.0010355785357182114	2876.940202618422
0.0010447873366203945	2900.797121938898
0.0010540780260622983	2924.58436396541
0.001063451332231339	2948.7574371511982
0.001072907989790283	2973.1931966047378
0.001082448739934826	2997.808667490195
0.0010920743304516916	3022.525196497187
0.001101785515777235	3047.363210740013
0.0011115830570565788	3072.579823454148
0.0011214677222032687	3097.790281403396
0.0011314402859594615	3123.264372034625
0.0011415015299566466	3149.1264440522073
0.0011516522427769133	3175.074875783445
0.0011618932200147527	3201.0305151507027
0.0011722252643394176	3227.261760779888
0.001182649185557835	3253.8535547441797
0.0011931658006780759	3280.587787931621
0.0012037759339733904	3307.4476211382366
0.0012144804170468179	3334.4946691048326
0.0012252800888963584	3361.835115372088
0.0012361757959807374	3389.211161089179
0.0012471683922857478	3416.9505852713514
0.001258258739391185	3444.883335961808
0.0012694477065383729	3472.9494250080256
0.0012807361706982999	3501.338823477468
0.0012921250166403465	3529.964400356572
0.0013036151370016365	3558.6389986064723
0.001315207432357	3587.572404298858
0.0013269028112895568	3616.818602954147
0.001338702190461931	3646.1400620769946
0.0013506064946881	3675.688875524239
0.0013626166570058736	3705.5768365735858
0.0013747336187500284	3735.6532929313544
0.0013869583296260862	3765.833306734111
0.0013992917477847514	3796.317274141729
0.0014117348398970068	3827.1569055556824
0.0014242885812298847	3858.060440029812
0.001436953955722899	3889.012691805301
0.0014497319560651707	3920.4940481299313
0.0014626235837732302	3952.0511546225475
0.0014756298492695152	3983.8271466755114
0.0014887517719615643	4016.017584367629
0.001501990380321922	4048.309802544164
0.0015153467119687404	4080.766072442813
0.00152882181374711	4113.517628339148
0.0015424167418111097	4146.458649454753
0.0015561325617065864	4179.694190964092
0.0015699703484546672	4213.1017466073745
0.0015839311866360257	4246.791940164469
0.0015980161704758785	4280.778193609676
0.001612226403929757	4314.914896178222
0.0016265630007700294	4349.221638027507
0.001641027084673198	4383.8822325214105
0.001655619789307968	4418.702897723921
0.0016703422584241105	4453.739316795353
0.0016851956459420958	4489.087310546403
0.0017001811160435437	4524.677701189364
0.0017152998432624677	4560.594049760524
0.0017305530125773325	4596.773176675308
0.00174594181950393	4633.126324010355
0.0017614674701890865	4669.748108570256
0.0017771311815051902	4706.508505570952
0.0017929341811455724	4743.462081148161
0.001808877707720732	4780.852832894433
0.001824963010855414	4818.483420320576
0.0018411913512865515	4856.346965650041
0.001857564000962088	4894.442720063609
0.001874082243140658	4932.74683050288
0.0018907473724921753	4971.256527462538
0.0019075606951993041	5010.02783325025
0.0019245235290598353	5049.249747610366
0.0019416372035899719	5088.484951217284
0.0019589030601285403	5128.16196368425
0.001976322451942112	5168.138853166013
0.0019938967443310783	5208.18601382356
0.002011627314736655	5248.505713612207
0.0020295155528488474	5289.26970434713
0.002047562860715368	5330.222813162428
0.002065770652851534	5371.241864373954
0.002084140356351123	5412.807515606248
0.0021026734109982357	5454.428079618577
0.0021213712693801375	5496.462569099534
0.0021402353970011146	5538.696082346133
0.002159267272397332	5581.161700586219
0.0021784683872527267	5623.938407406566
0.002197840246515913	5666.920851332606
0.0022173843685181454	5710.11172402175
0.002237102285092319	5753.747130047612
0.002256995541693033	5797.518047092942
0.002277065697517718	5841.6180244022335
0.0022973143256288524	5886.025708225498
0.0023177430130772426	5930.57391002546
0.002338353361026422	5975.397212443274
0.002359146984878145	6020.590363655741
0.0023801255143990003	6066.080029770962
0.002401290593848144	6111.7760396304875
0.0024226438821061866	6157.452112150653
0.002444187052805196	6203.705312318225
0.002465921794459885	6250.379128781925
0.002487849810599951	6296.979561824988
0.0025099728199035956	6344.071585225925
0.002532292556332229	6391.713672036197
0.0025548107692663848	6439.21078191892
0.0025775292236428172	6486.703354068578
0.0026004497000928464	6535.191630884738
0.0026235739950819163	6583.555203686003
0.0026469039210503973	6632.365079623738
0.002670441306555644	6681.115097188865
0.0026941879964153185	6730.33841962275
0.002718145851851974	6779.86144811181
0.00274231675063894	6829.555747801665
0.0027667025872474996	6879.461326321707
0.0027913052729953715	6929.550839684004
0.002816126736196517	6980.111693155376
0.0028411689223122832	7031.119256957767
0.0028664337941038736	7082.069690379836
0.0028919233317861942	7133.611077717776
0.002917639533183056	7185.13435285147
0.0029435844138837623	7236.986596527255
0.002969760007401083	7289.097065333442
0.0029961683653306486	7341.250620086788
0.003022811557511736	7394.086161290295
0.0030496916721895065	7447.344538805873
0.003076810816178679	7500.419462114089
0.003104171115028657	7553.639194694528
0.0031317747131901215	7607.167037005603
0.0031596237741831224	7661.192523688458
0.0031877204807666333	7715.419853830971
0.0032160670351096435	7769.873514176567
0.003244665658963757	7824.721973021546
0.00327351859383733	7879.617342766884
0.003302628101171153	7934.907299573973
0.0033319964625157105	7990.743563658633
0.003361625979709986	8046.6684416716835
0.003391518975061889	8102.465959317917
0.0034216777915302703	8158.62448590139
0.0034521047929085584	8215.084721094094
0.003482802364010026	8271.702405504464
0.0035137729108547203	8328.761063538963
0.0035450188608580234	8386.186733315553
0.003576542663020922	8443.669971624877
0.0036083467881219515	8501.060896204333
0.003640433728910852	8558.962597260435
0.003672806000303942	8617.369185980026
0.0037054661395812447	8675.995974540621
0.003738416706585339	8734.595812623975
0.003771660283922004	8793.340226154676
0.003805199477162641	8852.449923816852
0.0038390369150484885	8911.540679018322
0.003873175249696657	8971.110263958868
0.003907617156808012	9031.18630998434
0.003942365335876867	9090.921440992706
0.003977422510402583	9151.34979363891
0.004012791428103021	9211.781908031257
0.004048474861129913	9272.060084297891
0.004084475606286125	9332.980909339723
0.004120796485244886	9394.20335383637
0.004157440344770922	9455.543697414301
0.004194410056943593	9516.741637990897
0.004231708519382002	9578.453425130967
0.0042693386554720995	9640.126208967667
0.004307303414595815	9702.24598511777
0.0043456057723622364	9764.641163510572
0.00438424873084081	9826.927798356955
0.004423235318796654	9889.384696703282
0.004462568591927941	9952.214258268468
0.004502251633105401	10015.092657773657
0.004542287552613947	10078.57557361522
0.004582679488396467	10141.407610301174
0.004623430606299748	10204.630733301878
0.004664544100322628	10268.374786684031
0.004706023192866327	10332.295849241398
0.004747871134987014	10396.232824936478
0.004790091206650617	10460.150138980713
0.004832686716989919	10524.19888369904
0.004875661004563888	10588.599582007484
0.004919017437619376	10653.11066780799
0.004962759414355102	10717.622602266334
0.005006890363188002	10782.0972211151
0.005051413743021938	10846.816094286985
0.0050963330435188125	10911.819319772916
0.005141651785372064	10976.871040801843
0.005187373520582622	11042.026123419637
0.005233501832737307	11107.52675279297
0.005280040337289705	11172.517416967536
0.005326992681843534	11238.016796131933
0.0053743625464385564	11303.649321860714
0.005422153643838985	11369.21637829412
0.005470369719824501	11434.785099755523
0.00551901455348384	11500.337009946224
0.005568091957510986	11566.009187450754
0.005617605778504001	11631.992289177882
0.005667559897266533	11697.548092487305
0.005717958229111956	11763.71132046443
0.0057688047241702695	11829.803224083236
0.00582010336769769	11895.464699931123
0.005871858180389016	11961.33623342494
0.00592407321869275	12027.465816566626
0.005976752575129064	12093.601218381627
0.006029900378610528	12159.786798181622
0.0060835207947657465	12225.883211539849
0.0061376180262658515	12291.987398494764
0.006192196313153898	12357.581523902782
0.0062472599331771855	12423.515063415869
0.0063028132021225635	12489.711176134222
0.006358860474154658	12555.509197111234
0.006415406142157172	12621.318079726612
0.0064724546380771795	12687.323826367056
0.006530010433272496	12752.849325358955
0.006588078038862133	12818.457187855181
0.006646662006079887	12884.025402659456
0.00670576692663103	12949.587301843207
0.006765397433052218	13014.721469911605
0.006825558199074574	13080.148034104417
0.006886253939990011	13145.475266663667
0.006947489413020799	13210.545107116526
0.00700926941769245	13275.510386388376
0.007071598796209865	13339.970425357767
0.007134482433836875	13404.477210985458
0.007197925259279139	13468.996640069918
0.0072619322450704436	13533.568499491637
0.007326508407962436	13597.65147478829
0.007391658809317852	13661.675059665013
0.007457388555507182	13725.45963646836
0.007523702798308917	13788.903578754942
0.007590606735313341	13852.224400490035
0.007658105610329895	13915.151920448106
0.007726204713798182	13978.067783678584
0.007794909383202643	14040.456857249026
0.007864225003490861	14102.825731239931
0.007934157007495647	14164.845119844604
0.008004710876360855	14226.746435604886
0.008075892139970982	14288.385570698727
0.008147706377384576	14349.477519207467
0.008220159217271553	14410.29806163772
0.008293256338354309	14470.978905660428
0.008367003469852845	14530.685828699248
0.008441406391933798	14590.9744287696
0.008516470936163485	14650.382185587461
0.00859220298596496	14709.609697645192
0.008668608477079178	14768.229164671538
0.008745693398030186	14826.292300111401
0.008823463790594512	14884.284854652273
0.008901925750274715	14941.776876337104
0.008981085426777129	14998.776787331903
0.009060949024493859	15055.883483560869
0.009141522802989107	15112.043865752164
0.009222813077489737	15167.601996960551
0.009304826219380273	15222.702514967263
0.009387568656702285	15277.35359069952
0.009471046874658193	15331.526347590489
0.009555267416119574	15385.213007889617
0.009640236882139963	15438.460404112582
0.009725961932472276	15491.195652299368
0.009812449286090737	15542.982671464917
0.009899705721717524	15594.253012493005
0.009987738078354071	15645.241185219156
0.010076553255817099	15695.618398111525
0.010166158215279395	15745.062187775813
0.010256559979815458	15793.72690150665
0.010347765634951902	15842.129937090156
0.010439782329222836	15890.337047831623
0.010532617274730148	15937.131990041102
0.010626277747708777	15982.964558892096
0.010720771089097	16028.84856099528
0.010816104705111844	16073.597993199024
0.010912286067829506	16117.555935636268
0.01100932271577105	16160.64910398687
0.011107222254493242	16202.886953245861
0.01120599235718467	16244.951726788753
0.011305640765267133	16286.00585760025
0.011406175289002451	16325.819717355158
0.011507603808104555	16364.689733921341
0.011609934272357122	16403.44889014974
0.011713174702236658	16440.876982829188
0.011817333189541125	16477.13675513589
0.011922417898024156	16512.84173981565
0.012028437064034954	16547.72984213805
0.012135398997163777	16581.53669235442
0.012243312080893277	16614.676573422046
0.012352184773255566	16646.406090350916
0.012462025607495143	16677.45845833435
0.012572843192737703	16707.67894632926
0.012684646214664948	16736.830475529714
0.012797443436195294	16764.987628873638
0.01291124369817073	16792.30615306994
0.013026055920049741	16818.513588712645
0.013141889100606393	16843.23596460728
0.013258752318635636	16867.093096449582
0.013376654733664926	16889.546370769127
0.013495605586672062	16910.99139099056
0.013615614200809532	16930.683059170726
0.013736689982135217	16949.160740801923
0.013858842420349633	16966.481971313682
0.013982081089539704	16982.286713466878
0.014106415648929206	16996.84545088671
0.014231855843635767	17010.32772198227
0.014358411505434723	17021.90642083544
0.0144860925535297	17032.57027948352
0.014614908995330064	17042.267192217816
0.014744870927235271	17050.991861760045
0.014875988535426259	17059.136021456885
0.015008272096663736	17066.282995366062
0.015141731979093718	17072.479502639606
0.015276378643060142	17078.574805063112
0.015412222641924735	17083.709501130976
0.015549274622894151	17088.384067915882
0.015687545327854536	17092.629920252093
0.01582704559421337	17096.02426499151
0.015967786355748952	17098.063964813915
0.01610977864346734	17099.007968036327
0.016253033586466948	17098.592033791523
0.016397562412810814	17096.364501804088
0.01654337645040669	17092.661187363334
0.016690487127894806	17087.03364462485
0.016838905975543706	17079.54130128742
0.016988644626153935	17069.728449666145
0.017139714815969806	17057.506078310817
0.01729212838559925	17042.79673644262
0.01744589728094192	17026.013730595547
0.017601033554125404	17007.404847232112
0.017757549364449895	16986.880567499
0.017915456979341212	16964.550593956938
0.0180747687753123	16940.10920808676
0.018235497238933255	16914.412485587873
0.01839765496781007	16887.346654348363
0.018561254671571915	16858.759474750903
0.018726309172867342	16828.71248433009
0.01889283140836932	16797.23571409285
0.01906083442978915	16764.58007163336
0.019230331404899444	16730.79484394935
0.019401335618566252	16695.10159560904
0.019573860473790197	16658.023942920405
0.01974791949275705	16619.586085693692
0.019923526317897566	16578.85763928805
0.020100694712956738	16536.079849396352
0.020279438564072563	16491.485053082906
0.020459771880864498	16444.63639764567
0.020641708797531366	16395.25719096356
0.020825263573959283	16343.791535578712
0.021010450596839272	16290.41097496776
0.021197284380794885	16234.858605254352
0.0213857795695198	16177.128580056982
0.02157595093692565	16117.404903192533
0.021767813388299865	16055.933656204554
0.021961381961473996	15992.727258849869
0.02215667182800232	15928.00665471691
0.022353698294350983	15862.113789763403
0.02255247680309765	15794.982772612644
0.02275302293414197	15726.583680021324
0.02295535240592655	15657.461416890676
0.023159481076669056	15587.33077247898
0.023365424945605087	15516.174078662407
0.023573200154242212	15443.825756686729
0.02378282298762505	15370.288842812706
0.023994309875611783	15295.938339709315
0.02420767739416174	15220.867964669602
0.024422942266634697	15144.501456169017
0.024640121365101592	15067.076650744635
0.024859231711666933	14988.87139441155
0.025080290479802935	14909.623739825143
0.02530331499569563	14829.071600836804
0.02552832273960274	14747.691841784228
0.025755331347223825	14665.368608821438
0.02598435861108252	14581.869090204575
0.02621542248192109	14497.52877495908
0.026448541070107325	14411.989295823867
0.026683732647054127	14324.793131000608
0.026921015646651433	14237.052008272702
0.027160408666711117	14148.267702903913
0.027401930470424638	14058.150392689342
0.027645599987833665	13966.768383849128
0.02789143631731375	13874.282227599533
0.028139458727071333	13780.687153920491
0.028389686656653784	13685.940286148572
0.02864213971847316	13590.310106195564
0.028896837699343342	13493.77952336307
0.02915380056203091	13396.003300842567
0.029413048446819745	13297.476675434427
0.02967460167308971	13198.527197318268
0.02993848074090908	13098.579889970237
0.030204706332641402	12998.05093282369
0.030473299314566493	12897.4790648412
0.030744280738516035	12795.675416564454
0.03101767184352328	12693.72909841922
0.03129349405748814	12591.245654397499
0.03157176899885621	12488.717680080996
0.03185251847831362	12385.742149988047
0.03213576450049628	12282.501188555245
0.03242152926571444	12179.365622016974
0.032709835171693104	12076.591183224678
0.03300070481532704	11973.95870830515
0.03329416099445239	11870.84932640761
0.03359022670963301	11768.686701013652
0.033888925165963646	11666.715363973934
0.03419027977488853	11564.570536734664
0.03449431415603616	11463.282359102906
0.03480105213907095	11362.707775985373
0.03511051776556049	11262.367086377471
0.03542273529086033	11162.785592612265
0.03573772918601486	11064.213848093648
0.0360555241396751	10965.27098156346
0.036376145060034254	10867.988756760951
0.03669961707677939	10770.746395520975
0.03702596554306164	10674.86135394046
0.03735521603748275	10579.631706554586
0.037687394366100385	10485.043700072038
0.03802252656445057	10391.517880939982
0.038360638899588066	10298.998473927148
0.03870175787214565	10207.42445590681
0.039045910218410605	10116.624914700456
0.03939312291242077	10027.039944723383
0.03974342316807849	9938.217465395885
0.040096838441283415	9850.460298418579
0.040453396432084884	9763.940624173822
0.04081312508685248	9678.599272803123
0.041176052600466986	9594.428153430568
0.041542207418529625	9511.473845504051
0.04191161823959215	9429.590138212441
0.04228431401740592	9348.623742656127
0.04266032396319104	9269.03514185427
0.0430396775479264	9191.33790163757
0.04342240450465894	9114.880287621287
0.043808534830834626	9039.597502088842
0.04419809879064938	8966.07130977457
0.04459112691742084	8894.37620395035
0.04498765001598213	8823.980571162909
0.04538769916509558	8755.011908274008
0.04579130571988933	8688.060370525705
0.0461985013143142	8623.116817385653
0.04660931786362368	8559.605164632138
0.04702378756687515	8497.528496747966
0.047441942909453326	8436.822807194141
0.047863816665617016	8377.79447148503
0.04828944190106719	8320.505351081281
0.04871885197553925	8264.180144536569
0.04915208054541739	8208.742599738589
0.049589161566372365	8154.784036443704
0.05003012929602335	8102.341975739348
0.050475018296622404	8050.377851605823
0.05092386343776404	7999.594884087281
0.05137669989911754	7950.158426361689
0.05183356317318493	7901.646092992893
0.052294489068082504	7854.004536301639
0.05275951371034715	7807.342204617742
0.053228673547768536	7761.695338902912
0.05370200535224505	7716.469504343233
0.054179546222666596	7672.257814720926
0.054661333587822034	7628.555454321177
0.05514740520933253	7585.355629517425
0.05563779918461186	7542.690313268688
0.0561325539498517	7500.482907186282
0.056631708283034925	7458.621798802709
0.05713530130697418	7416.757467987583
0.057643372492378976	7374.917107129153
0.05815596166094898	7333.100205323287
0.058673108988494926	7291.266243791
0.05919485500808818	7249.082103011083
0.059721240613236866	7206.682685344361
0.06025230706109173	7164.339826243359
0.060788095975679496	7121.681419824838
0.06132864935116495	7078.11237121814
0.061874009555143154	7034.025595038908
0.06242421933195922	6989.528128469328
0.06297932180605945	6944.03347339335
0.06353936048537046	6898.022414293734
0.06410437926471002	6850.841504780728
0.06467442242922714	6802.468469106157
0.06524953465787266	6752.906185456662
0.065829761026902	6701.829472718149
0.06641514701340714	6649.328888786055
0.06700573849888193	6595.394399646715
0.06760158177281776	6540.024369380391
0.06820272353633135	6483.067647225929
0.06880921090582591	6425.474179063307
0.06942109141668311	6367.113423524035
0.07003841302698972	6307.675168029232
0.07066122412129562	6247.684935792583
0.07128957351440678	6187.416293772299
0.07192351045521105	6125.860981409255
0.07256308463053779	6062.998316565042
0.07320834616905308	5998.5407272103475
0.07385934564518773	5932.095826236463
0.07451613408310206	5863.39080331776
0.0751787629606848	5792.405163922229
0.07584728421358732	5719.290863429517
0.07652175023929522	5644.388143213004
0.07720221390123416	5568.135204653486
0.07788872853291415	5490.799099123911
0.0785813479421087	5412.587034138786
0.07928012641507319	5333.848901859294
0.07998511872079925	5254.760968872203
0.080696380115307	5175.341645909237
0.08141396634597703	5095.658104633472
0.08213793365591851	5015.896393409964
0.08286833878837851	4936.159838778735
0.08360523899118898	4856.429476283562
0.08434869202125322	4776.899770915166
0.08509875614907396	4697.834275289745
0.08585549016331911	4619.430650301035
0.08661895337543088	4541.856246232257
0.08738920562427314	4465.281748544729
0.0881663072808227	4389.8220992856195
0.08895031925290049	4315.62054802587
0.08974130298994502	4242.873474418658
0.09053932048782974	4171.737558153749
0.0913444342937209	4102.337544522011
0.09215670751098116	4034.851262008546
0.09297620380411424	3969.376083090437
0.09380298740375595	3905.962946560885
0.094637123111708	3844.797163328686
0.09547867630601653	3785.9418426266625
0.0963277129460975	3729.40544757129
0.09718429957790516	3675.3307133650155
0.09804850333914888	3623.8527825096485
0.09892039196455492	3574.8603648245094
0.09980003379117469	3528.359093381714
0.10068749776374222	3484.3001169968297
0.10158285344007648	3442.8522659105984
0.10248617099653454	3403.656494174191
0.10339752123351056	3366.791083456094
0.10431697558098618	3332.2735376368123
0.10524460610412854	3299.6247856551577
0.10618048550893808	3269.1390243761116
0.1071246871479484	3240.209199198578
0.10807728502597397	3213.2602796263664
0.10903835380591187	3187.8057464447334
0.11000796881459313	3163.6470117831923
0.11098620604868611	3140.5773255642216
0.11197314218065439	3118.3714736505663
0.11296885456476465	3096.856952720364
0.11397342124315103	3075.896241505742
0.11498692095193054	3055.3858298228774
0.11600943312737544	3034.6283532269003
0.11704103791213888	3013.927047474145
0.11808181616153561	2992.850345780036
0.11913184944988078	2971.1392939512752
0.12019122007688188	2948.5742707848567
0.12126001107409073	2925.1008266643703
0.12233830621141074	2900.641930262202
0.12342619000366194	2874.7774042698843
0.12452374771720665	2847.4379746489635
0.1256310653766307	2818.522996354599
0.12674822977148784	2787.906297546123
0.1278753284631	2755.7943693756883
0.1290124497914222	2722.035591475241
0.1301596828819654	2686.522664898333
0.1313171176527816	2649.4643155004433
0.1324848448215129	2611.038177456293
0.1336629559125	2571.1228166793876
0.13485154326395732	2529.8112204073623
0.1360507000352096	2487.634754947331
0.13726052021399288	2444.456194989773
0.13848109862382274	2400.408003608974
0.13971253093142438	2355.869124443617
0.14095491365423296	2311.051102636544
0.14220834416795627	2265.9826259238034
0.1434729207142087	2220.921770085299
0.14474874240821056	2176.4313632763037
0.14603590924655566	2132.597239582087
0.14733452211505071	2089.5207232718744
0.14864468279662052	2047.4165566495578
0.14996649397928738	2006.6512266646928
0.1513000592642187	1967.3640359174008
0.1526454831738464	1929.7705401120857
0.15400287116006103	1894.202867868376
0.15537232961247463	1860.7092577192232
0.15675396586676169	1829.1927666701436
0.1581478882130696	1799.676388904477
0.1595542059045083	1772.3921685722873
0.1609730291657124	1747.2665144684913
0.16240446920147958	1724.2073654319984
0.16384863820548862	1702.9521277929427
0.16530564936909056	1683.2707560140957
0.16677561689018267	1665.1196339577734
0.16825865598215792	1648.3690097059284
0.16975488288293453	1632.6870523838497
0.17126441486406846	1617.8071212261723
0.17278737023994262	1603.6602774633309
0.17432386837704242	1589.9903461644979
0.17587402970330923	1576.571249704262
0.17743797571758133	1563.1404785018246
0.1790158289991159	1549.4644343644409
0.18060771321719563	1535.3754167325958
0.18221375314082383	1520.6019280910484
0.18383407464850116	1504.9874765448055
0.18546880473809388	1488.3395882647933
0.18711807153678686	1470.5681295432867
0.1887820043111249	1451.4757365307348
0.19046073347714676	1431.1305236165476
0.19215439061060427	1409.5929752729505
0.19386310845727758	1386.9106653609838
0.19558702094337702	1363.2893477889522
0.1973262631860422	1338.7625717928327
0.19908097150393136	1313.6831862572485
0.2008512834279046	1288.2991674793736
0.20263733771180584	1262.6672573661249
0.20443927434333528	1237.062043307547
0.2062572345550238	1211.823394710633
0.2080913608353015	1187.0596682580306
0.20994179693966455	1162.8952482641234
0.21180868790194515	1139.703854789944
0.2136921800456759	1117.418226486447
0.21559242099556147	1096.3417794208353
0.2175095596890461	1076.4676757222226
0.21944374638798975	1057.9381288006591
0.2213951326904442	1040.7778567033467
0.2233638715425338	1024.9224665888905
0.22535011725044587	1010.3061533506493
0.2273540254925219	996.8191273524612
0.22937575333146193	984.2804134715534
0.2314154592266338	972.6512012919334
0.2334733030464916	961.5862700219641
0.23554944608110875	950.9824439951904
0.23764405105481637	940.5521905684518
0.23975728213896055	930.1221476509509
0.24188930496476654	919.5533467438505
0.24404028663632357	908.6728150261622
0.24621039574368087	897.3180642205157
0.24839980237606007	885.3222613121482
0.2506086781351898	872.6955360746364
0.2528371961487516	859.3664412917993
0.2550855310839528	845.4772621622236
0.2573538591612153	831.04235988349
0.2596423581679857	816.188027971705
0.26195120747267336	801.0295566616303
0.2642805880387056	785.6693444108383
0.2666306824387142	770.3542114317722
0.26900167486884236	755.2615648603868
0.2713937511631841	740.4746975851099
0.27380709880834875	726.1486796718913
0.2762419069581541	712.3304990701985
0.27869836644845536	699.2243959528482
0.2811766698120986	686.8901737221872
0.28367701129401474	675.2804705599627
0.2861995868664424	664.4010079390292
0.2887445942442865	654.22799127689
0.29131223290061825	644.6725865838322
0.2939027040823055	635.6123477039916
0.2965162108257901	626.9317585896883
0.29915295797299746	618.456711997505
0.3018131521873953	610.0892314020563
0.3044970019701901	601.7226733553488
0.30720471767666724	593.237365041732
0.30993651153268226	584.5586503447024
0.31269259765129026	575.6293011797602
0.31547319204953145	566.4317912412898
0.31827851266536067	556.9664410199865
0.32110877937472737	547.3002331998897
0.3239642140088127	537.4755481615305
0.3268450403714121	527.5678618657055
0.32975148425648076	517.6891299155836
0.3326837734658269	507.94823922389406
0.33564213782696994	498.4395265922935
0.3386268092111526	489.2598931045006
0.3416380215515127	480.44872110152653
0.34467601086142247	471.98726288796735
0.34774101525298207	463.93194613560405
0.3508332749556868	456.2375379941523
0.35395303233525377	448.87754240300836
0.3571005319126165	441.82860268190785
0.3602760203830941	435.01816158651985
0.363479746635722	428.35563250283326
0.36671196177276444	421.7437883220436
0.3699729191293902	415.1557281874795
0.37326287429353305	408.5083239058057
0.37658208512592267	401.81593647468657
0.37993081178029287	395.0396866413351
0.38330931672377677	388.1921453831842
0.3867178647574734	381.3279927458471
0.39015672303720655	374.46882989375615
0.3936261610944625	367.64083968406806
0.3971264508575129	360.91729099404836
0.400657866672733	354.3642964603945
0.40422068532609895	347.9820430233612
0.4078151860648872	341.81581071424426
0.411441650619556	335.8575722300872
0.4151003632258316	330.0936127602214
0.4187916106469843	324.51890453930207
0.422515682196302	319.10222806465936
0.42627286975977124	313.8068575993686
0.43006346781894894	308.5863366949986
0.4338877734740483	303.4297133399252
0.437746086467223	298.2763918691467
0.44163870920605786	293.14786747767715
0.4455659467872767	288.03566673519055
0.44952810702064866	282.9339737964087
0.4535255004531205	277.86808104898313
0.4575584403931501	272.8535666934256
0.4616272429352684	267.91740005911544
0.46573222698485256	263.0838966043985
0.4698737142831181	258.3684102870569
0.47405202943234237	253.775363641885
0.47826749992129974	249.29405628619543
0.4825204561509353	244.9241012554332
0.4868112314602587	240.65997177383048
0.49114016215246786	236.47745486996018
0.49550758752131413	232.35806967615486
0.49991384987768844	228.30114407217042
0.5043592945764578	224.2755186709884
0.5088442700435271	220.28415798608228
0.5133691278031534	216.34026373151931
0.517934222505496	212.44599101792687
0.5225399119544105	208.6014541187665
0.5271865571354982	204.82095646920857
0.5318745222443932	201.11700302572785
0.5366041747153137	197.47969527248276
0.5413758852498576	193.93355746346347
0.5461900278460547	190.45337705390398
0.5510469798276872	187.04406522797794
0.5559471218738552	183.70378246080315
0.560890838048822	180.4188496603812
0.5658785158321081	177.17781624005244
0.5709105461488683	173.9778875453124
0.5759873234005287	170.82252274002843
0.5811092454956961	167.71973660764507
0.5862767138813525	164.65852580728225
0.5914901335743115	161.64442735777942
0.5967499131929701	158.69237633634228
0.6020564649893323	155.79656545412578
0.6074102048813176	152.95697274597856
0.6128115524853672	150.17149947586284
0.6182609311493245	147.43182122712486
0.6237587679856242	144.7388259619432
0.6293054939047611	142.09269037617253
0.6349015436490706	139.4978070075476
0.6405473558268004	136.9397499496443
0.6462433729464845	134.43336013305313
0.6519900414516333	131.96852598457622
0.657787811755717	129.53987010829897
0.6636371382774755	127.15394102451889
0.6695384794765319	124.81070263554683
0.6754922978893219	122.50508503822411
0.6814990601653547	120.24025157162508
0.6875592371037793	118.02309744673686
0.6936733036902937	115.8359312228579
0.6998417391343641	113.68306078278775
0.7060650269067932	111.57287642179793
0.7123436547776099	109.50025871251616
0.7186781148542957	107.46157337059907
0.7250689036203646	105.46095932015062
0.7315165219742663	103.48918398089138
0.7380214752686544	101.55790778963883
0.7445842733499912	99.66054648224701
0.7512054305985051	97.79412267703076
0.7578854659685152	95.96394797725132
0.7646249030290962	94.16520689863619
0.771424270005125	92.39582742426519
0.7782840998186713	90.6597785227654
0.7852049301307765	88.95393646883866
0.792187303383591	87.27526156923994
0.7992317668428849	85.6301683407376
0.806338872640952	84.01403388887682
0.8135091778198738	82.42937489103416
0.8207432443751886	80.86787367059668
0.8280416392999365	79.3347511551997
0.8354049346290939	77.83381049442069
0.8428337074844195	76.35769798325705
0.8503285401196761	74.90746209203016
0.857890019966278	73.48452167843072
0.8655187396793218	72.08817176185916
0.8732152971840471	70.7163037585389
0.8809802957226971	69.36943634096255
0.8888143439017947	68.04753092994652
0.8967180557398547	66.74892546701031
0.9046920507154972	65.47379665533951
0.9127369538160134	64.2234927089721
0.9208533955863389	62.9954977073943
0.9290420121784854	61.789401554561756
0.9373034454013964	60.60520559155227
0.9456383427712464	59.44351957325055
0.9540473575622029	58.30286897918071
0.9625311488576165	57.183508529159745
0.9710903816016894	56.08545374252457
0.9797257266515883	55.00709103354453
0.9884378608300193	53.94769761983136
0.9972274669782883	52.90868614657048
1.006095234009807	51.888101660205834
1.0150418569641029	50.88474650176827
1.02406803706128	49.89907232145533
1.0331744817569934	48.93950201372985
1.0423619047978916	47.99598375524115
1.0516310262775541	47.06241868973866
1.0609825726929432	46.1498442119154
1.0704172770013305	45.260033406197685
1.0799358786777595	44.37770088130952
1.0895391237729963	43.51914902527207
1.0992277649720001	42.66929354735911
1.1090025616529293	41.83937922084723
1.118864279946645	41.026781601516134
1.1288136927967756	40.22788196527573
1.1388515800202812	39.44337662079589
1.1489787283685895	38.672662900026154
1.1591959315892537	37.916718952587246
1.1695039904881586	37.17960223963093
1.1799037129923005	36.4487450316724
1.1903959142130953	35.73551829191121
1.2009814165102792	35.03619597562765
1.2116610495563578	34.348811532070705
1.2224356504016285	33.6764490237558
1.2333060635398005	33.016576446370415
1.2442731409741694	32.36456628561097
1.2553377422844114	31.72869542199081
1.2665007346939388	31.104153367727584
1.2777629931378869	30.494145667084574
1.289125400331683	29.891276426323916
1.3005888468402254	29.300128227849928
1.3121542311476997	28.724406159968257
1.3238224597279826	28.1584774603938
1.3355944471157062	27.599539595819092
1.3474711159779293	27.053592221284756
1.3594533971864482	26.51678148972517
1.3715422298907733	25.993123334726086
1.3837385615917193	25.47828065489535
1.396043348215686	24.971153376468497
1.408457554189565	24.475078797816597
1.4209821525163453	23.988860311266322
1.4336181248513693	23.51187434026979
1.446366461579264	23.045188399883617
1.4592281618915848	22.586100772137087
1.4722042338651093	22.137490574620276
1.4852956945408669	21.69635365444315
1.4985035700038434	21.261960208908075
1.5118288954633983	20.837232068272336
1.525272715334419	20.42221439580073
1.53883608331916	20.014647418556667
1.552520062489851	19.613079335009527
1.5663257253719973	19.21869405714214
1.5802541540284614	18.833848828408236
1.594306440144265	18.45695775037524
1.6084836851121447	18.08823574442039
1.622787000118897	17.723322324533008
1.6372175062324485	17.367027591581245
1.6517763344897427	17.01850434859891
1.6664646259853808	16.676253251569072
1.6812835319610495	16.341111236275314
1.6962342138957731	16.01229613788391
1.7113178435969258	15.689497135320675
1.7265356032920989	15.373206592592297
1.7418886857217373	15.063407961542731
1.757378294232646	14.759208328468972
1.7730056428722971	14.46065894276496
1.788771956483976	14.167835678686695
1.804678470802802	13.88101547806668
1.8207264325525614	13.600714172473863
1.8369170995434414	13.32627863735207
1.8532517407706093	13.055371140317176
1.8697316365136616	12.790255750075948
1.8863580784369944	12.530151003081748
1.9031323696910145	12.275557965186719
1.9200558250143054	12.026745021144505
1.9371297708366462	11.782844579321981
1.9543555453829993	11.543035932838839
1.9717344987783874	11.307879088362162
1.989267993153704	11.078275935443292
2.006957402752499	10.852833179312034
2.02480411403866	10.630487685709545
2.042809525805107	10.413987416637637
2.0609750492834182	10.201633470588597
2.0793021082544243	9.993141101035484
2.0977921391598318	9.788939468548886
2.116446591214777	9.589011433333079
2.135266926521443	9.393228641967513
2.1542546201836266	9.2010923982699
2.1734111604223814	9.012341910918721
2.19273804869265	8.828024268698464
2.2122367998009334	8.64664006202161
2.231908942024046	8.468977099304047
2.2517560172288684	8.295549582421733
2.2717795809932237	8.125397920597038
2.291981202727788	7.958153289010911
2.312362465799088	7.794695574458663
2.3329249676536272	7.6342440449131415
2.3536703199430624	7.4775208878714015
2.3746001486505524	7.3231183400663395
2.395716094218166	7.1724916178715485
2.4170198116754884	7.024639113685836
2.4385129707693247	6.879509186338501
2.46019725609456	6.737685507032172
2.4820743672262253	6.5988280922041165
2.5041460188526696	6.462537890202016
2.5264139409099893	6.328699814926092
2.5488798787176	6.197819410266085
2.571545593115021	6.069839428894051
2.5944128605999164	5.944230477217797
2.6174834734672987	5.820788504332275
2.640759239950041	5.700127859363808
2.664241984360567	5.582257044223133
2.68793354723387	5.466334345338939
2.711835785471756	5.352584825557731
2.73595057248837	5.24172595267631
2.760279798357066	5.132791057811144
2.7848253699585057	5.026120066789722
2.8095892111301537	4.921753319931123
2.8345732628170475	4.819292519612931
2.8597794832239116	4.718739307119727
2.8852098479686723	4.62047196289086
2.9108663502372636	4.524413674538975
2.9367510009398887	4.430029839867076
2.9628658288685914	4.337599319793235
2.9892128808563068	4.2471162289127316
3.015794221937269	4.158450174457423
3.042611935508853	4.07157777835635
3.0696681234949024	3.986457910376776
3.096964906510432	3.903044855661604
3.1245044240278745	3.8214257794415936
3.152288834544756	3.7416077159776453
3.1803203157528537	3.66311349269031
3.208601064708921	3.5864479255577693
3.2371332980068446	3.5113789748462763
3.2659192519514195	3.4377639131056057
3.294961182733585	3.3655633144929906
3.3242613666072955	3.2949298186600533
3.353822100067919	3.2258019737293777
3.3836457000322073	3.1579764800645957
3.4137345040199394	3.0916002924368065
3.4440908703370785	3.026623243375723
3.4747171782606596	2.9628575184959103
3.5056158282252508	2.9005545932534296
3.5367892420110776	2.8394665487041117
3.568239862933882	2.7796817965822544
3.599970156036373	2.7211887512782376
3.631982608281486	2.6638420729454193
3.6642797287472515	2.6076332437372054
3.6968640488235005	2.552534624721308
3.7297381224102484	2.4987438637765482
3.7629045261178473	2.445970968033223
3.796365859468981	2.3943407982820455
3.830124745102358	2.3437579489102305
3.8641838289783164	2.29418586715806
3.8985457805861885	2.2456592777710846
3.9332132931535106	2.1981551732224434
3.9681890838571623	2.1515982312881476
4.003475894036276	2.105975743862343
4.039076489407156	2.0613923099858447
4.074993660279995	2.017714610270023
4.111230221777619	1.9748895145417042
4.147789014056116	1.9329895710718117
4.184672902527414	1.8919882098888243
4.221884778083925	1.8518339353349615
4.25942755732506	1.8125107786809844
4.297304182785892	1.7739597845187045
4.335517623167747	1.736191581823658
4.37407087357088	1.6992915919312181
4.4129669557292655	1.6630989771235707
4.452208918247381	1.6277425659377196
4.4917998368392125	1.5930899726461767
4.531742814569259	1.5591333997046217
4.5720409820958	1.5259425770890571
4.61269749791625	1.4934306516385005
4.653715548614688	1.4615482199858238
4.695098349111677	1.430379682506062
4.736849142916173	1.3998352294554761
4.778971202379808	1.3699062208469153
4.821467828953345	1.3406634960952326
4.86434235344541	1.312036320736682
4.907598136283621	1.2839822619103305
4.951238567777899	1.2565187523360728
4.9952670683862666	1.2296110801733355
5.039687088982863	1.2032563665279967
5.084502111128483	1.1775768012693235
5.1297156473434296	1.152315031770835
5.1753312413827866	1.1276176416891113
5.22135246851424	1.1034499486136284
5.267782935798229	1.0797822555885084
5.314626282370717	1.0566283305111608
5.361886179728403	1.0339516186758666
5.409566332016454	1.0117175394935127
5.457670476318892	0.9900279808315158
5.5062023829514315	0.9687633697243068
5.55516585575706	0.9479479315014523
5.6045647324041	0.9275854173111718
5.654402884687071	0.9076353869301076
5.7046842188301214	0.8881004799320023
5.755412675793159	0.8689962750044279
5.806592231580811	0.8502935889722593
5.858226897553972	0.8319620656559416
5.91032072074428	0.8140330528801951
5.962877784171284	0.7965111360285537
6.0159022071624335	0.7793344038494161
6.069398145676017	0.7625202072023058
6.123369792626811	0.7460597195304874
6.177821378214803	0.7299593741956653
6.232757170256658	0.7142054901178702
6.288181474520298	0.6987616088163671
6.344098635062351	0.6836661383402434
6.400513034568591	0.6689142384779085
6.457429094697529	0.6544380949792659
6.5148512764268816	0.6402901533027606
6.572784080403292	0.6264345547152221
6.631232047295055	0.6128797797557018
6.690199758147963	0.5996206758407158
6.749691834744448	0.5866251864877544
6.809712939965732	0.5739053717584927
6.87026777815739	0.5614802556028188
6.931361095497972	0.5492981897337432
6.992997680371087	0.5373958163446524
7.055182363740668	0.5257395544488702
7.1179200195295795	0.5143190835737502
7.181215565001713	0.503152435001302
7.245073961147292	0.4922361612308718
7.309500213071795	0.4815459090859075
7.374499370388208	0.4710781188392483
7.440076527612767	0.46083385549283734
7.506236824564346	0.45081906599855637
7.572985446767201	0.44100488226050777
7.64032762585751	0.4314062019630208
7.708268639993311	0.4220245821796639
7.776813814268291	0.41283807851435006
7.845968521129111	0.40384315084897743
7.915738180796454	0.3950503222895623
7.986128261689948	0.3864407526146041
8.057144280856653	0.37801829790029373
8.12879180440358	0.369775292518154
8.201076447933916	0.3617035522962053
8.274003876987107	0.35380997206687115
8.34757980748303	0.34609214011596373
8.421810006169867	0.33853572109488045
8.496700291076218	0.33113974002863544
8.572256531966985	0.3239108672760023
8.64848465080354	0.316828041312388
8.725390622207833	0.3099003244054999
8.802980473930623	0.3031278721722364
8.88126028732403	0.2964964384845608
8.960236197818062	0.29000967845051107
9.039914395401622	0.2836644825393825
9.120301125107533	0.27745279152562663
9.201402687502137	0.27137406212885185
9.283225439179065	0.26543097984998293
9.36577579325741	0.2596170306476175
9.449060219884489	0.25392458908046267
9.53308524674283	0.24836021881107723
9.617857459561918	0.24291199040532405
9.70338350263432	0.23758069268428425
9.7896700793364	0.23237026038165817
9.876723952653844	0.22726885345252362
9.964551945711582	0.22227134452272854
10.053160942308724	0.2173963793277663
10.142557887457947	0.2126226165269227
10.232749787929967	0.20795168972536404
10.323743712802656	0.20337473395132
10.415546794015052	0.19890648503481212
10.508166226926477	0.19453409239708197
10.601609270880346	0.190245957972171
10.69588324977327	0.18604605036711386
10.790995552629042	0.18194978521086835
10.886953634177706	0.17796878899992236
10.983765015439987	0.17403624703908496
11.08143728431662	0.1701899026774038
11.179978096183232	0.16644580955711002
11.279395174490196	0.16278591281569962
11.379696311368122	0.15920453473295237
11.480889368238527	0.15568437973756072
11.58298227642995	0.15223795650230812
11.685983037799723	0.14889934610379904
11.78989972536098	0.1456010004399637
11.894740483915562	0.14237480747283912
12.000513530692317	0.13923699335296708
12.107227155991092	0.13616573375006863
12.214889723832664	0.13315666879846386
12.323509672614117	0.13020387775767142
12.433095515770413	0.12731937905568286
12.543655842441472	0.12451615188957854
12.655199318145538	0.12177138642354057
12.767734685458295	0.11907275077424298
12.881270764698028	0.11642946272282703
12.995816454617103	0.11385202647286374
13.111380733099248	0.11133220616781779
13.227972657863388	0.10886887559270234
13.345601367173508	0.10645065852753381
13.464276080554813	0.10408082216772938
13.58400609951651	0.10177903140482425
13.704800808280647	0.099533134454628
13.826669674517836	0.09731360902842918
13.949622250089101	0.09515263032872015
14.073668171794719	0.093048870083911
14.198817162129457	0.0909886985924659
14.32507903004453	0.08896686660974286
14.452463671716579	0.08698257808735814
14.580981071323123	0.08504704491367994
14.710641301825271	0.08316594976960799
14.841454525757149	0.08130895969404545
14.973430996022342	0.07950007292448559
15.106581056697683	0.07773652155922813
15.240915143843786	0.07600676245974007
15.376443786323229	0.07431735439312216
15.51317760662556	0.07266398422623219
15.651127321700068	0.07104617790401489
15.790303743795675	0.06946557003245905
15.930717781308289	0.06791465988159007
16.07238043963599	0.06640255553396389
16.21530282204138	0.06491767976209513
16.359496130522047	0.06347770090487904
16.504971666688448	0.062058666285590786
16.651740832649658	0.06067399169172866
16.79981513190721	0.05932300057834674
16.949206170256517	0.05799914782213947
17.099925656696733	0.05670515013218141
17.251985404348247	0.05543657012930322
17.405397331378786	0.05420406470117519
17.56017346193745	0.05298641760408866
17.716325927097046	0.051803162793026936
17.87386696580512	0.05064901925090611
18.032808925842982	0.049517063080352225
18.193164264793698	0.04840819947219401
18.354945551018425	0.0473251569287851
18.51816546464139	0.04626726120817429
18.682836798543953	0.04523364117397189
18.848972459367044	0.044223418185869535
19.016585468523008	0.04323048887716475
19.18568896321596	0.042264500324904454
19.356296197471657	0.041317459268769424
19.52842054317625	0.040389181134319475
19.70207549112423	0.039485271438595974
19.877274652076064	0.038603033818182704
20.0540317578247	0.037735907913612116
20.23236066227207	0.03688899066113928
20.412275342514867	0.03606014744159865
20.593789899939885	0.03525342885427609
20.776918561329556	0.03446204636029376
20.96167567997671	0.03368913656039999
21.148075736809854	0.03293268069203716
21.336133341527862	0.03219196538289318
21.52586323374533	0.03146980000111483
21.717280284147716	0.030763522155863778
21.91039949565677	0.030071837417170257
22.105236004606695	0.0293957258668012
22.301805081930215	0.028736484717171162
22.50012213435573	0.028089044388670662
22.700202705614775	0.02745636531180878
22.90206247766017	0.026838503297686563
23.105717271895436	0.026234484267767245
23.31118305041452	0.025645175808626967
23.518475917253202	0.025067854011451184
23.72761211965097	0.024503597710661604
23.938608049324746	0.02394959434215394
24.151480243753497	0.02340960281444171
24.366245387474308	0.022883505229396778
24.58292031339037	0.022368822579723013
24.801522004089975	0.021864278090918114
25.02206759317787	0.021371033630689814
25.244574366618046	0.020889685166150244
25.469059764088446	0.02041788368311142
25.695541380348146	0.019956627571773407
25.924036966616068	0.019506048331258286
26.15456443196263	0.019065047876774696
26.387141844713074	0.018635085497835605
26.62178743386395	0.01821444288077855
26.858519590511722	0.017802180373914536
27.097356869294103	0.017399859950243644
27.33831798984465	0.017007597300365756
27.581421838259608	0.01662367026923561
27.826687468578488	0.016247823107738202
28.074134104277363	0.015880587448946614
28.3237811397754	0.015519817054550385
28.575648141955327	0.015168462998708422
28.829754851696634	0.014826301232171612
29.08612118542324	0.014490926654739503
29.344767236664097	0.014162235444978627
29.605713277628436	0.013841198871812658
29.868979760794527	0.013527763392227093
30.134587320512537	0.013221855466636099
30.402556774622184	0.012921748182831101
30.67290912608398	0.01262789643164676
30.94566556462578	0.012342206489373715
31.22084746840343	0.012062425778031158
31.498476405676186	0.011788076080041093
31.77857413649758	0.01152154654314942
32.06116261442048	0.01125976007848003
32.34626398821825	0.011004099747118778
32.633900603620226	0.010753932211570692
32.92409500506359	0.010509971053658303
33.21686993746014	0.010271448765691355
33.51224834797886	0.010037973876987854
