# Contributions to xi_real.
# Order is r [Mpc/h], xi_L, dark matter, b1, b2, b1^2, b1.b2, b2^2
  5.0000e-01  6.8251e+00 -2.0408e+00 -3.8875e-01  3.1962e+00  1.1276e+01  1.1850e+01  1.2085e+01
  1.5000e+00  2.4538e+00  6.4252e-01  4.3431e+00  1.7847e+00  5.5062e+00  4.2959e+00  2.8365e+00
  2.5000e+00  1.4272e+00  1.1593e+00  3.6160e+00  8.8161e-01  2.8638e+00  1.6906e+00  9.9433e-01
  3.5000e+00  9.6365e-01  1.0198e+00  2.5444e+00  4.3139e-01  1.6389e+00  7.1236e-01  4.5142e-01
  4.5000e+00  7.0315e-01  7.8295e-01  1.7674e+00  2.1350e-01  1.0271e+00  3.2566e-01  2.4043e-01
  5.5000e+00  5.3825e-01  5.8828e-01  1.2648e+00  1.0661e-01  6.9585e-01  1.6022e-01  1.4214e-01
  6.5000e+00  4.2591e-01  4.4966e-01  9.4278e-01  5.3210e-02  5.0244e-01  8.2868e-02  9.0219e-02
  7.5000e+00  3.4531e-01  3.5355e-01  7.3055e-01  2.6119e-02  3.8140e-01  4.3622e-02  6.0227e-02
  8.5000e+00  2.8525e-01  2.8566e-01  5.8452e-01  1.2145e-02  3.0075e-01  2.2424e-02  4.1736e-02
  9.5000e+00  2.3918e-01  2.3605e-01  4.7944e-01  4.7783e-03  2.4397e-01  1.0508e-02  2.9769e-02
  1.0500e+01  2.0298e-01  1.9850e-01  4.0079e-01  8.0715e-04  2.0216e-01  3.6727e-03  2.1731e-02
  1.1500e+01  1.7399e-01  1.6922e-01  3.4002e-01 -1.3556e-03  1.7026e-01 -2.6045e-04  1.6168e-02
  1.2500e+01  1.5042e-01  1.4585e-01  2.9189e-01 -2.5088e-03  1.4527e-01 -2.4876e-03  1.2224e-02
  1.3500e+01  1.3099e-01  1.2684e-01  2.5299e-01 -3.0743e-03  1.2528e-01 -3.6921e-03  9.3695e-03
  1.4500e+01  1.1482e-01  1.1113e-01  2.2106e-01 -3.2904e-03  1.0901e-01 -4.2760e-03  7.2677e-03
  1.5500e+01  1.0122e-01  9.7994e-02  1.9450e-01 -3.2990e-03  9.5576e-02 -4.4821e-03  5.6965e-03
  1.6500e+01  8.9686e-02  8.6892e-02  1.7215e-01 -3.1875e-03  8.4353e-02 -4.4601e-03  4.5063e-03
  1.7500e+01  7.9822e-02  7.7423e-02  1.5316e-01 -3.0100e-03  7.4874e-02 -4.3036e-03  3.5944e-03
  1.8500e+01  7.1330e-02  6.9283e-02  1.3689e-01 -2.8001e-03  6.6795e-02 -4.0719e-03  2.8884e-03
  1.9500e+01  6.3975e-02  6.2238e-02  1.2285e-01 -2.5783e-03  5.9852e-02 -3.8022e-03  2.3367e-03
  2.0500e+01  5.7568e-02  5.6102e-02  1.1065e-01 -2.3571e-03  5.3842e-02 -3.5183e-03  1.9020e-03
  2.1500e+01  5.1960e-02  5.0730e-02  9.9988e-02 -2.1439e-03  4.8608e-02 -3.2348e-03  1.5569e-03
  2.2500e+01  4.7030e-02  4.6003e-02  9.0625e-02 -1.9427e-03  4.4023e-02 -2.9606e-03  1.2810e-03
  2.3500e+01  4.2678e-02  4.1825e-02  8.2361e-02 -1.7557e-03  3.9985e-02 -2.7008e-03  1.0590e-03
  2.4500e+01  3.8825e-02  3.8117e-02  7.5036e-02 -1.5836e-03  3.6414e-02 -2.4581e-03  8.7936e-04
  2.5500e+01  3.5400e-02  3.4815e-02  6.8519e-02 -1.4265e-03  3.3241e-02 -2.2335e-03  7.3320e-04
  2.6500e+01  3.2343e-02  3.1863e-02  6.2699e-02 -1.2837e-03  3.0412e-02 -2.0272e-03  6.1367e-04
  2.7500e+01  2.9607e-02  2.9217e-02  5.7485e-02 -1.1544e-03  2.7880e-02 -1.8386e-03  5.1548e-04
  2.8500e+01  2.7151e-02  2.6838e-02  5.2800e-02 -1.0378e-03  2.5608e-02 -1.6669e-03  4.3445e-04
  2.9500e+01  2.4940e-02  2.4693e-02  4.8578e-02 -9.3279e-04  2.3561e-02 -1.5110e-03  3.6731e-04
  3.0500e+01  2.2946e-02  2.2754e-02  4.4764e-02 -8.3838e-04  2.1713e-02 -1.3697e-03  3.1147e-04
  3.1500e+01  2.1142e-02  2.0998e-02  4.1310e-02 -7.5358e-04  2.0041e-02 -1.2419e-03  2.6486e-04
  3.2500e+01  1.9507e-02  1.9404e-02  3.8174e-02 -6.7747e-04  1.8523e-02 -1.1263e-03  2.2582e-04
  3.3500e+01  1.8024e-02  1.7953e-02  3.5322e-02 -6.0920e-04  1.7142e-02 -1.0218e-03  1.9301e-04
  3.4500e+01  1.6674e-02  1.6630e-02  3.2723e-02 -5.4796e-04  1.5885e-02 -9.2751e-04  1.6536e-04
  3.5500e+01  1.5444e-02  1.5423e-02  3.0349e-02 -4.9305e-04  1.4736e-02 -8.4231e-04  1.4199e-04
  3.6500e+01  1.4321e-02  1.4318e-02  2.8178e-02 -4.4381e-04  1.3685e-02 -7.6537e-04  1.2218e-04
  3.7500e+01  1.3293e-02  1.3306e-02  2.6188e-02 -3.9964e-04  1.2723e-02 -6.9587e-04  1.0535e-04
  3.8500e+01  1.2352e-02  1.2377e-02  2.4363e-02 -3.6002e-04  1.1839e-02 -6.3308e-04  9.1010e-05
  3.9500e+01  1.1487e-02  1.1523e-02  2.2685e-02 -3.2446e-04  1.1027e-02 -5.7632e-04  7.8765e-05
  4.0500e+01  1.0692e-02  1.0737e-02  2.1140e-02 -2.9255e-04  1.0280e-02 -5.2499e-04  6.8285e-05
  4.1500e+01  9.9612e-03  1.0013e-02  1.9717e-02 -2.6389e-04  9.5903e-03 -4.7856e-04  5.9297e-05
  4.2500e+01  9.2876e-03  9.3452e-03  1.8403e-02 -2.3814e-04  8.9542e-03 -4.3652e-04  5.1573e-05
  4.3500e+01  8.6661e-03  8.7280e-03  1.7190e-02 -2.1500e-04  8.3663e-03 -3.9845e-04  4.4922e-05
  4.4500e+01  8.0923e-03  8.1571e-03  1.6067e-02 -1.9419e-04  7.8223e-03 -3.6394e-04  3.9184e-05
  4.5500e+01  7.5620e-03  7.6284e-03  1.5028e-02 -1.7547e-04  7.3183e-03 -3.3265e-04  3.4224e-05
  4.6500e+01  7.0711e-03  7.1384e-03  1.4064e-02 -1.5863e-04  6.8510e-03 -3.0426e-04  2.9931e-05
  4.7500e+01  6.6161e-03  6.6838e-03  1.3170e-02 -1.4346e-04  6.4172e-03 -2.7847e-04  2.6208e-05
  4.8500e+01  6.1937e-03  6.2615e-03  1.2339e-02 -1.2979e-04  6.0141e-03 -2.5505e-04  2.2975e-05
  4.9500e+01  5.8011e-03  5.8689e-03  1.1566e-02 -1.1747e-04  5.6392e-03 -2.3375e-04  2.0162e-05
  5.0500e+01  5.4362e-03  5.5036e-03  1.0848e-02 -1.0636e-04  5.2901e-03 -2.1437e-04  1.7712e-05
  5.1500e+01  5.0969e-03  5.1633e-03  1.0178e-02 -9.6329e-05  4.9648e-03 -1.9674e-04  1.5575e-05
  5.2500e+01  4.7809e-03  4.8461e-03  9.5534e-03 -8.7273e-05  4.6614e-03 -1.8068e-04  1.3708e-05
  5.3500e+01  4.4863e-03  4.5501e-03  8.9708e-03 -7.9090e-05  4.3782e-03 -1.6604e-04  1.2076e-05
  5.4500e+01  4.2118e-03  4.2738e-03  8.4266e-03 -7.1691e-05  4.1136e-03 -1.5270e-04  1.0646e-05
  5.5500e+01  3.9558e-03  4.0155e-03  7.9179e-03 -6.4999e-05  3.8661e-03 -1.4052e-04  9.3925e-06
  5.6500e+01  3.7164e-03  3.7739e-03  7.4420e-03 -5.8942e-05  3.6345e-03 -1.2941e-04  8.2923e-06
  5.7500e+01  3.4926e-03  3.5477e-03  6.9964e-03 -5.3458e-05  3.4176e-03 -1.1927e-04  7.3256e-06
  5.8500e+01  3.2833e-03  3.3358e-03  6.5788e-03 -4.8490e-05  3.2142e-03 -1.1000e-04  6.4752e-06
  5.9500e+01  3.0868e-03  3.1371e-03  6.1871e-03 -4.3988e-05  3.0234e-03 -1.0153e-04  5.7263e-06
  6.0500e+01  2.9023e-03  2.9506e-03  5.8194e-03 -3.9908e-05  2.8441e-03 -9.3786e-05  5.0662e-06
  6.1500e+01  2.7295e-03  2.7754e-03  5.4739e-03 -3.6210e-05  2.6756e-03 -8.6704e-05  4.4838e-06
  6.2500e+01  2.5672e-03  2.6107e-03  5.1489e-03 -3.2857e-05  2.5170e-03 -8.0224e-05  3.9694e-06
  6.3500e+01  2.4148e-03  2.4557e-03  4.8430e-03 -2.9816e-05  2.3677e-03 -7.4290e-05  3.5147e-06
  6.4500e+01  2.2715e-03  2.3097e-03  4.5547e-03 -2.7059e-05  2.2268e-03 -6.8855e-05  3.1123e-06
  6.5500e+01  2.1367e-03  2.1720e-03  4.2828e-03 -2.4558e-05  2.0939e-03 -6.3872e-05  2.7561e-06
  6.6500e+01  2.0095e-03  2.0421e-03  4.0262e-03 -2.2288e-05  1.9683e-03 -5.9299e-05  2.4404e-06
  6.7500e+01  1.8894e-03  1.9195e-03  3.7836e-03 -2.0225e-05  1.8494e-03 -5.5097e-05  2.1604e-06
  6.8500e+01  1.7758e-03  1.8036e-03  3.5543e-03 -1.8347e-05  1.7370e-03 -5.1228e-05  1.9119e-06
  6.9500e+01  1.6682e-03  1.6940e-03  3.3372e-03 -1.6632e-05  1.6304e-03 -4.7659e-05  1.6913e-06
  7.0500e+01  1.5661e-03  1.5904e-03  3.1318e-03 -1.5061e-05  1.5293e-03 -4.4356e-05  1.4953e-06
  7.1500e+01  1.4694e-03  1.4923e-03  2.9372e-03 -1.3611e-05  1.4335e-03 -4.1288e-05  1.3212e-06
  7.2500e+01  1.3776e-03  1.3997e-03  2.7531e-03 -1.2262e-05  1.3425e-03 -3.8423e-05  1.1665e-06
  7.3500e+01  1.2903e-03  1.3121e-03  2.5789e-03 -1.0994e-05  1.2563e-03 -3.5732e-05  1.0291e-06
  7.4500e+01  1.2072e-03  1.2295e-03  2.4144e-03 -9.7853e-06  1.1746e-03 -3.3187e-05  9.0704e-07
  7.5500e+01  1.1280e-03  1.1518e-03  2.2593e-03 -8.6167e-06  1.0975e-03 -3.0758e-05  7.9885e-07
  7.6500e+01  1.0524e-03  1.0789e-03  2.1137e-03 -7.4677e-06  1.0247e-03 -2.8421e-05  7.0308e-07
  7.7500e+01  9.8038e-04  1.0109e-03  1.9776e-03 -6.3192e-06  9.5651e-04 -2.6147e-05  6.1852e-07
  7.8500e+01  9.1186e-04  9.4783e-04  1.8512e-03 -5.1537e-06  8.9292e-04 -2.3915e-05  5.4413e-07
  7.9500e+01  8.4596e-04  8.8981e-04  1.7349e-03 -3.9555e-06  8.3418e-04 -2.1702e-05  4.7904e-07
  8.0500e+01  7.8327e-04  8.3703e-04  1.6291e-03 -2.7120e-06  7.8053e-04 -1.9491e-05  4.2249e-07
  8.1500e+01  7.2526e-04  7.8970e-04  1.5342e-03 -1.4145e-06  7.3230e-04 -1.7266e-05  3.7386e-07
  8.2500e+01  6.7007e-04  7.4805e-04  1.4508e-03 -5.8740e-08  6.8986e-04 -1.5019e-05  3.3260e-07
  8.3500e+01  6.1714e-04  7.1232e-04  1.3796e-03  1.3541e-06  6.5359e-04 -1.2746e-05  2.9830e-07
  8.4500e+01  5.7170e-04  6.8275e-04  1.3211e-03  2.8166e-06  6.2388e-04 -1.0450e-05  2.7057e-07
  8.5500e+01  5.3364e-04  6.5951e-04  1.2757e-03  4.3151e-06  6.0108e-04 -8.1417e-06  2.4912e-07
  8.6500e+01  4.9774e-04  6.4274e-04  1.2439e-03  5.8291e-06  5.8549e-04 -5.8374e-06  2.3365e-07
  8.7500e+01  4.6601e-04  6.3249e-04  1.2258e-03  7.3320e-06  5.7730e-04 -3.5624e-06  2.2392e-07
  8.8500e+01  4.4273e-04  6.2872e-04  1.2214e-03  8.7915e-06  5.7659e-04 -1.3478e-06  2.1966e-07
  8.9500e+01  4.3008e-04  6.3123e-04  1.2303e-03  1.0171e-05  5.8326e-04  7.6951e-07  2.2056e-07
  9.0500e+01  4.3152e-04  6.3971e-04  1.2519e-03  1.1430e-05  5.9704e-04  2.7487e-06  2.2628e-07
  9.1500e+01  4.5139e-04  6.5370e-04  1.2851e-03  1.2528e-05  6.1742e-04  4.5470e-06  2.3641e-07
  9.2500e+01  4.8673e-04  6.7256e-04  1.3288e-03  1.3426e-05  6.4373e-04  6.1220e-06  2.5044e-07
  9.3500e+01  5.3137e-04  6.9553e-04  1.3811e-03  1.4086e-05  6.7503e-04  7.4343e-06  2.6778e-07
  9.4500e+01  5.7938e-04  7.2169e-04  1.4401e-03  1.4480e-05  7.1023e-04  8.4499e-06  2.8774e-07
  9.5500e+01  6.3194e-04  7.5001e-04  1.5036e-03  1.4582e-05  7.4804e-04  9.1424e-06  3.0954e-07
  9.6500e+01  6.9775e-04  7.7937e-04  1.5691e-03  1.4382e-05  7.8708e-04  9.4953e-06  3.3231e-07
  9.7500e+01  7.7906e-04  8.0862e-04  1.6341e-03  1.3875e-05  8.2588e-04  9.5035e-06  3.5514e-07
  9.8500e+01  8.7079e-04  8.3655e-04  1.6960e-03  1.3070e-05  8.6293e-04  9.1734e-06  3.7711e-07
  9.9500e+01  9.5597e-04  8.6203e-04  1.7522e-03  1.1989e-05  8.9682e-04  8.5237e-06  3.9729e-07
  1.0050e+02  1.0257e-03  8.8397e-04  1.8005e-03  1.0660e-05  9.2618e-04  7.5839e-06  4.1483e-07
  1.0150e+02  1.0830e-03  9.0139e-04  1.8389e-03  9.1239e-06  9.4986e-04  6.3933e-06  4.2896e-07
  1.0250e+02  1.1220e-03  9.1349e-04  1.8655e-03  7.4271e-06  9.6685e-04  4.9988e-06  4.3905e-07
  1.0350e+02  1.1353e-03  9.1961e-04  1.8791e-03  5.6212e-06  9.7644e-04  3.4524e-06  4.4461e-07
  1.0450e+02  1.1285e-03  9.1929e-04  1.8787e-03  3.7602e-06  9.7812e-04  1.8087e-06  4.4537e-07
  1.0550e+02  1.1169e-03  9.1228e-04  1.8639e-03  1.8978e-06  9.7168e-04  1.2221e-07  4.4122e-07
  1.0650e+02  1.1211e-03  8.9855e-04  1.8347e-03  8.4870e-08  9.5715e-04 -1.5551e-06  4.3225e-07
  1.0750e+02  1.1083e-03  8.7824e-04  1.7915e-03 -1.6322e-06  9.3482e-04 -3.1757e-06  4.1873e-07
  1.0850e+02  1.0380e-03  8.5168e-04  1.7351e-03 -3.2137e-06  9.0517e-04 -4.6981e-06  4.0109e-07
  1.0950e+02  9.5735e-04  8.1937e-04  1.6667e-03 -4.6277e-06  8.6886e-04 -6.0877e-06  3.7988e-07
  1.1050e+02  9.0096e-04  7.8192e-04  1.5876e-03 -5.8506e-06  8.2670e-04 -7.3179e-06  3.5577e-07
  1.1150e+02  8.5472e-04  7.4004e-04  1.4995e-03 -6.8675e-06  7.7958e-04 -8.3694e-06  3.2944e-07
  1.1250e+02  8.0260e-04  6.9451e-04  1.4040e-03 -7.6720e-06  7.2848e-04 -9.2305e-06  3.0165e-07
  1.1350e+02  7.3491e-04  6.4615e-04  1.3028e-03 -8.2652e-06  6.7436e-04 -9.8965e-06  2.7311e-07
  1.1450e+02  6.6067e-04  5.9575e-04  1.1978e-03 -8.6550e-06  6.1820e-04 -1.0369e-05  2.4450e-07
  1.1550e+02  5.8902e-04  5.4412e-04  1.0905e-03 -8.8549e-06  5.6094e-04 -1.0654e-05  2.1643e-07
  1.1650e+02  5.2130e-04  4.9199e-04  9.8261e-04 -8.8826e-06  5.0344e-04 -1.0762e-05  1.8944e-07
  1.1750e+02  4.5371e-04  4.4004e-04  8.7544e-04 -8.7586e-06  4.4651e-04 -1.0710e-05  1.6396e-07
  1.1850e+02  3.7940e-04  3.8887e-04  7.7024e-04 -8.5053e-06  3.9083e-04 -1.0514e-05  1.4032e-07
  1.1950e+02  2.9153e-04  3.3901e-04  6.6807e-04 -8.1455e-06  3.3702e-04 -1.0194e-05  1.1877e-07
  1.2050e+02  2.0836e-04  2.9088e-04  5.6980e-04 -7.7018e-06  2.8556e-04 -9.7704e-06  9.9437e-08
  1.2150e+02  1.8542e-04  2.4485e-04  4.7611e-04 -7.1954e-06  2.3684e-04 -9.2647e-06  8.2383e-08
  1.2250e+02  1.7889e-04  2.0116e-04  3.8750e-04 -6.6461e-06  1.9115e-04 -8.6980e-06  6.7587e-08
  1.2350e+02  1.0338e-04  1.6002e-04  3.0433e-04 -6.0714e-06  1.4867e-04 -8.0907e-06  5.4967e-08
  1.2450e+02  4.6169e-05  1.2154e-04  2.2679e-04 -5.4864e-06  1.0950e-04 -7.4617e-06  4.4395e-08
  1.2550e+02  5.7199e-05  8.5792e-05  1.5498e-04 -4.9038e-06  7.3624e-05 -6.8282e-06  3.5707e-08
  1.2650e+02  2.2166e-05  5.2773e-05  8.8871e-05 -4.3343e-06  4.0991e-05 -6.2050e-06  2.8718e-08
  1.2750e+02 -5.6425e-05  2.2451e-05  2.8354e-05 -3.7858e-06  1.1469e-05 -5.6045e-06  2.3232e-08
  1.2850e+02 -8.5388e-05 -5.2434e-06 -2.6743e-05 -3.2646e-06 -1.5117e-05 -5.0364e-06  1.9052e-08
  1.2950e+02 -7.7678e-05 -3.0406e-05 -7.6646e-05 -2.7749e-06 -3.8976e-05 -4.5075e-06  1.5986e-08
  1.3050e+02 -7.0263e-05 -5.3154e-05 -1.2162e-04 -2.3197e-06 -6.0336e-05 -4.0218e-06  1.3857e-08
  1.3150e+02 -7.3710e-05 -7.3617e-05 -1.6194e-04 -1.9003e-06 -7.9433e-05 -3.5809e-06  1.2499e-08
  1.3250e+02 -8.6762e-05 -9.1935e-05 -1.9792e-04 -1.5173e-06 -9.6497e-05 -3.1840e-06  1.1765e-08
  1.3350e+02 -1.0147e-04 -1.0825e-04 -2.2987e-04 -1.1703e-06 -1.1175e-04 -2.8287e-06  1.1523e-08
  1.3450e+02 -1.1375e-04 -1.2271e-04 -2.5808e-04 -8.5817e-07 -1.2537e-04 -2.5111e-06  1.1662e-08
  1.3550e+02 -1.2247e-04 -1.3546e-04 -2.8285e-04 -5.7950e-07 -1.3755e-04 -2.2267e-06  1.2082e-08
  1.3650e+02 -1.2982e-04 -1.4663e-04 -3.0448e-04 -3.3247e-07 -1.4842e-04 -1.9707e-06  1.2702e-08
  1.3750e+02 -1.4122e-04 -1.5637e-04 -3.2324e-04 -1.1506e-07 -1.5809e-04 -1.7387e-06  1.3453e-08
  1.3850e+02 -1.6387e-04 -1.6478e-04 -3.3939e-04  7.4859e-08 -1.6667e-04 -1.5268e-06  1.4275e-08
  1.3950e+02 -1.9960e-04 -1.7201e-04 -3.5318e-04  2.3946e-07 -1.7422e-04 -1.3321e-06  1.5125e-08
