# Contributions to xi_real.
# Order is r [Mpc/h], xi_L, 1, b1, b2, b1^2, b1.b2, b2^2, Aeft, d2xiLin, bs, b1.bs, b2.bs, bs^2
  5.0000e-01  6.8251e+00 -2.0408e+00 -3.8875e-01  3.1962e+00  1.1276e+01  1.1850e+01  1.2085e+01 -2.1094e+00  9.0787e-01 -3.6415e+00 -2.1116e+00  7.7695e+00  1.2395e+01
  1.5000e+00  2.4538e+00  6.4252e-01  4.3431e+00  1.7847e+00  5.5062e+00  4.2959e+00  2.8365e+00 -3.9204e-01  3.9281e-01 -1.1796e+00 -7.8564e-01  2.2731e+00  2.9815e+00
  2.5000e+00  1.4272e+00  1.1593e+00  3.6160e+00  8.8161e-01  2.8638e+00  1.6906e+00  9.9433e-01 -8.3185e-02  1.5636e-01 -3.9674e-01 -3.1924e-01  7.2551e-01  6.2991e-01
  3.5000e+00  9.6365e-01  1.0198e+00  2.5444e+00  4.3139e-01  1.6389e+00  7.1236e-01  4.5142e-01 -1.3691e-02  6.2097e-02 -1.5016e-01 -1.4730e-01  3.3842e-01  1.9278e-01
  4.5000e+00  7.0315e-01  7.8295e-01  1.7674e+00  2.1350e-01  1.0271e+00  3.2566e-01  2.4043e-01  8.6830e-04  2.4283e-02 -6.5112e-02 -7.4267e-02  2.1681e-01  1.1890e-01
  5.5000e+00  5.3825e-01  5.8828e-01  1.2648e+00  1.0661e-01  6.9585e-01  1.6022e-01  1.4214e-01  2.7004e-03  8.8377e-03 -3.1349e-02 -3.9362e-02  1.5844e-01  9.7302e-02
  6.5000e+00  4.2591e-01  4.4966e-01  9.4278e-01  5.3210e-02  5.0244e-01  8.2868e-02  9.0219e-02  2.1113e-03  2.6156e-03 -1.6137e-02 -2.1472e-02  1.1935e-01  7.7818e-02
  7.5000e+00  3.4531e-01  3.5355e-01  7.3055e-01  2.6119e-02  3.8140e-01  4.3622e-02  6.0227e-02  1.4120e-03  2.3747e-04 -8.5632e-03 -1.1883e-02  9.0374e-02  5.8700e-02
  8.5000e+00  2.8525e-01  2.8566e-01  5.8452e-01  1.2145e-02  3.0075e-01  2.2424e-02  4.1736e-02  9.4564e-04 -5.8106e-04 -4.4902e-03 -6.5407e-03  6.9131e-02  4.3251e-02
  9.5000e+00  2.3918e-01  2.3605e-01  4.7944e-01  4.7783e-03  2.4397e-01  1.0508e-02  2.9769e-02  6.6400e-04 -7.9854e-04 -2.1673e-03 -3.4452e-03  5.3889e-02  3.2304e-02
  1.0500e+01  2.0298e-01  1.9850e-01  4.0079e-01  8.0715e-04  2.0216e-01  3.6727e-03  2.1731e-02  4.9126e-04 -7.9957e-04 -7.8771e-04 -1.5876e-03  4.2930e-02  2.4917e-02
  1.1500e+01  1.7399e-01  1.6922e-01  3.4002e-01 -1.3556e-03  1.7026e-01 -2.6045e-04  1.6168e-02  3.7951e-04 -7.3050e-04  4.7606e-05 -4.4773e-04  3.4855e-02  1.9835e-02
  1.2500e+01  1.5042e-01  1.4585e-01  2.9189e-01 -2.5088e-03  1.4527e-01 -2.4876e-03  1.2224e-02  3.0297e-04 -6.4475e-04  5.5116e-04  2.5441e-04  2.8715e-02  1.6148e-02
  1.3500e+01  1.3099e-01  1.2684e-01  2.5299e-01 -3.0743e-03  1.2528e-01 -3.6921e-03  9.3695e-03  2.4793e-04 -5.6126e-04  8.4518e-04  6.7932e-04  2.3918e-02  1.3337e-02
  1.4500e+01  1.1482e-01  1.1113e-01  2.2106e-01 -3.2904e-03  1.0901e-01 -4.2760e-03  7.2677e-03  2.0674e-04 -4.8626e-04  1.0047e-03  9.2514e-04  2.0100e-02  1.1128e-02
  1.5500e+01  1.0122e-01  9.7994e-02  1.9450e-01 -3.2990e-03  9.5576e-02 -4.4821e-03  5.6965e-03  1.7492e-04 -4.2114e-04  1.0776e-03  1.0545e-03  1.7021e-02  9.3658e-03
  1.6500e+01  8.9686e-02  8.6892e-02  1.7215e-01 -3.1875e-03  8.4353e-02 -4.4601e-03  4.5063e-03  1.4969e-04 -3.6544e-04  1.0950e-03  1.1083e-03  1.4513e-02  7.9476e-03
  1.7500e+01  7.9822e-02  7.7423e-02  1.5316e-01 -3.0100e-03  7.4874e-02 -4.3036e-03  3.5944e-03  1.2927e-04 -3.1802e-04  1.0774e-03  1.1133e-03  1.2453e-02  6.7963e-03
  1.8500e+01  7.1330e-02  6.9283e-02  1.3689e-01 -2.8001e-03  6.6795e-02 -4.0719e-03  2.8884e-03  1.1248e-04 -2.7766e-04  1.0382e-03  1.0875e-03  1.0745e-02  5.8529e-03
  1.9500e+01  6.3975e-02  6.2238e-02  1.2285e-01 -2.5783e-03  5.9852e-02 -3.8022e-03  2.3367e-03  9.8501e-05 -2.4322e-04  9.8616e-04  1.0428e-03  9.3196e-03  5.0725e-03
  2.0500e+01  5.7568e-02  5.6102e-02  1.1065e-01 -2.3571e-03  5.3842e-02 -3.5183e-03  1.9020e-03  8.6730e-05 -2.1375e-04  9.2735e-04  9.8694e-04  8.1205e-03  4.4212e-03
  2.1500e+01  5.1960e-02  5.0730e-02  9.9988e-02 -2.1439e-03  4.8608e-02 -3.2348e-03  1.5569e-03  7.6729e-05 -1.8845e-04  8.6565e-04  9.2543e-04  7.1056e-03  3.8735e-03
  2.2500e+01  4.7030e-02  4.6003e-02  9.0625e-02 -1.9427e-03  4.4023e-02 -2.9606e-03  1.2810e-03  6.8165e-05 -1.6664e-04  8.0364e-04  8.6178e-04  6.2417e-03  3.4097e-03
  2.3500e+01  4.2678e-02  4.1825e-02  8.2361e-02 -1.7557e-03  3.9985e-02 -2.7008e-03  1.0590e-03  6.0779e-05 -1.4779e-04  7.4300e-04  7.9835e-04  5.5025e-03  3.0143e-03
  2.4500e+01  3.8825e-02  3.8117e-02  7.5036e-02 -1.5836e-03  3.6414e-02 -2.4581e-03  8.7936e-04  5.4372e-05 -1.3143e-04  6.8477e-04  7.3666e-04  4.8669e-03  2.6755e-03
  2.5500e+01  3.5400e-02  3.4815e-02  6.8519e-02 -1.4265e-03  3.3241e-02 -2.2335e-03  7.3320e-04  4.8784e-05 -1.1719e-04  6.2957e-04  6.7766e-04  4.3180e-03  2.3834e-03
  2.6500e+01  3.2343e-02  3.1863e-02  6.2699e-02 -1.2837e-03  3.0412e-02 -2.0272e-03  6.1367e-04  4.3886e-05 -1.0475e-04  5.7773e-04  6.2190e-04  3.8421e-03  2.1305e-03
  2.7500e+01  2.9607e-02  2.9217e-02  5.7485e-02 -1.1544e-03  2.7880e-02 -1.8386e-03  5.1548e-04  3.9577e-05 -9.3856e-05  5.2939e-04  5.6965e-04  3.4278e-03  1.9105e-03
  2.8500e+01  2.7151e-02  2.6838e-02  5.2800e-02 -1.0378e-03  2.5608e-02 -1.6669e-03  4.3445e-04  3.5773e-05 -8.4283e-05  4.8454e-04  5.2103e-04  3.0659e-03  1.7182e-03
  2.9500e+01  2.4940e-02  2.4693e-02  4.8578e-02 -9.3279e-04  2.3561e-02 -1.5110e-03  3.6731e-04  3.2401e-05 -7.5848e-05  4.4311e-04  4.7600e-04  2.7488e-03  1.5496e-03
  3.0500e+01  2.2946e-02  2.2754e-02  4.4764e-02 -8.3838e-04  2.1713e-02 -1.3697e-03  3.1147e-04  2.9405e-05 -6.8397e-05  4.0495e-04  4.3446e-04  2.4700e-03  1.4012e-03
  3.1500e+01  2.1142e-02  2.0998e-02  4.1310e-02 -7.5358e-04  2.0041e-02 -1.2419e-03  2.6486e-04  2.6736e-05 -6.1798e-05  3.6989e-04  3.9626e-04  2.2242e-03  1.2700e-03
  3.2500e+01  1.9507e-02  1.9404e-02  3.8174e-02 -6.7747e-04  1.8523e-02 -1.1263e-03  2.2582e-04  2.4350e-05 -5.5941e-05  3.3773e-04  3.6122e-04  2.0069e-03  1.1538e-03
  3.3500e+01  1.8024e-02  1.7953e-02  3.5322e-02 -6.0920e-04  1.7142e-02 -1.0218e-03  1.9301e-04  2.2213e-05 -5.0730e-05  3.0829e-04  3.2912e-04  1.8143e-03  1.0504e-03
  3.4500e+01  1.6674e-02  1.6630e-02  3.2723e-02 -5.4796e-04  1.5885e-02 -9.2751e-04  1.6536e-04  2.0295e-05 -4.6082e-05  2.8136e-04  2.9977e-04  1.6432e-03  9.5831e-04
  3.5500e+01  1.5444e-02  1.5423e-02  3.0349e-02 -4.9305e-04  1.4736e-02 -8.4231e-04  1.4199e-04  1.8569e-05 -4.1929e-05  2.5675e-04  2.7296e-04  1.4908e-03  8.7594e-04
  3.6500e+01  1.4321e-02  1.4318e-02  2.8178e-02 -4.4381e-04  1.3685e-02 -7.6537e-04  1.2218e-04  1.7014e-05 -3.8211e-05  2.3428e-04  2.4849e-04  1.3548e-03  8.0212e-04
  3.7500e+01  1.3293e-02  1.3306e-02  2.6188e-02 -3.9964e-04  1.2723e-02 -6.9587e-04  1.0535e-04  1.5609e-05 -3.4875e-05  2.1376e-04  2.2618e-04  1.2332e-03  7.3580e-04
  3.8500e+01  1.2352e-02  1.2377e-02  2.4363e-02 -3.6002e-04  1.1839e-02 -6.3308e-04  9.1010e-05  1.4339e-05 -3.1876e-05  1.9504e-04  2.0584e-04  1.1241e-03  6.7607e-04
  3.9500e+01  1.1487e-02  1.1523e-02  2.2685e-02 -3.2446e-04  1.1027e-02 -5.7632e-04  7.8765e-05  1.3187e-05 -2.9176e-05  1.7796e-04  1.8731e-04  1.0263e-03  6.2217e-04
  4.0500e+01  1.0692e-02  1.0737e-02  2.1140e-02 -2.9255e-04  1.0280e-02 -5.2499e-04  6.8285e-05  1.2142e-05 -2.6741e-05  1.6238e-04  1.7043e-04  9.3822e-04  5.7343e-04
  4.1500e+01  9.9612e-03  1.0013e-02  1.9717e-02 -2.6389e-04  9.5903e-03 -4.7856e-04  5.9297e-05  1.1193e-05 -2.4541e-05  1.4817e-04  1.5506e-04  8.5889e-04  5.2926e-04
  4.2500e+01  9.2876e-03  9.3452e-03  1.8403e-02 -2.3814e-04  8.9542e-03 -4.3652e-04  5.1573e-05  1.0328e-05 -2.2550e-05  1.3521e-04  1.4106e-04  7.8728e-04  4.8917e-04
  4.3500e+01  8.6661e-03  8.7280e-03  1.7190e-02 -2.1500e-04  8.3663e-03 -3.9845e-04  4.4922e-05  9.5401e-06 -2.0745e-05  1.2339e-04  1.2831e-04  7.2255e-04  4.5270e-04
  4.4500e+01  8.0923e-03  8.1571e-03  1.6067e-02 -1.9419e-04  7.8223e-03 -3.6394e-04  3.9184e-05  8.8205e-06 -1.9106e-05  1.1261e-04  1.1671e-04  6.6393e-04  4.1948e-04
  4.5500e+01  7.5620e-03  7.6284e-03  1.5028e-02 -1.7547e-04  7.3183e-03 -3.3265e-04  3.4224e-05  8.1626e-06 -1.7615e-05  1.0277e-04  1.0614e-04  6.1078e-04  3.8917e-04
  4.6500e+01  7.0711e-03  7.1384e-03  1.4064e-02 -1.5863e-04  6.8510e-03 -3.0426e-04  2.9931e-05  7.5600e-06 -1.6257e-05  9.3796e-05  9.6511e-05  5.6252e-04  3.6146e-04
  4.7500e+01  6.6161e-03  6.6838e-03  1.3170e-02 -1.4346e-04  6.4172e-03 -2.7847e-04  2.6208e-05  7.0073e-06 -1.5018e-05  8.5606e-05  8.7744e-05  5.1864e-04  3.3611e-04
  4.8500e+01  6.1937e-03  6.2615e-03  1.2339e-02 -1.2979e-04  6.0141e-03 -2.5505e-04  2.2975e-05  6.4998e-06 -1.3886e-05  7.8131e-05  7.9759e-05  4.7868e-04  3.1286e-04
  4.9500e+01  5.8011e-03  5.8689e-03  1.1566e-02 -1.1747e-04  5.6392e-03 -2.3375e-04  2.0162e-05  6.0330e-06 -1.2850e-05  7.1308e-05  7.2486e-05  4.4225e-04  2.9153e-04
  5.0500e+01  5.4362e-03  5.5036e-03  1.0848e-02 -1.0636e-04  5.2901e-03 -2.1437e-04  1.7712e-05  5.6030e-06 -1.1899e-05  6.5078e-05  6.5860e-05  4.0900e-04  2.7192e-04
  5.1500e+01  5.0969e-03  5.1633e-03  1.0178e-02 -9.6329e-05  4.9648e-03 -1.9674e-04  1.5575e-05  5.2064e-06 -1.1026e-05  5.9390e-05  5.9823e-05  3.7861e-04  2.5387e-04
  5.2500e+01  4.7809e-03  4.8461e-03  9.5534e-03 -8.7273e-05  4.6614e-03 -1.8068e-04  1.3708e-05  4.8399e-06 -1.0223e-05  5.4196e-05  5.4324e-05  3.5081e-04  2.3724e-04
  5.3500e+01  4.4863e-03  4.5501e-03  8.9708e-03 -7.9090e-05  4.3782e-03 -1.6604e-04  1.2076e-05  4.5007e-06 -9.4828e-06  4.9452e-05  4.9313e-05  3.2534e-04  2.2190e-04
  5.4500e+01  4.2118e-03  4.2738e-03  8.4266e-03 -7.1691e-05  4.1136e-03 -1.5270e-04  1.0646e-05  4.1863e-06 -8.7996e-06  4.5118e-05  4.4747e-05  3.0199e-04  2.0772e-04
  5.5500e+01  3.9558e-03  4.0155e-03  7.9179e-03 -6.4999e-05  3.8661e-03 -1.4052e-04  9.3925e-06  3.8945e-06 -8.1680e-06  4.1160e-05  4.0588e-05  2.8055e-04  1.9462e-04
  5.6500e+01  3.7164e-03  3.7739e-03  7.4420e-03 -5.8942e-05  3.6345e-03 -1.2941e-04  8.2923e-06  3.6233e-06 -7.5833e-06  3.7545e-05  3.6798e-05  2.6086e-04  1.8249e-04
  5.7500e+01  3.4926e-03  3.5477e-03  6.9964e-03 -5.3458e-05  3.4176e-03 -1.1927e-04  7.3256e-06  3.3710e-06 -7.0411e-06  3.4242e-05  3.3346e-05  2.4275e-04  1.7126e-04
  5.8500e+01  3.2833e-03  3.3358e-03  6.5788e-03 -4.8490e-05  3.2142e-03 -1.1000e-04  6.4752e-06  3.1360e-06 -6.5380e-06  3.1225e-05  3.0203e-05  2.2607e-04  1.6083e-04
  5.9500e+01  3.0868e-03  3.1371e-03  6.1871e-03 -4.3988e-05  3.0234e-03 -1.0153e-04  5.7263e-06  2.9170e-06 -6.0707e-06  2.8470e-05  2.7341e-05  2.1071e-04  1.5115e-04
  6.0500e+01  2.9023e-03  2.9506e-03  5.8194e-03 -3.9908e-05  2.8441e-03 -9.3786e-05  5.0662e-06  2.7129e-06 -5.6367e-06  2.5955e-05  2.4735e-05  1.9654e-04  1.4216e-04
  6.1500e+01  2.7295e-03  2.7754e-03  5.4739e-03 -3.6210e-05  2.6756e-03 -8.6704e-05  4.4838e-06  2.5229e-06 -5.2339e-06  2.3658e-05  2.2365e-05  1.8346e-04  1.3379e-04
  6.2500e+01  2.5672e-03  2.6107e-03  5.1489e-03 -3.2857e-05  2.5170e-03 -8.0224e-05  3.9694e-06  2.3462e-06 -4.8605e-06  2.1562e-05  2.0209e-05  1.7138e-04  1.2600e-04
  6.3500e+01  2.4148e-03  2.4557e-03  4.8430e-03 -2.9816e-05  2.3677e-03 -7.4290e-05  3.5147e-06  2.1825e-06 -4.5154e-06  1.9650e-05  1.8248e-05  1.6021e-04  1.1875e-04
  6.4500e+01  2.2715e-03  2.3097e-03  4.5547e-03 -2.7059e-05  2.2268e-03 -6.8855e-05  3.1123e-06  2.0315e-06 -4.1981e-06  1.7905e-05  1.6466e-05  1.4988e-04  1.1198e-04
  6.5500e+01  2.1367e-03  2.1720e-03  4.2828e-03 -2.4558e-05  2.0939e-03 -6.3872e-05  2.7561e-06  1.8934e-06 -3.9085e-06  1.6313e-05  1.4847e-05  1.4032e-04  1.0566e-04
  6.6500e+01  2.0095e-03  2.0421e-03  4.0262e-03 -2.2288e-05  1.9683e-03 -5.9299e-05  2.4404e-06  1.7685e-06 -3.6471e-06  1.4860e-05  1.3377e-05  1.3145e-04  9.9761e-05
  6.7500e+01  1.8894e-03  1.9195e-03  3.7836e-03 -2.0225e-05  1.8494e-03 -5.5097e-05  2.1604e-06  1.6573e-06 -3.4151e-06  1.3535e-05  1.2041e-05  1.2323e-04  9.4246e-05
  6.8500e+01  1.7758e-03  1.8036e-03  3.5543e-03 -1.8347e-05  1.7370e-03 -5.1228e-05  1.9119e-06  1.5610e-06 -3.2141e-06  1.2325e-05  1.0827e-05  1.1560e-04  8.9087e-05
  6.9500e+01  1.6682e-03  1.6940e-03  3.3372e-03 -1.6632e-05  1.6304e-03 -4.7659e-05  1.6913e-06  1.4806e-06 -3.0464e-06  1.1219e-05  9.7224e-06  1.0852e-04  8.4258e-05
  7.0500e+01  1.5661e-03  1.5904e-03  3.1318e-03 -1.5061e-05  1.5293e-03 -4.4356e-05  1.4953e-06  1.4177e-06 -2.9148e-06  1.0205e-05  8.7162e-06  1.0194e-04  7.9735e-05
  7.1500e+01  1.4694e-03  1.4923e-03  2.9372e-03 -1.3611e-05  1.4335e-03 -4.1288e-05  1.3212e-06  1.3739e-06 -2.8224e-06  9.2732e-06  7.7969e-06  9.5816e-05  7.5495e-05
  7.2500e+01  1.3776e-03  1.3997e-03  2.7531e-03 -1.2262e-05  1.3425e-03 -3.8423e-05  1.1665e-06  1.3510e-06 -2.7725e-06  8.4135e-06  6.9536e-06  9.0117e-05  7.1520e-05
  7.3500e+01  1.2903e-03  1.3121e-03  2.5789e-03 -1.0994e-05  1.2563e-03 -3.5732e-05  1.0291e-06  1.3509e-06 -2.7685e-06  7.6153e-06  6.1756e-06  8.4805e-05  6.7790e-05
  7.4500e+01  1.2072e-03  1.2295e-03  2.4144e-03 -9.7853e-06  1.1746e-03 -3.3187e-05  9.0704e-07  1.3753e-06 -2.8136e-06  6.8686e-06  5.4520e-06  7.9851e-05  6.4288e-05
  7.5500e+01  1.1280e-03  1.1518e-03  2.2593e-03 -8.6167e-06  1.0975e-03 -3.0758e-05  7.9885e-07  1.4255e-06 -2.9102e-06  6.1634e-06  4.7723e-06  7.5225e-05  6.1000e-05
  7.6500e+01  1.0524e-03  1.0789e-03  2.1137e-03 -7.4677e-06  1.0247e-03 -2.8421e-05  7.0308e-07  1.5026e-06 -3.0596e-06  5.4899e-06  4.1259e-06  7.0899e-05  5.7911e-05
  7.7500e+01  9.8038e-04  1.0109e-03  1.9776e-03 -6.3192e-06  9.5651e-04 -2.6147e-05  6.1852e-07  1.6065e-06 -3.2616e-06  4.8385e-06  3.5023e-06  6.6848e-05  5.5009e-05
  7.8500e+01  9.1186e-04  9.4783e-04  1.8512e-03 -5.1537e-06  8.9292e-04 -2.3915e-05  5.4413e-07  1.7362e-06 -3.5137e-06  4.2000e-06  2.8912e-06  6.3047e-05  5.2281e-05
  7.9500e+01  8.4596e-04  8.8981e-04  1.7349e-03 -3.9555e-06  8.3418e-04 -2.1702e-05  4.7904e-07  1.8896e-06 -3.8111e-06  3.5659e-06  2.2828e-06  5.9475e-05  4.9717e-05
  8.0500e+01  7.8327e-04  8.3703e-04  1.6291e-03 -2.7120e-06  7.8053e-04 -1.9491e-05  4.2249e-07  2.0625e-06 -4.1454e-06  2.9285e-06  1.6681e-06  5.6111e-05  4.7307e-05
  8.1500e+01  7.2526e-04  7.8970e-04  1.5342e-03 -1.4145e-06  7.3230e-04 -1.7266e-05  3.7386e-07  2.2494e-06 -4.5054e-06  2.2815e-06  1.0393e-06  5.2934e-05  4.5041e-05
  8.2500e+01  6.7007e-04  7.4805e-04  1.4508e-03 -5.8740e-08  6.8986e-04 -1.5019e-05  3.3260e-07  2.4424e-06 -4.8758e-06  1.6200e-06  3.8999e-07  4.9927e-05  4.2911e-05
  8.3500e+01  6.1714e-04  7.1232e-04  1.3796e-03  1.3541e-06  6.5359e-04 -1.2746e-05  2.9830e-07  2.6323e-06 -5.2385e-06  9.4100e-07 -2.8401e-07  4.7073e-05  4.0909e-05
  8.4500e+01  5.7170e-04  6.8275e-04  1.3211e-03  2.8166e-06  6.2388e-04 -1.0450e-05  2.7057e-07  2.8080e-06 -5.5718e-06  2.4388e-07 -9.8435e-07  4.4356e-05  3.9028e-05
  8.5500e+01  5.3364e-04  6.5951e-04  1.2757e-03  4.3151e-06  6.0108e-04 -8.1417e-06  2.4912e-07  2.9571e-06 -5.8524e-06 -4.6963e-07 -1.7098e-06  4.1763e-05  3.7260e-05
  8.6500e+01  4.9774e-04  6.4274e-04  1.2439e-03  5.8291e-06  5.8549e-04 -5.8374e-06  2.3365e-07  3.0668e-06 -6.0554e-06 -1.1951e-06 -2.4558e-06  3.9282e-05  3.5599e-05
  8.7500e+01  4.6601e-04  6.3249e-04  1.2258e-03  7.3320e-06  5.7730e-04 -3.5624e-06  2.2392e-07  3.1242e-06 -6.1564e-06 -1.9254e-06 -3.2146e-06  3.6903e-05  3.4037e-05
  8.8500e+01  4.4273e-04  6.2872e-04  1.2214e-03  8.7915e-06  5.7659e-04 -1.3478e-06  2.1966e-07  3.1171e-06 -6.1327e-06 -2.6509e-06 -3.9753e-06  3.4618e-05  3.2568e-05
  8.9500e+01  4.3008e-04  6.3123e-04  1.2303e-03  1.0171e-05  5.8326e-04  7.6951e-07  2.2056e-07  3.0354e-06 -5.9654e-06 -3.3597e-06 -4.7241e-06  3.2422e-05  3.1185e-05
  9.0500e+01  4.3152e-04  6.3971e-04  1.2519e-03  1.1430e-05  5.9704e-04  2.7487e-06  2.2628e-07  2.8718e-06 -5.6406e-06 -4.0381e-06 -5.4448e-06  3.0312e-05  2.9881e-05
  9.1500e+01  4.5139e-04  6.5370e-04  1.2851e-03  1.2528e-05  6.1742e-04  4.5470e-06  2.3641e-07  2.6222e-06 -5.1511e-06 -4.6713e-06 -6.1202e-06  2.8285e-05  2.8650e-05
  9.2500e+01  4.8673e-04  6.7256e-04  1.3288e-03  1.3426e-05  6.4373e-04  6.1220e-06  2.5044e-07  2.2869e-06 -4.4979e-06 -5.2441e-06 -6.7325e-06  2.6342e-05  2.7485e-05
  9.3500e+01  5.3137e-04  6.9553e-04  1.3811e-03  1.4086e-05  6.7503e-04  7.4343e-06  2.6778e-07  1.8710e-06 -3.6903e-06 -5.7419e-06 -7.2643e-06  2.4486e-05  2.6379e-05
  9.4500e+01  5.7938e-04  7.2169e-04  1.4401e-03  1.4480e-05  7.1023e-04  8.4499e-06  2.8774e-07  1.3839e-06 -2.7465e-06 -6.1513e-06 -7.7004e-06  2.2719e-05  2.5325e-05
  9.5500e+01  6.3194e-04  7.5001e-04  1.5036e-03  1.4582e-05  7.4804e-04  9.1424e-06  3.0954e-07  8.3977e-07 -1.6930e-06 -6.4613e-06 -8.0281e-06  2.1045e-05  2.4317e-05
  9.6500e+01  6.9775e-04  7.7937e-04  1.5691e-03  1.4382e-05  7.8708e-04  9.4953e-06  3.3231e-07  2.5626e-07 -5.6336e-07 -6.6636e-06 -8.2381e-06  1.9470e-05  2.3349e-05
  9.7500e+01  7.7906e-04  8.0862e-04  1.6341e-03  1.3875e-05  8.2588e-04  9.5035e-06  3.5514e-07 -3.4599e-07  6.0361e-07 -6.7536e-06 -8.3256e-06  1.7997e-05  2.2414e-05
  9.8500e+01  8.7079e-04  8.3655e-04  1.6960e-03  1.3070e-05  8.6293e-04  9.1734e-06  3.7711e-07 -9.4469e-07  1.7658e-06 -6.7304e-06 -8.2900e-06  1.6631e-05  2.1509e-05
  9.9500e+01  9.5597e-04  8.6203e-04  1.7522e-03  1.1989e-05  8.9682e-04  8.5237e-06  3.9729e-07 -1.5172e-06  2.8803e-06 -6.5969e-06 -8.1350e-06  1.5373e-05  2.0628e-05
  1.0050e+02  1.0257e-03  8.8397e-04  1.8005e-03  1.0660e-05  9.2618e-04  7.5839e-06  4.1483e-07 -2.0420e-06  3.9061e-06 -6.3599e-06 -7.8686e-06  1.4227e-05  1.9768e-05
  1.0150e+02  1.0830e-03  9.0139e-04  1.8389e-03  9.1239e-06  9.4986e-04  6.3933e-06  4.2896e-07 -2.4997e-06  4.8064e-06 -6.0294e-06 -7.5022e-06  1.3192e-05  1.8926e-05
  1.0250e+02  1.1220e-03  9.1349e-04  1.8655e-03  7.4271e-06  9.6685e-04  4.9988e-06  4.3905e-07 -2.8745e-06  5.5504e-06 -5.6182e-06 -7.0497e-06  1.2266e-05  1.8101e-05
  1.0350e+02  1.1353e-03  9.1961e-04  1.8791e-03  5.6212e-06  9.7644e-04  3.4524e-06  4.4461e-07 -3.1550e-06  6.1157e-06 -5.1410e-06 -6.5270e-06  1.1447e-05  1.7292e-05
  1.0450e+02  1.1285e-03  9.1929e-04  1.8787e-03  3.7602e-06  9.7812e-04  1.8087e-06  4.4537e-07 -3.3345e-06  6.4884e-06 -4.6139e-06 -5.9507e-06  1.0730e-05  1.6498e-05
  1.0550e+02  1.1169e-03  9.1228e-04  1.8639e-03  1.8978e-06  9.7168e-04  1.2221e-07  4.4122e-07 -3.4114e-06  6.6640e-06 -4.0532e-06 -5.3376e-06  1.0109e-05  1.5721e-05
  1.0650e+02  1.1211e-03  8.9855e-04  1.8347e-03  8.4870e-08  9.5715e-04 -1.5551e-06  4.3225e-07 -3.3886e-06  6.6474e-06 -3.4750e-06 -4.7035e-06  9.5790e-06  1.4961e-05
  1.0750e+02  1.1083e-03  8.7824e-04  1.7915e-03 -1.6322e-06  9.3482e-04 -3.1757e-06  4.1873e-07 -3.2736e-06  6.4512e-06 -2.8942e-06 -4.0631e-06  9.1308e-06  1.4221e-05
  1.0850e+02  1.0380e-03  8.5168e-04  1.7351e-03 -3.2137e-06  9.0517e-04 -4.6981e-06  4.0109e-07 -3.0773e-06  6.0951e-06 -2.3241e-06 -3.4294e-06  8.7568e-06  1.3503e-05
  1.0950e+02  9.5735e-04  8.1937e-04  1.6667e-03 -4.6277e-06  8.6886e-04 -6.0877e-06  3.7988e-07 -2.8133e-06  5.6042e-06 -1.7761e-06 -2.8133e-06  8.4487e-06  1.2809e-05
  1.1050e+02  9.0096e-04  7.8192e-04  1.5876e-03 -5.8506e-06  8.2670e-04 -7.3179e-06  3.5577e-07 -2.4969e-06  5.0068e-06 -1.2595e-06 -2.2243e-06  8.1979e-06  1.2140e-05
  1.1150e+02  8.5472e-04  7.4004e-04  1.4995e-03 -6.8675e-06  7.7958e-04 -8.3694e-06  3.2944e-07 -2.1439e-06  4.3329e-06 -7.8125e-07 -1.6697e-06  7.9963e-06  1.1500e-05
  1.1250e+02  8.0260e-04  6.9451e-04  1.4040e-03 -7.6720e-06  7.2848e-04 -9.2305e-06  3.0165e-07 -1.7699e-06  3.6125e-06 -3.4622e-07 -1.1553e-06  7.8358e-06  1.0889e-05
  1.1350e+02  7.3491e-04  6.4615e-04  1.3028e-03 -8.2652e-06  6.7436e-04 -9.8965e-06  2.7311e-07 -1.3895e-06  2.8737e-06  4.2704e-08 -6.8551e-07  7.7088e-06  1.0309e-05
  1.1450e+02  6.6067e-04  5.9575e-04  1.1978e-03 -8.6550e-06  6.1820e-04 -1.0369e-05  2.4450e-07 -1.0157e-06  2.1420e-06  3.8437e-07 -2.6335e-07  7.6082e-06  9.7616e-06
  1.1550e+02  5.8902e-04  5.4412e-04  1.0905e-03 -8.8549e-06  5.6094e-04 -1.0654e-05  2.1643e-07 -6.5940e-07  1.4391e-06  6.7906e-07  1.0930e-07  7.5273e-06  9.2467e-06
  1.1650e+02  5.2130e-04  4.9199e-04  9.8261e-04 -8.8826e-06  5.0344e-04 -1.0762e-05  1.8944e-07 -3.2916e-07  7.8263e-07  9.2819e-07  4.3166e-07  7.4600e-06  8.7646e-06
  1.1750e+02  4.5371e-04  4.4004e-04  8.7544e-04 -8.7586e-06  4.4651e-04 -1.0710e-05  1.6396e-07 -3.1318e-08  1.8575e-07  1.1340e-06  7.0396e-07  7.4008e-06  8.3149e-06
  1.1850e+02  3.7940e-04  3.8887e-04  7.7024e-04 -8.5053e-06  3.9083e-04 -1.0514e-05  1.4032e-07  2.3011e-07 -3.4265e-07  1.2994e-06  9.2738e-07  7.3448e-06  7.8969e-06
  1.1950e+02  2.9153e-04  3.3901e-04  6.6807e-04 -8.1455e-06  3.3702e-04 -1.0194e-05  1.1877e-07  4.5312e-07 -7.9767e-07  1.4276e-06  1.1040e-06  7.2878e-06  7.5097e-06
  1.2050e+02  2.0836e-04  2.9088e-04  5.6980e-04 -7.7018e-06  2.8556e-04 -9.7704e-06  9.9437e-08  6.3747e-07 -1.1779e-06  1.5220e-06  1.2369e-06  7.2263e-06  7.1518e-06
  1.2150e+02  1.8542e-04  2.4485e-04  4.7611e-04 -7.1954e-06  2.3684e-04 -9.2647e-06  8.2383e-08  7.8438e-07 -1.4848e-06  1.5859e-06  1.3296e-06  7.1573e-06  6.8219e-06
  1.2250e+02  1.7889e-04  2.0116e-04  3.8750e-04 -6.6461e-06  1.9115e-04 -8.6980e-06  6.7587e-08  8.9616e-07 -1.7221e-06  1.6229e-06  1.3865e-06  7.0788e-06  6.5181e-06
  1.2350e+02  1.0338e-04  1.6002e-04  3.0433e-04 -6.0714e-06  1.4867e-04 -8.0907e-06  5.4967e-08  9.7591e-07 -1.8955e-06  1.6360e-06  1.4123e-06  6.9893e-06  6.2387e-06
  1.2450e+02  4.6169e-05  1.2154e-04  2.2679e-04 -5.4864e-06  1.0950e-04 -7.4617e-06  4.4395e-08  1.0272e-06 -2.0114e-06  1.6284e-06  1.4121e-06  6.8880e-06  5.9817e-06
  1.2550e+02  5.7199e-05  8.5792e-05  1.5498e-04 -4.9038e-06  7.3624e-05 -6.8282e-06  3.5707e-08  1.0539e-06 -2.0771e-06  1.6029e-06  1.3910e-06  6.7748e-06  5.7453e-06
  1.2650e+02  2.2166e-05  5.2773e-05  8.8871e-05 -4.3343e-06  4.0991e-05 -6.2050e-06  2.8718e-08  1.0598e-06 -2.0999e-06  1.5621e-06  1.3537e-06  6.6501e-06  5.5275e-06
  1.2750e+02 -5.6425e-05  2.2451e-05  2.8354e-05 -3.7858e-06  1.1469e-05 -5.6045e-06  2.3232e-08  1.0486e-06 -2.0871e-06  1.5086e-06  1.3047e-06  6.5149e-06  5.3267e-06
  1.2850e+02 -8.5388e-05 -5.2434e-06 -2.6743e-05 -3.2646e-06 -1.5117e-05 -5.0364e-06  1.9052e-08  1.0237e-06 -2.0455e-06  1.4444e-06  1.2480e-06  6.3704e-06  5.1408e-06
  1.2950e+02 -7.7678e-05 -3.0406e-05 -7.6646e-05 -2.7749e-06 -3.8976e-05 -4.5075e-06  1.5986e-08  9.8834e-07 -1.9814e-06  1.3716e-06  1.1866e-06  6.2182e-06  4.9684e-06
  1.3050e+02 -7.0263e-05 -5.3154e-05 -1.2162e-04 -2.3197e-06 -6.0336e-05 -4.0218e-06  1.3857e-08  9.4521e-07 -1.9003e-06  1.2921e-06  1.1229e-06  6.0600e-06  4.8079e-06
  1.3150e+02 -7.3710e-05 -7.3617e-05 -1.6194e-04 -1.9003e-06 -7.9433e-05 -3.5809e-06  1.2499e-08  8.9667e-07 -1.8071e-06  1.2075e-06  1.0585e-06  5.8976e-06  4.6578e-06
  1.3250e+02 -8.6762e-05 -9.1935e-05 -1.9792e-04 -1.5173e-06 -9.6497e-05 -3.1840e-06  1.1765e-08  8.4472e-07 -1.7060e-06  1.1193e-06  9.9395e-07  5.7325e-06  4.5170e-06
  1.3350e+02 -1.0147e-04 -1.0825e-04 -2.2987e-04 -1.1703e-06 -1.1175e-04 -2.8287e-06  1.1523e-08  7.9102e-07 -1.6004e-06  1.0287e-06  9.2951e-07  5.5664e-06  4.3842e-06
  1.3450e+02 -1.1375e-04 -1.2271e-04 -2.5808e-04 -8.5817e-07 -1.2537e-04 -2.5111e-06  1.1662e-08  7.3686e-07 -1.4930e-06  9.3702e-07  8.6475e-07  5.4004e-06  4.2586e-06
  1.3550e+02 -1.2247e-04 -1.3546e-04 -2.8285e-04 -5.7950e-07 -1.3755e-04 -2.2267e-06  1.2082e-08  6.8329e-07 -1.3862e-06  8.4514e-07  7.9903e-07  5.2357e-06  4.1393e-06
  1.3650e+02 -1.2982e-04 -1.4663e-04 -3.0448e-04 -3.3247e-07 -1.4842e-04 -1.9707e-06  1.2702e-08  6.3108e-07 -1.2816e-06  7.5398e-07  7.3165e-07  5.0730e-06  4.0255e-06
  1.3750e+02 -1.4122e-04 -1.5637e-04 -3.2324e-04 -1.1506e-07 -1.5809e-04 -1.7387e-06  1.3453e-08  5.8081e-07 -1.1804e-06  6.6430e-07  6.6207e-07  4.9127e-06  3.9167e-06
  1.3850e+02 -1.6387e-04 -1.6478e-04 -3.3939e-04  7.4859e-08 -1.6667e-04 -1.5268e-06  1.4275e-08  5.3289e-07 -1.0836e-06  5.7673e-07  5.9008e-07  4.7553e-06  3.8125e-06
  1.3950e+02 -1.9960e-04 -1.7201e-04 -3.5318e-04  2.3946e-07 -1.7422e-04 -1.3321e-06  1.5125e-08  4.8758e-07 -9.9189e-07  4.9181e-07  5.1586e-07  4.6008e-06  3.7123e-06
