# k[h/Mpc]   P_Zel   P_A    P_W    P_d    P_dd     P_d^2    P_d^2d^2  P_dd^2    P_s^2    P_ds^2    P_d^2s^2   P_s^2s^2   P_D2d     P_dD2d
# 
1.0000e-03 3.0440e+03 4.1900e-02 -1.4570e-02 5.4346e+03 4.9871e+03 -2.6120e-02 8.4066e+02 1.7853e-01 1.6662e-01 1.1651e-01 2.2410e+03 1.4936e+03 0.0000e+00 0.0000e+00
1.0410e-03 3.1462e+03 4.6593e-02 -1.6564e-02 5.6511e+03 5.0400e+03 -2.8255e-02 8.4066e+02 1.9350e-01 1.8044e-01 1.2618e-01 2.2410e+03 1.4936e+03 0.0000e+00 0.0000e+00
1.0837e-03 3.2518e+03 5.1825e-02 -1.8829e-02 5.8753e+03 5.0951e+03 -3.0560e-02 8.4065e+02 2.0972e-01 1.9539e-01 1.3664e-01 2.2409e+03 1.4935e+03 0.0000e+00 0.0000e+00
1.1282e-03 3.3609e+03 5.7661e-02 -2.1400e-02 6.1077e+03 5.1528e+03 -3.3047e-02 8.4065e+02 2.2731e-01 2.1157e-01 1.4797e-01 2.2408e+03 1.4934e+03 0.0000e+00 0.0000e+00
1.1745e-03 3.4735e+03 6.4171e-02 -2.4317e-02 6.3482e+03 5.2130e+03 -3.5731e-02 8.4065e+02 2.4637e-01 2.2908e-01 1.6022e-01 2.2407e+03 1.4933e+03 0.0000e+00 0.0000e+00
1.2227e-03 3.5899e+03 7.1436e-02 -2.7627e-02 6.5973e+03 5.2760e+03 -3.8625e-02 8.4064e+02 2.6704e-01 2.4801e-01 1.7347e-01 2.2406e+03 1.4931e+03 0.0000e+00 0.0000e+00
1.2729e-03 3.7099e+03 7.9544e-02 -3.1381e-02 6.8550e+03 5.3419e+03 -4.1745e-02 8.4064e+02 2.8944e-01 2.6848e-01 1.8781e-01 2.2405e+03 1.4930e+03 0.0000e+00 0.0000e+00
1.3251e-03 3.8339e+03 8.8596e-02 -3.5636e-02 7.1215e+03 5.4110e+03 -4.5107e-02 8.4063e+02 3.1372e-01 2.9063e-01 2.0331e-01 2.2404e+03 1.4929e+03 0.0000e+00 0.0000e+00
1.3795e-03 3.9618e+03 9.8702e-02 -4.0459e-02 7.3972e+03 5.4833e+03 -4.8728e-02 8.4063e+02 3.4005e-01 3.1456e-01 2.2008e-01 2.2403e+03 1.4927e+03 0.0000e+00 0.0000e+00
1.4361e-03 4.0938e+03 1.0999e-01 -4.5922e-02 7.6821e+03 5.5591e+03 -5.2626e-02 8.4062e+02 3.6858e-01 3.4044e-01 2.3820e-01 2.2402e+03 1.4926e+03 0.0000e+00 0.0000e+00
1.4950e-03 4.2301e+03 1.2260e-01 -5.2108e-02 7.9764e+03 5.6386e+03 -5.6820e-02 8.4062e+02 3.9952e-01 3.6841e-01 2.5780e-01 2.2400e+03 1.4924e+03 0.0000e+00 0.0000e+00
1.5563e-03 4.3707e+03 1.3668e-01 -5.9110e-02 8.2804e+03 5.7220e+03 -6.1330e-02 8.4061e+02 4.3307e-01 3.9863e-01 2.7898e-01 2.2399e+03 1.4922e+03 0.0000e+00 0.0000e+00
1.6202e-03 4.5157e+03 1.5242e-01 -6.7030e-02 8.5943e+03 5.8093e+03 -6.6177e-02 8.4061e+02 4.6943e-01 4.3127e-01 3.0186e-01 2.2397e+03 1.4920e+03 0.0000e+00 0.0000e+00
1.6867e-03 4.6652e+03 1.7001e-01 -7.5984e-02 8.9181e+03 5.9009e+03 -7.1381e-02 8.4060e+02 5.0886e-01 4.6653e-01 3.2658e-01 2.2395e+03 1.4918e+03 0.0000e+00 0.0000e+00
1.7559e-03 4.8195e+03 1.8966e-01 -8.6102e-02 9.2521e+03 5.9971e+03 -7.6965e-02 8.4059e+02 5.5161e-01 5.0459e-01 3.5328e-01 2.2393e+03 1.4915e+03 0.0000e+00 0.0000e+00
1.8279e-03 4.9785e+03 2.1164e-01 -9.7528e-02 9.5963e+03 6.0979e+03 -8.2951e-02 8.4058e+02 5.9796e-01 5.4568e-01 3.8210e-01 2.2391e+03 1.4913e+03 0.0000e+00 0.0000e+00
1.9029e-03 5.1424e+03 2.3620e-01 -1.1042e-01 9.9510e+03 6.2035e+03 -8.9363e-02 8.4057e+02 6.4822e-01 5.9003e-01 4.1322e-01 2.2389e+03 1.4910e+03 0.0000e+00 0.0000e+00
1.9810e-03 5.3113e+03 2.6366e-01 -1.2496e-01 1.0316e+04 6.3142e+03 -9.6224e-02 8.4056e+02 7.0271e-01 6.3786e-01 4.4680e-01 2.2387e+03 1.4907e+03 0.0000e+00 0.0000e+00
2.0623e-03 5.4853e+03 2.9437e-01 -1.4135e-01 1.0692e+04 6.4303e+03 -1.0356e-01 8.4055e+02 7.6181e-01 6.8944e-01 4.8302e-01 2.2384e+03 1.4904e+03 0.0000e+00 0.0000e+00
2.1469e-03 5.6646e+03 3.2871e-01 -1.5979e-01 1.1079e+04 6.5517e+03 -1.1139e-01 8.4054e+02 8.2590e-01 7.4505e-01 5.2209e-01 2.2381e+03 1.4900e+03 0.0000e+00 0.0000e+00
2.2350e-03 5.8491e+03 3.6711e-01 -1.8055e-01 1.1476e+04 6.6789e+03 -1.1974e-01 8.4053e+02 8.9540e-01 8.0496e-01 5.6420e-01 2.2378e+03 1.4896e+03 0.0000e+00 0.0000e+00
2.3267e-03 6.0391e+03 4.1005e-01 -2.0388e-01 1.1884e+04 6.8122e+03 -1.2862e-01 8.4051e+02 9.7078e-01 8.6950e-01 6.0958e-01 2.2375e+03 1.4892e+03 0.0000e+00 0.0000e+00
2.4221e-03 6.2345e+03 4.5808e-01 -2.3008e-01 1.2303e+04 6.9515e+03 -1.3807e-01 8.4050e+02 1.0525e+00 9.3898e-01 6.5846e-01 2.2371e+03 1.4888e+03 0.0000e+00 0.0000e+00
2.5215e-03 6.4356e+03 5.1178e-01 -2.5947e-01 1.2733e+04 7.0971e+03 -1.4809e-01 8.4048e+02 1.1412e+00 1.0137e+00 7.1109e-01 2.2367e+03 1.4883e+03 0.0000e+00 0.0000e+00
2.6250e-03 6.6423e+03 5.7182e-01 -2.9242e-01 1.3173e+04 7.2492e+03 -1.5871e-01 8.4046e+02 1.2374e+00 1.0942e+00 7.6772e-01 2.2363e+03 1.4878e+03 0.0000e+00 0.0000e+00
2.7327e-03 6.8548e+03 6.3897e-01 -3.2931e-01 1.3625e+04 7.4081e+03 -1.6993e-01 8.4044e+02 1.3418e+00 1.1806e+00 8.2864e-01 2.2358e+03 1.4872e+03 0.0000e+00 0.0000e+00
2.8448e-03 7.0731e+03 7.1403e-01 -3.7058e-01 1.4087e+04 7.5739e+03 -1.8176e-01 8.4042e+02 1.4550e+00 1.2734e+00 8.9412e-01 2.2353e+03 1.4866e+03 0.0000e+00 0.0000e+00
2.9615e-03 7.2971e+03 7.9794e-01 -4.1669e-01 1.4559e+04 7.7466e+03 -1.9419e-01 8.4040e+02 1.5778e+00 1.3731e+00 9.6446e-01 2.2348e+03 1.4860e+03 0.0000e+00 0.0000e+00
3.0830e-03 7.5271e+03 8.9172e-01 -4.6817e-01 1.5042e+04 7.9267e+03 -2.0722e-01 8.4038e+02 1.7111e+00 1.4800e+00 1.0400e+00 2.2342e+03 1.4853e+03 0.0000e+00 0.0000e+00
3.2095e-03 7.7628e+03 9.9652e-01 -5.2557e-01 1.5535e+04 8.1141e+03 -2.2084e-01 8.4035e+02 1.8557e+00 1.5947e+00 1.1210e+00 2.2336e+03 1.4845e+03 0.0000e+00 0.0000e+00
3.3412e-03 8.0045e+03 1.1136e+00 -5.8953e-01 1.6037e+04 8.3088e+03 -2.3501e-01 8.4032e+02 2.0126e+00 1.7175e+00 1.2079e+00 2.2329e+03 1.4837e+03 0.0000e+00 0.0000e+00
3.4783e-03 8.2519e+03 1.2443e+00 -6.6071e-01 1.6550e+04 8.5111e+03 -2.4969e-01 8.4029e+02 2.1829e+00 1.8489e+00 1.3010e+00 2.2322e+03 1.4828e+03 0.0000e+00 0.0000e+00
3.6210e-03 8.5051e+03 1.3903e+00 -7.3986e-01 1.7072e+04 8.7211e+03 -2.6481e-01 8.4026e+02 2.3678e+00 1.9894e+00 1.4006e+00 2.2314e+03 1.4819e+03 0.0000e+00 0.0000e+00
3.7696e-03 8.7639e+03 1.5532e+00 -8.2778e-01 1.7602e+04 8.9386e+03 -2.8031e-01 8.4022e+02 2.5684e+00 2.1395e+00 1.5071e+00 2.2305e+03 1.4809e+03 0.0000e+00 0.0000e+00
3.9243e-03 9.0283e+03 1.7350e+00 -9.2537e-01 1.8142e+04 9.1637e+03 -2.9608e-01 8.4018e+02 2.7862e+00 2.2996e+00 1.6210e+00 2.2296e+03 1.4798e+03 0.0000e+00 0.0000e+00
4.0853e-03 9.2981e+03 1.9376e+00 -1.0336e+00 1.8689e+04 9.3965e+03 -3.1198e-01 8.4014e+02 3.0227e+00 2.4703e+00 1.7424e+00 2.2286e+03 1.4786e+03 0.0000e+00 0.0000e+00
4.2529e-03 9.5729e+03 2.1634e+00 -1.1535e+00 1.9245e+04 9.6367e+03 -3.2786e-01 8.4009e+02 3.2794e+00 2.6520e+00 1.8720e+00 2.2275e+03 1.4774e+03 0.0000e+00 0.0000e+00
4.4274e-03 9.8528e+03 2.4148e+00 -1.2863e+00 1.9807e+04 9.8842e+03 -3.4352e-01 8.4004e+02 3.5582e+00 2.8452e+00 2.0099e+00 2.2263e+03 1.4760e+03 0.0000e+00 0.0000e+00
4.6091e-03 1.0137e+04 2.6947e+00 -1.4331e+00 2.0377e+04 1.0139e+04 -3.5870e-01 8.3999e+02 3.8610e+00 3.0503e+00 2.1565e+00 2.2251e+03 1.4745e+03 0.0000e+00 0.0000e+00
4.7982e-03 1.0426e+04 3.0059e+00 -1.5954e+00 2.0952e+04 1.0401e+04 -3.7313e-01 8.3993e+02 4.1898e+00 3.2677e+00 2.3123e+00 2.2237e+03 1.4730e+03 0.0000e+00 0.0000e+00
4.9950e-03 1.0719e+04 3.3516e+00 -1.7745e+00 2.1533e+04 1.0669e+04 -3.8643e-01 8.3987e+02 4.5469e+00 3.4977e+00 2.4775e+00 2.2222e+03 1.4713e+03 0.0000e+00 0.0000e+00
5.2000e-03 1.1015e+04 3.7354e+00 -1.9720e+00 2.2119e+04 1.0943e+04 -3.9820e-01 8.3980e+02 4.9349e+00 3.7407e+00 2.6524e+00 2.2206e+03 1.4695e+03 0.0000e+00 0.0000e+00
5.4134e-03 1.1313e+04 4.1610e+00 -2.1895e+00 2.2709e+04 1.1224e+04 -4.0793e-01 8.3973e+02 5.3564e+00 3.9968e+00 2.8373e+00 2.2189e+03 1.4675e+03 0.0000e+00 0.0000e+00
5.6355e-03 1.1614e+04 4.6325e+00 -2.4285e+00 2.3302e+04 1.1509e+04 -4.1502e-01 8.3965e+02 5.8142e+00 4.2663e+00 3.0324e+00 2.2171e+03 1.4655e+03 0.0000e+00 0.0000e+00
5.8667e-03 1.1917e+04 5.1540e+00 -2.6908e+00 2.3897e+04 1.1799e+04 -4.1880e-01 8.3956e+02 6.3118e+00 4.5492e+00 3.2379e+00 2.2151e+03 1.4632e+03 0.0000e+00 0.0000e+00
6.1074e-03 1.2221e+04 5.7302e+00 -2.9782e+00 2.4493e+04 1.2094e+04 -4.1843e-01 8.3947e+02 6.8524e+00 4.8454e+00 3.4538e+00 2.2129e+03 1.4608e+03 0.0000e+00 0.0000e+00
6.3580e-03 1.2524e+04 6.3660e+00 -3.2924e+00 2.5089e+04 1.2391e+04 -4.1300e-01 8.3936e+02 7.4398e+00 5.1547e+00 3.6801e+00 2.2106e+03 1.4583e+03 0.0000e+00 0.0000e+00
6.6189e-03 1.2827e+04 7.0664e+00 -3.6352e+00 2.5684e+04 1.2691e+04 -4.0139e-01 8.3925e+02 8.0782e+00 5.4767e+00 3.9169e+00 2.2081e+03 1.4556e+03 0.0000e+00 0.0000e+00
6.8904e-03 1.3128e+04 7.8366e+00 -4.0087e+00 2.6277e+04 1.2992e+04 -3.8234e-01 8.3914e+02 8.7720e+00 5.8109e+00 4.1638e+00 2.2054e+03 1.4527e+03 0.0000e+00 0.0000e+00
7.1732e-03 1.3426e+04 8.6823e+00 -4.4147e+00 2.6865e+04 1.3293e+04 -3.5440e-01 8.3901e+02 9.5259e+00 6.1565e+00 4.4206e+00 2.2025e+03 1.4496e+03 0.0000e+00 0.0000e+00
7.4675e-03 1.3720e+04 9.6092e+00 -4.8555e+00 2.7447e+04 1.3594e+04 -3.1586e-01 8.3887e+02 1.0345e+01 6.5124e+00 4.6869e+00 2.1994e+03 1.4463e+03 0.0000e+00 0.0000e+00
7.7739e-03 1.4009e+04 1.0623e+01 -5.3333e+00 2.8021e+04 1.3892e+04 -2.6485e-01 8.3872e+02 1.1236e+01 6.8773e+00 4.9620e+00 2.1961e+03 1.4427e+03 0.0000e+00 0.0000e+00
8.0928e-03 1.4291e+04 1.1730e+01 -5.8503e+00 2.8586e+04 1.4187e+04 -1.9913e-01 8.3856e+02 1.2203e+01 7.2497e+00 5.2452e+00 2.1925e+03 1.4390e+03 0.0000e+00 0.0000e+00
8.4249e-03 1.4566e+04 1.2936e+01 -6.4087e+00 2.9137e+04 1.4477e+04 -1.1622e-01 8.3838e+02 1.3255e+01 7.6276e+00 5.5355e+00 2.1886e+03 1.4350e+03 0.0000e+00 0.0000e+00
8.7706e-03 1.4832e+04 1.4246e+01 -7.0105e+00 2.9674e+04 1.4761e+04 -1.3288e-02 8.3820e+02 1.4397e+01 8.0086e+00 5.8317e+00 2.1845e+03 1.4308e+03 0.0000e+00 0.0000e+00
9.1304e-03 1.5088e+04 1.5668e+01 -7.6573e+00 3.0193e+04 1.5037e+04 1.1290e-01 8.3799e+02 1.5638e+01 8.3901e+00 6.1324e+00 2.1801e+03 1.4263e+03 0.0000e+00 0.0000e+00
9.5051e-03 1.5333e+04 1.7207e+01 -8.3500e+00 3.0692e+04 1.5303e+04 2.6591e-01 8.3777e+02 1.6986e+01 8.7688e+00 6.4359e+00 2.1753e+03 1.4215e+03 0.0000e+00 0.0000e+00
9.8951e-03 1.5565e+04 1.8869e+01 -9.0895e+00 3.1168e+04 1.5558e+04 4.4990e-01 8.3754e+02 1.8450e+01 9.1412e+00 6.7403e+00 2.1702e+03 1.4165e+03 0.0000e+00 0.0000e+00
1.0301e-02 1.5783e+04 2.0661e+01 -9.8764e+00 3.1617e+04 1.5799e+04 6.6932e-01 8.3728e+02 2.0039e+01 9.5029e+00 7.0434e+00 2.1648e+03 1.4111e+03 0.0000e+00 0.0000e+00
1.0724e-02 1.5987e+04 2.2587e+01 -1.0712e+01 3.2038e+04 1.6026e+04 9.2936e-01 8.3700e+02 2.1764e+01 9.8495e+00 7.3426e+00 2.1590e+03 1.4055e+03 0.0000e+00 0.0000e+00
1.1164e-02 1.6174e+04 2.4655e+01 -1.1596e+01 3.2426e+04 1.6237e+04 1.2356e+00 8.3671e+02 2.3634e+01 1.0176e+01 7.6350e+00 2.1528e+03 1.3995e+03 0.0000e+00 0.0000e+00
1.1622e-02 1.6345e+04 2.6868e+01 -1.2530e+01 3.2781e+04 1.6429e+04 1.5944e+00 8.3638e+02 2.5663e+01 1.0475e+01 7.9177e+00 2.1461e+03 1.3932e+03 0.0000e+00 0.0000e+00
1.2099e-02 1.6499e+04 2.9234e+01 -1.3513e+01 3.3099e+04 1.6600e+04 2.0126e+00 8.3604e+02 2.7861e+01 1.0743e+01 8.1870e+00 2.1391e+03 1.3866e+03 0.0000e+00 0.0000e+00
1.2595e-02 1.6634e+04 3.1756e+01 -1.4544e+01 3.3378e+04 1.6751e+04 2.4979e+00 8.3566e+02 3.0242e+01 1.0970e+01 8.4392e+00 2.1316e+03 1.3797e+03 0.0000e+00 0.0000e+00
1.3112e-02 1.6749e+04 3.4439e+01 -1.5616e+01 3.3617e+04 1.6878e+04 3.0585e+00 8.3526e+02 3.2820e+01 1.1151e+01 8.6702e+00 2.1236e+03 1.3723e+03 0.0000e+00 0.0000e+00
1.3650e-02 1.6844e+04 3.7286e+01 -1.6724e+01 3.3813e+04 1.6981e+04 3.7033e+00 8.3483e+02 3.5608e+01 1.1277e+01 8.8755e+00 2.1150e+03 1.3647e+03 0.0000e+00 0.0000e+00
1.4210e-02 1.6918e+04 4.0298e+01 -1.7867e+01 3.3966e+04 1.7057e+04 4.4421e+00 8.3436e+02 3.8621e+01 1.1340e+01 9.0506e+00 2.1060e+03 1.3566e+03 0.0000e+00 0.0000e+00
1.4793e-02 1.6969e+04 4.3474e+01 -1.9044e+01 3.4072e+04 1.7106e+04 5.2854e+00 8.3386e+02 4.1875e+01 1.1331e+01 9.1906e+00 2.0964e+03 1.3482e+03 0.0000e+00 0.0000e+00
1.5400e-02 1.6995e+04 4.6812e+01 -2.0258e+01 3.4131e+04 1.7128e+04 6.2440e+00 8.3331e+02 4.5384e+01 1.1240e+01 9.2904e+00 2.0863e+03 1.3395e+03 0.0000e+00 0.0000e+00
1.6032e-02 1.6995e+04 5.0303e+01 -2.1505e+01 3.4137e+04 1.7119e+04 7.3296e+00 8.3273e+02 4.9166e+01 1.1060e+01 9.3449e+00 2.0755e+03 1.3303e+03 0.0000e+00 0.0000e+00
1.6690e-02 1.6965e+04 5.3936e+01 -2.2766e+01 3.4089e+04 1.7081e+04 8.5543e+00 8.3210e+02 5.3235e+01 1.0780e+01 9.3488e+00 2.0642e+03 1.3207e+03 0.0000e+00 0.0000e+00
1.7374e-02 1.6903e+04 5.7698e+01 -2.4020e+01 3.3979e+04 1.7013e+04 9.9305e+00 8.3143e+02 5.7609e+01 1.0391e+01 9.2971e+00 2.0522e+03 1.3108e+03 0.0000e+00 0.0000e+00
1.8087e-02 1.6806e+04 6.1568e+01 -2.5250e+01 3.3803e+04 1.6913e+04 1.1471e+01 8.3070e+02 6.2303e+01 9.8851e+00 9.1846e+00 2.0396e+03 1.3004e+03 0.0000e+00 0.0000e+00
1.8829e-02 1.6672e+04 6.5525e+01 -2.6453e+01 3.3554e+04 1.6781e+04 1.3187e+01 8.2992e+02 6.7333e+01 9.2536e+00 9.0068e+00 2.0263e+03 1.2897e+03 0.0000e+00 0.0000e+00
1.9602e-02 1.6500e+04 6.9546e+01 -2.7628e+01 3.3228e+04 1.6618e+04 1.5093e+01 8.2908e+02 7.2713e+01 8.4889e+00 8.7592e+00 2.0123e+03 1.2785e+03 0.0000e+00 0.0000e+00
2.0406e-02 1.6288e+04 7.3605e+01 -2.8755e+01 3.2822e+04 1.6423e+04 1.7200e+01 8.2818e+02 7.8458e+01 7.5844e+00 8.4381e+00 1.9977e+03 1.2669e+03 0.0000e+00 0.0000e+00
2.1243e-02 1.6039e+04 7.7681e+01 -2.9800e+01 3.2340e+04 1.6196e+04 1.9519e+01 8.2721e+02 8.4581e+01 6.5343e+00 8.0401e+00 1.9823e+03 1.2550e+03 0.0000e+00 0.0000e+00
2.2115e-02 1.5757e+04 8.1752e+01 -3.0747e+01 3.1787e+04 1.5938e+04 2.2061e+01 8.2616e+02 9.1093e+01 5.3345e+00 7.5628e+00 1.9662e+03 1.2426e+03 0.0000e+00 0.0000e+00
2.3022e-02 1.5444e+04 8.5796e+01 -3.1609e+01 3.1174e+04 1.5649e+04 2.4836e+01 8.2505e+02 9.8004e+01 3.9819e+00 7.0046e+00 1.9494e+03 1.2298e+03 0.0000e+00 0.0000e+00
2.3967e-02 1.5106e+04 8.9793e+01 -3.2393e+01 3.0511e+04 1.5330e+04 2.7850e+01 8.2384e+02 1.0532e+02 2.4753e+00 6.3646e+00 1.9319e+03 1.2166e+03 0.0000e+00 0.0000e+00
2.4950e-02 1.4745e+04 9.3721e+01 -3.3081e+01 2.9806e+04 1.4982e+04 3.1112e+01 8.2256e+02 1.1305e+02 8.1477e-01 5.6427e+00 1.9136e+03 1.2030e+03 0.0000e+00 0.0000e+00
2.5974e-02 1.4363e+04 9.7555e+01 -3.3661e+01 2.9061e+04 1.4607e+04 3.4626e+01 8.2117e+02 1.2119e+02 -9.9769e-01 4.8400e+00 1.8946e+03 1.1889e+03 0.0000e+00 0.0000e+00
2.7040e-02 1.3960e+04 1.0126e+02 -3.4121e+01 2.8275e+04 1.4209e+04 3.8394e+01 8.1969e+02 1.2974e+02 -2.9589e+00 3.9579e+00 1.8748e+03 1.1745e+03 0.0000e+00 0.0000e+00
2.8149e-02 1.3535e+04 1.0482e+02 -3.4437e+01 2.7443e+04 1.3789e+04 4.2416e+01 8.1810e+02 1.3870e+02 -5.0642e+00 2.9986e+00 1.8543e+03 1.1596e+03 0.0000e+00 0.0000e+00
2.9304e-02 1.3090e+04 1.0819e+02 -3.4600e+01 2.6568e+04 1.3353e+04 4.6691e+01 8.1640e+02 1.4807e+02 -7.3079e+00 1.9648e+00 1.8330e+03 1.1443e+03 0.0000e+00 0.0000e+00
3.0507e-02 1.2629e+04 1.1135e+02 -3.4615e+01 2.5658e+04 1.2904e+04 5.1211e+01 8.1458e+02 1.5783e+02 -9.6840e+00 8.5915e-01 1.8109e+03 1.1287e+03 0.0000e+00 0.0000e+00
3.1759e-02 1.2157e+04 1.1432e+02 -3.4488e+01 2.4730e+04 1.2447e+04 5.5971e+01 8.1263e+02 1.6797e+02 -1.2186e+01 -3.1568e-01 1.7881e+03 1.1126e+03 0.0000e+00 0.0000e+00
3.3062e-02 1.1682e+04 1.1709e+02 -3.4234e+01 2.3798e+04 1.1989e+04 6.0959e+01 8.1054e+02 1.7848e+02 -1.4809e+01 -1.5577e+00 1.7645e+03 1.0961e+03 0.0000e+00 0.0000e+00
3.4418e-02 1.1212e+04 1.1971e+02 -3.3879e+01 2.2875e+04 1.1533e+04 6.6166e+01 8.0831e+02 1.8935e+02 -1.7549e+01 -2.8653e+00 1.7401e+03 1.0792e+03 0.0000e+00 0.0000e+00
3.5830e-02 1.0753e+04 1.2220e+02 -3.3438e+01 2.1970e+04 1.1086e+04 7.1584e+01 8.0592e+02 2.0056e+02 -2.0403e+01 -4.2387e+00 1.7150e+03 1.0620e+03 0.0000e+00 0.0000e+00
3.7300e-02 1.0308e+04 1.2460e+02 -3.2930e+01 2.1093e+04 1.0653e+04 7.7205e+01 8.0338e+02 2.1211e+02 -2.3375e+01 -5.6794e+00 1.6890e+03 1.0444e+03 0.0000e+00 0.0000e+00
3.8831e-02 9.8804e+03 1.2693e+02 -3.2371e+01 2.0253e+04 1.0236e+04 8.3025e+01 8.0066e+02 2.2397e+02 -2.6467e+01 -7.1913e+00 1.6623e+03 1.0264e+03 0.0000e+00 0.0000e+00
4.0424e-02 9.4723e+03 1.2925e+02 -3.1777e+01 1.9454e+04 9.8418e+03 8.9044e+01 7.9776e+02 2.3616e+02 -2.9691e+01 -8.7806e+00 1.6348e+03 1.0082e+03 0.0000e+00 0.0000e+00
4.2083e-02 9.0867e+03 1.3163e+02 -3.1167e+01 1.8700e+04 9.4717e+03 9.5269e+01 7.9467e+02 2.4867e+02 -3.3058e+01 -1.0456e+01 1.6065e+03 9.8964e+02 0.0000e+00 0.0000e+00
4.3809e-02 8.7282e+03 1.3415e+02 -3.0557e+01 1.7998e+04 9.1290e+03 1.0171e+02 7.9138e+02 2.6150e+02 -3.6588e+01 -1.2228e+01 1.5774e+03 9.7086e+02 0.0000e+00 0.0000e+00
4.5607e-02 8.4004e+03 1.3685e+02 -2.9986e+01 1.7360e+04 8.8159e+03 1.0840e+02 7.8788e+02 2.7467e+02 -4.0301e+01 -1.4110e+01 1.5475e+03 9.5187e+02 0.0000e+00 0.0000e+00
4.7478e-02 8.1039e+03 1.3977e+02 -2.9471e+01 1.6787e+04 8.5332e+03 1.1536e+02 7.8416e+02 2.8820e+02 -4.4218e+01 -1.6115e+01 1.5168e+03 9.3271e+02 0.0000e+00 0.0000e+00
4.9426e-02 7.8356e+03 1.4292e+02 -2.8995e+01 1.6272e+04 8.2802e+03 1.2263e+02 7.8021e+02 3.0212e+02 -4.8362e+01 -1.8253e+01 1.4855e+03 9.1342e+02 0.0000e+00 0.0000e+00
5.1454e-02 7.5913e+03 1.4629e+02 -2.8527e+01 1.5804e+04 8.0541e+03 1.3027e+02 7.7601e+02 3.1646e+02 -5.2750e+01 -2.0535e+01 1.4534e+03 8.9405e+02 0.0000e+00 0.0000e+00
5.3566e-02 7.3659e+03 1.4984e+02 -2.8043e+01 1.5375e+04 7.8498e+03 1.3833e+02 7.7157e+02 3.3124e+02 -5.7393e+01 -2.2966e+01 1.4207e+03 8.7465e+02 0.0000e+00 0.0000e+00
5.5763e-02 7.1533e+03 1.5346e+02 -2.7510e+01 1.4975e+04 7.6595e+03 1.4686e+02 7.6686e+02 3.4648e+02 -6.2290e+01 -2.5546e+01 1.3874e+03 8.5525e+02 0.0000e+00 0.0000e+00
5.8051e-02 6.9469e+03 1.5701e+02 -2.6866e+01 1.4589e+04 7.4749e+03 1.5589e+02 7.6187e+02 3.6219e+02 -6.7427e+01 -2.8264e+01 1.3536e+03 8.3588e+02 0.0000e+00 0.0000e+00
6.0433e-02 6.7403e+03 1.6034e+02 -2.6054e+01 1.4200e+04 7.2879e+03 1.6544e+02 7.5660e+02 3.7835e+02 -7.2772e+01 -3.1102e+01 1.3195e+03 8.1658e+02 0.0000e+00 0.0000e+00
6.2913e-02 6.5258e+03 1.6321e+02 -2.5012e+01 1.3794e+04 7.0914e+03 1.7553e+02 7.5104e+02 3.9492e+02 -7.8271e+01 -3.4028e+01 1.2851e+03 7.9736e+02 0.0000e+00 0.0000e+00
6.5494e-02 6.2939e+03 1.6535e+02 -2.3676e+01 1.3356e+04 6.8798e+03 1.8609e+02 7.4518e+02 4.1179e+02 -8.3853e+01 -3.7001e+01 1.2505e+03 7.7822e+02 0.0000e+00 0.0000e+00
6.8181e-02 6.0391e+03 1.6662e+02 -2.1966e+01 1.2866e+04 6.6487e+03 1.9705e+02 7.3900e+02 4.2885e+02 -8.9431e+01 -3.9972e+01 1.2159e+03 7.5918e+02 0.0000e+00 0.0000e+00
7.0979e-02 5.7668e+03 1.6696e+02 -1.9940e+01 1.2337e+04 6.3935e+03 2.0828e+02 7.3250e+02 4.4590e+02 -9.4906e+01 -4.2885e+01 1.1814e+03 7.4023e+02 0.0000e+00 0.0000e+00
7.3891e-02 5.4759e+03 1.6614e+02 -1.7627e+01 1.1771e+04 6.1106e+03 2.1959e+02 7.2568e+02 4.6274e+02 -1.0018e+02 -4.5683e+01 1.1470e+03 7.2135e+02 0.0000e+00 0.0000e+00
7.6923e-02 5.1551e+03 1.6394e+02 -1.4882e+01 1.1136e+04 5.8002e+03 2.3074e+02 7.1853e+02 4.7911e+02 -1.0514e+02 -4.8309e+01 1.1130e+03 7.0253e+02 0.0000e+00 0.0000e+00
8.0079e-02 4.8136e+03 1.6041e+02 -1.1861e+01 1.0456e+04 5.4686e+03 2.4150e+02 7.1105e+02 4.9472e+02 -1.0970e+02 -5.0713e+01 1.0792e+03 6.8376e+02 0.0000e+00 0.0000e+00
8.3365e-02 4.4710e+03 1.5597e+02 -8.7542e+00 9.7695e+03 5.1281e+03 2.5160e+02 7.0324e+02 5.0935e+02 -1.1380e+02 -5.2863e+01 1.0458e+03 6.6505e+02 0.0000e+00 0.0000e+00
8.6786e-02 4.1376e+03 1.5101e+02 -5.7078e+00 9.0965e+03 4.7939e+03 2.6083e+02 6.9511e+02 5.2277e+02 -1.1741e+02 -5.4751e+01 1.0127e+03 6.4641e+02 0.0000e+00 0.0000e+00
9.0346e-02 3.8247e+03 1.4591e+02 -2.8910e+00 8.4652e+03 4.4811e+03 2.6906e+02 6.8666e+02 5.3490e+02 -1.2058e+02 -5.6399e+01 9.7986e+02 6.2787e+02 0.0000e+00 0.0000e+00
9.4053e-02 3.5453e+03 1.4112e+02 -4.5113e-01 7.8991e+03 4.2011e+03 2.7627e+02 6.7791e+02 5.4573e+02 -1.2337e+02 -5.7846e+01 9.4728e+02 6.0948e+02 0.0000e+00 0.0000e+00
9.7912e-02 3.3056e+03 1.3701e+02 1.4981e+00 7.4155e+03 3.9622e+03 2.8256e+02 6.6885e+02 5.5539e+02 -1.2589e+02 -5.9153e+01 9.1489e+02 5.9130e+02 0.0000e+00 0.0000e+00
1.0193e-01 3.1091e+03 1.3382e+02 2.9163e+00 7.0209e+03 3.7682e+03 2.8814e+02 6.5951e+02 5.6413e+02 -1.2826e+02 -6.0382e+01 8.8267e+02 5.7337e+02 0.0000e+00 0.0000e+00
1.0611e-01 2.9511e+03 1.3151e+02 3.8404e+00 6.7077e+03 3.6163e+03 2.9332e+02 6.4989e+02 5.7224e+02 -1.3059e+02 -6.1591e+01 8.5067e+02 5.5576e+02 0.0000e+00 0.0000e+00
1.1047e-01 2.8223e+03 1.2982e+02 4.4102e+00 6.4561e+03 3.4962e+03 2.9842e+02 6.3999e+02 5.8002e+02 -1.3293e+02 -6.2812e+01 8.1893e+02 5.3849e+02 0.0000e+00 0.0000e+00
1.1500e-01 2.7094e+03 1.2829e+02 4.7913e+00 6.2379e+03 3.3930e+03 3.0370e+02 6.2983e+02 5.8769e+02 -1.3531e+02 -6.4045e+01 7.8758e+02 5.2159e+02 0.0000e+00 0.0000e+00
1.1972e-01 2.5978e+03 1.2637e+02 5.1799e+00 6.0215e+03 3.2906e+03 3.0927e+02 6.1940e+02 5.9529e+02 -1.3767e+02 -6.5255e+01 7.5677e+02 5.0505e+02 0.0000e+00 0.0000e+00
1.2463e-01 2.4747e+03 1.2350e+02 5.7545e+00 5.7787e+03 3.1742e+03 3.1504e+02 6.0871e+02 6.0268e+02 -1.3988e+02 -6.6375e+01 7.2663e+02 4.8883e+02 0.0000e+00 0.0000e+00
1.2974e-01 2.3327e+03 1.1939e+02 6.6143e+00 5.4920e+03 3.0342e+03 3.2069e+02 5.9778e+02 6.0948e+02 -1.4180e+02 -6.7322e+01 6.9731e+02 4.7290e+02 0.0000e+00 0.0000e+00
1.3507e-01 2.1729e+03 1.1402e+02 7.7179e+00 5.1632e+03 2.8710e+03 3.2577e+02 5.8660e+02 6.1521e+02 -1.4329e+02 -6.8020e+01 6.6885e+02 4.5722e+02 0.0000e+00 0.0000e+00
1.4061e-01 2.0040e+03 1.0777e+02 8.9220e+00 4.8101e+03 2.6939e+03 3.2979e+02 5.7519e+02 6.1939e+02 -1.4425e+02 -6.8421e+01 6.4127e+02 4.4178e+02 0.0000e+00 0.0000e+00
1.4638e-01 1.8382e+03 1.0123e+02 1.0043e+01 4.4594e+03 2.5168e+03 3.3241e+02 5.6359e+02 6.2174e+02 -1.4468e+02 -6.8523e+01 6.1451e+02 4.2658e+02 0.0000e+00 0.0000e+00
1.5238e-01 1.6882e+03 9.4975e+01 1.0863e+01 4.1402e+03 2.3551e+03 3.3356e+02 5.5181e+02 6.2222e+02 -1.4464e+02 -6.8370e+01 5.8847e+02 4.1166e+02 0.0000e+00 0.0000e+00
1.5864e-01 1.5636e+03 8.9441e+01 1.1227e+01 3.8741e+03 2.2205e+03 3.3346e+02 5.3988e+02 6.2113e+02 -1.4426e+02 -6.8037e+01 5.6306e+02 3.9707e+02 0.0000e+00 0.0000e+00
1.6514e-01 1.4647e+03 8.4668e+01 1.1118e+01 3.6637e+03 2.1149e+03 3.3257e+02 5.2783e+02 6.1899e+02 -1.4371e+02 -6.7610e+01 5.3827e+02 3.8284e+02 0.0000e+00 0.0000e+00
1.7192e-01 1.3834e+03 8.0308e+01 1.0675e+01 3.4916e+03 2.0296e+03 3.3141e+02 5.1567e+02 6.1629e+02 -1.4310e+02 -6.7143e+01 5.1409e+02 3.6900e+02 0.0000e+00 0.0000e+00
1.7897e-01 1.3094e+03 7.5914e+01 1.0047e+01 3.3345e+03 1.9519e+03 3.3024e+02 5.0342e+02 6.1330e+02 -1.4244e+02 -6.6647e+01 4.9063e+02 3.5555e+02 0.0000e+00 0.0000e+00
1.8632e-01 1.2331e+03 7.1122e+01 9.3903e+00 3.1704e+03 1.8698e+03 3.2903e+02 4.9109e+02 6.0994e+02 -1.4170e+02 -6.6092e+01 4.6794e+02 3.4244e+02 0.0000e+00 0.0000e+00
1.9396e-01 1.1493e+03 6.5818e+01 8.8211e+00 2.9872e+03 1.7765e+03 3.2746e+02 4.7869e+02 6.0586e+02 -1.4076e+02 -6.5423e+01 4.4611e+02 3.2964e+02 0.0000e+00 0.0000e+00
2.0192e-01 1.0616e+03 6.0237e+01 8.2981e+00 2.7924e+03 1.6758e+03 3.2510e+02 4.6625e+02 6.0064e+02 -1.3954e+02 -6.4588e+01 4.2511e+02 3.1713e+02 0.0000e+00 0.0000e+00
2.1021e-01 9.7774e+02 5.4711e+01 7.7040e+00 2.6035e+03 1.5772e+03 3.2169e+02 4.5378e+02 5.9407e+02 -1.3799e+02 -6.3581e+01 4.0491e+02 3.0493e+02 0.0000e+00 0.0000e+00
2.1883e-01 9.0370e+02 4.9450e+01 6.9340e+00 2.4351e+03 1.4891e+03 3.1732e+02 4.4132e+02 5.8629e+02 -1.3619e+02 -6.2434e+01 3.8544e+02 2.9305e+02 0.0000e+00 0.0000e+00
2.2781e-01 8.4102e+02 4.4445e+01 5.9502e+00 2.2913e+03 1.4140e+03 3.1234e+02 4.2888e+02 5.7767e+02 -1.3422e+02 -6.1202e+01 3.6665e+02 2.8152e+02 0.0000e+00 0.0000e+00
2.3716e-01 7.8611e+02 3.9544e+01 4.7746e+00 2.1642e+03 1.3476e+03 3.0708e+02 4.1649e+02 5.6856e+02 -1.3218e+02 -5.9932e+01 3.4854e+02 2.7033e+02 0.0000e+00 0.0000e+00
2.4689e-01 7.3376e+02 3.4642e+01 3.4901e+00 2.0418e+03 1.2833e+03 3.0164e+02 4.0415e+02 5.5906e+02 -1.3009e+02 -5.8634e+01 3.3113e+02 2.5948e+02 0.0000e+00 0.0000e+00
2.5702e-01 6.8125e+02 2.9766e+01 2.1818e+00 1.9176e+03 1.2173e+03 2.9588e+02 3.9189e+02 5.4903e+02 -1.2791e+02 -5.7289e+01 3.1444e+02 2.4893e+02 0.0000e+00 0.0000e+00
2.6756e-01 6.2985e+02 2.5006e+01 8.7528e-01 1.7944e+03 1.1509e+03 2.8963e+02 3.7971e+02 5.3831e+02 -1.2559e+02 -5.5872e+01 2.9844e+02 2.3869e+02 0.0000e+00 0.0000e+00
2.7854e-01 5.8219e+02 2.0387e+01 -4.6359e-01 1.6786e+03 1.0879e+03 2.8283e+02 3.6764e+02 5.2687e+02 -1.2313e+02 -5.4383e+01 2.8312e+02 2.2875e+02 0.0000e+00 0.0000e+00
2.8997e-01 5.3939e+02 1.5874e+01 -1.8745e+00 1.5730e+03 1.0303e+03 2.7561e+02 3.5570e+02 5.1488e+02 -1.2056e+02 -5.2845e+01 2.6843e+02 2.1913e+02 0.0000e+00 0.0000e+00
3.0187e-01 5.0037e+02 1.1448e+01 -3.3602e+00 1.4754e+03 9.7679e+02 2.6814e+02 3.4389e+02 5.0251e+02 -1.1794e+02 -5.1283e+01 2.5435e+02 2.0981e+02 0.0000e+00 0.0000e+00
3.1425e-01 4.6352e+02 7.1539e+00 -4.8930e+00 1.3821e+03 9.2511e+02 2.6046e+02 3.3223e+02 4.8982e+02 -1.1527e+02 -4.9707e+01 2.4089e+02 2.0079e+02 0.0000e+00 0.0000e+00
3.2715e-01 4.2843e+02 3.0384e+00 -6.4344e+00 1.2920e+03 8.7469e+02 2.5253e+02 3.2073e+02 4.7677e+02 -1.1255e+02 -4.8111e+01 2.2801e+02 1.9206e+02 0.0000e+00 0.0000e+00
3.4057e-01 3.9560e+02 -9.1123e-01 -7.9642e+00 1.2066e+03 8.2637e+02 2.4433e+02 3.0941e+02 4.6337e+02 -1.0976e+02 -4.6492e+01 2.1571e+02 1.8361e+02 0.0000e+00 0.0000e+00
3.5454e-01 3.6531e+02 -4.7251e+00 -9.4904e+00 1.1265e+03 7.8068e+02 2.3593e+02 2.9826e+02 4.4970e+02 -1.0692e+02 -4.4859e+01 2.0396e+02 1.7544e+02 0.0000e+00 0.0000e+00
3.6909e-01 3.3721e+02 -8.3930e+00 -1.1017e+01 1.0510e+03 7.3724e+02 2.2737e+02 2.8731e+02 4.3582e+02 -1.0405e+02 -4.3223e+01 1.9274e+02 1.6755e+02 0.0000e+00 0.0000e+00
3.8423e-01 3.1090e+02 -1.1877e+01 -1.2529e+01 9.7937e+02 6.9557e+02 2.1869e+02 2.7655e+02 4.2177e+02 -1.0115e+02 -4.1589e+01 1.8204e+02 1.5993e+02 0.0000e+00 0.0000e+00
4.0000e-01 2.8633e+02 -1.5169e+01 -1.4004e+01 9.1144e+02 6.5560e+02 2.0990e+02 2.6601e+02 4.0757e+02 -9.8226e+01 -3.9957e+01 1.7183e+02 1.5257e+02 0.0000e+00 0.0000e+00
