# k[h/Mpc]   P_Zel   P_A    P_W    P_d    P_dd     P_d^2    P_d^2d^2  P_dd^2    P_s^2    P_ds^2    P_d^2s^2   P_s^2s^2   P_D2d     P_dD2d
# 
1.0000e-03 2.7996e+03 7.7178e-02 -1.4850e-02 5.4356e+03 4.8938e+03 -2.5184e-02 7.9951e+02 1.7804e-01 1.6637e-01 1.1619e-01 2.1313e+03 1.4205e+03 0.0000e+00 0.0000e+00
1.1514e-03 3.1834e+03 1.0334e-01 -2.3267e-02 6.2293e+03 5.1077e+03 -3.3129e-02 7.9950e+02 2.3611e-01 2.1991e-01 1.5362e-01 2.1310e+03 1.4202e+03 0.0000e+00 0.0000e+00
1.3257e-03 3.6168e+03 1.3907e-01 -3.6361e-02 7.1255e+03 5.3516e+03 -4.3477e-02 7.9949e+02 3.1316e-01 2.9042e-01 2.0294e-01 2.1307e+03 1.4197e+03 0.0000e+00 0.0000e+00
1.5264e-03 4.1053e+03 1.8829e-01 -5.6641e-02 8.1332e+03 5.6334e+03 -5.6873e-02 7.9947e+02 4.1541e-01 3.8310e-01 2.6781e-01 2.1302e+03 1.4191e+03 0.0000e+00 0.0000e+00
1.7575e-03 4.6539e+03 2.5675e-01 -8.7869e-02 9.2604e+03 5.9614e+03 -7.4085e-02 7.9944e+02 5.5115e-01 5.0461e-01 3.5294e-01 2.1296e+03 1.4184e+03 0.0000e+00 0.0000e+00
2.0236e-03 5.2675e+03 3.5303e-01 -1.3561e-01 1.0514e+04 6.3458e+03 -9.5971e-02 7.9941e+02 7.3141e-01 6.6342e-01 4.6433e-01 2.1288e+03 1.4174e+03 0.0000e+00 0.0000e+00
2.3300e-03 5.9496e+03 4.8996e-01 -2.0793e-01 1.1899e+04 6.7944e+03 -1.2340e-01 7.9937e+02 9.7092e-01 8.7012e-01 6.0952e-01 2.1278e+03 1.4161e+03 0.0000e+00 0.0000e+00
2.6827e-03 6.7019e+03 6.8693e-01 -3.1632e-01 1.3416e+04 7.3185e+03 -1.5711e-01 7.9931e+02 1.2893e+00 1.1377e+00 7.9785e-01 2.1264e+03 1.4144e+03 0.0000e+00 0.0000e+00
3.0888e-03 7.5230e+03 9.7319e-01 -4.7683e-01 1.5064e+04 7.9238e+03 -1.9735e-01 7.9923e+02 1.7130e+00 1.4819e+00 1.0406e+00 2.1245e+03 1.4121e+03 0.0000e+00 0.0000e+00
3.5565e-03 8.4080e+03 1.3927e+00 -7.1154e-01 1.6836e+04 8.6196e+03 -2.4330e-01 7.9913e+02 2.2771e+00 1.9208e+00 1.3512e+00 2.1221e+03 1.4092e+03 0.0000e+00 0.0000e+00
4.0949e-03 9.3491e+03 2.0105e+00 -1.0507e+00 1.8720e+04 9.4065e+03 -2.9205e-01 7.9899e+02 3.0291e+00 2.4743e+00 1.7445e+00 2.1189e+03 1.4055e+03 0.0000e+00 0.0000e+00
4.7149e-03 1.0338e+04 2.9204e+00 -1.5354e+00 2.0699e+04 1.0285e+04 -3.3686e-01 7.9881e+02 4.0326e+00 3.1627e+00 2.2364e+00 2.1147e+03 1.4006e+03 0.0000e+00 0.0000e+00
5.4287e-03 1.1366e+04 4.2523e+00 -2.2198e+00 2.2748e+04 1.1244e+04 -3.6429e-01 7.9858e+02 5.3732e+00 4.0034e+00 2.8415e+00 2.1092e+03 1.3943e+03 0.0000e+00 0.0000e+00
6.2506e-03 1.2415e+04 6.1777e+00 -3.1698e+00 2.4833e+04 1.2266e+04 -3.4979e-01 7.9827e+02 7.1662e+00 5.0059e+00 3.5708e+00 2.1020e+03 1.3864e+03 0.0000e+00 0.0000e+00
7.1969e-03 1.3451e+04 8.9075e+00 -4.4593e+00 2.6907e+04 1.3320e+04 -2.5080e-01 7.9786e+02 9.5659e+00 6.1636e+00 4.4262e+00 2.0927e+03 1.3763e+03 0.0000e+00 0.0000e+00
8.2864e-03 1.4437e+04 1.2679e+01 -6.1712e+00 2.8903e+04 1.4359e+04 3.2476e-03 7.9732e+02 1.2778e+01 7.4425e+00 5.3942e+00 2.0807e+03 1.3637e+03 0.0000e+00 0.0000e+00
9.5410e-03 1.5341e+04 1.7732e+01 -8.3889e+00 3.0726e+04 1.5328e+04 5.2487e-01 7.9662e+02 1.7075e+01 8.7660e+00 6.4372e+00 2.0654e+03 1.3482e+03 0.0000e+00 0.0000e+00
1.0985e-02 1.6098e+04 2.4317e+01 -1.1157e+01 3.2258e+04 1.6154e+04 1.4866e+00 7.9570e+02 2.2810e+01 9.9980e+00 7.4835e+00 2.0459e+03 1.3292e+03 0.0000e+00 0.0000e+00
1.2649e-02 1.6661e+04 3.2698e+01 -1.4485e+01 3.3383e+04 1.6764e+04 3.1413e+00 7.9451e+02 3.0429e+01 1.0927e+01 8.4186e+00 2.0215e+03 1.3062e+03 0.0000e+00 0.0000e+00
1.4563e-02 1.6946e+04 4.3152e+01 -1.8258e+01 3.4007e+04 1.7088e+04 5.8414e+00 7.9295e+02 4.0481e+01 1.1260e+01 9.0815e+00 1.9911e+03 1.2790e+03 0.0000e+00 0.0000e+00
1.6768e-02 1.6962e+04 5.5669e+01 -2.2334e+01 3.4041e+04 1.7073e+04 1.0047e+01 7.9094e+02 5.3600e+01 1.0633e+01 9.2699e+00 1.9539e+03 1.2473e+03 0.0000e+00 0.0000e+00
1.9307e-02 1.6563e+04 6.9777e+01 -2.6210e+01 3.3313e+04 1.6680e+04 1.6308e+01 7.8833e+02 7.0469e+01 8.6587e+00 8.7648e+00 1.9090e+03 1.2107e+03 0.0000e+00 0.0000e+00
2.2230e-02 1.5717e+04 8.4568e+01 -2.9288e+01 3.1655e+04 1.5898e+04 2.5200e+01 7.8498e+02 9.1734e+01 5.0005e+00 7.3745e+00 1.8557e+03 1.1692e+03 0.0000e+00 0.0000e+00
2.5595e-02 1.4503e+04 9.9156e+01 -3.1046e+01 2.9273e+04 1.4741e+04 3.7214e+01 7.8067e+02 1.1787e+02 -5.2582e-01 4.9921e+00 1.7937e+03 1.1228e+03 0.0000e+00 0.0000e+00
2.9471e-02 1.3024e+04 1.1240e+02 -3.1070e+01 2.6369e+04 1.3284e+04 5.2617e+01 7.7518e+02 1.4903e+02 -7.8863e+00 1.6291e+00 1.7225e+03 1.0714e+03 0.0000e+00 0.0000e+00
3.3932e-02 1.1376e+04 1.2344e+02 -2.9075e+01 2.3122e+04 1.1686e+04 7.1330e+01 7.6819e+02 1.8496e+02 -1.6868e+01 -2.6186e+00 1.6421e+03 1.0151e+03 0.0000e+00 0.0000e+00
3.9069e-02 9.8140e+03 1.3294e+02 -2.5689e+01 2.0047e+04 1.0165e+04 9.3036e+01 7.5938e+02 2.2516e+02 -2.7300e+01 -7.6928e+00 1.5523e+03 9.5432e+02 0.0000e+00 0.0000e+00
4.4984e-02 8.5053e+03 1.4277e+02 -2.1670e+01 1.7484e+04 8.9090e+03 1.1764e+02 7.4834e+02 2.6929e+02 -3.9405e+01 -1.3761e+01 1.4529e+03 8.9002e+02 0.0000e+00 0.0000e+00
5.1795e-02 7.5495e+03 1.5534e+02 -1.7624e+01 1.5639e+04 8.0060e+03 1.4594e+02 7.3465e+02 3.1779e+02 -5.3924e+01 -2.1269e+01 1.3445e+03 8.2369e+02 0.0000e+00 0.0000e+00
5.9636e-02 6.8049e+03 1.6975e+02 -1.2518e+01 1.4230e+04 7.3353e+03 1.7968e+02 7.1787e+02 3.7162e+02 -7.1430e+01 -3.0530e+01 1.2289e+03 7.5718e+02 0.0000e+00 0.0000e+00
6.8665e-02 5.9874e+03 1.7934e+02 -4.0370e+00 1.2670e+04 6.5870e+03 2.1958e+02 6.9756e+02 4.3015e+02 -9.0826e+01 -4.0883e+01 1.1100e+03 6.9176e+02 0.0000e+00 0.0000e+00
7.9060e-02 4.9178e+03 1.7591e+02 8.6856e+00 1.0574e+04 5.5563e+03 2.6153e+02 6.7339e+02 4.8774e+02 -1.0865e+02 -5.0364e+01 9.9250e+02 6.2759e+02 0.0000e+00 0.0000e+00
9.1030e-02 3.7647e+03 1.6021e+02 2.2088e+01 8.2670e+03 4.4053e+03 2.9638e+02 6.4528e+02 5.3445e+02 -1.2137e+02 -5.7046e+01 8.7919e+02 5.6450e+02 0.0000e+00 0.0000e+00
1.0481e-01 2.9909e+03 1.4873e+02 3.0342e+01 6.7183e+03 3.6379e+03 3.2001e+02 6.1349e+02 5.6669e+02 -1.2993e+02 -6.1520e+01 7.6930e+02 5.0373e+02 0.0000e+00 0.0000e+00
1.2068e-01 2.5690e+03 1.4486e+02 3.5238e+01 5.8976e+03 3.2451e+03 3.4085e+02 5.7840e+02 5.9308e+02 -1.3790e+02 -6.5681e+01 6.6345e+02 4.4720e+02 0.0000e+00 0.0000e+00
1.3895e-01 2.0487e+03 1.3013e+02 4.1819e+01 4.8448e+03 2.7222e+03 3.6053e+02 5.4029e+02 6.1396e+02 -1.4344e+02 -6.8379e+01 5.6648e+02 3.9476e+02 0.0000e+00 0.0000e+00
1.5999e-01 1.5359e+03 1.0926e+02 4.5722e+01 3.7676e+03 2.1723e+03 3.6551e+02 4.9979e+02 6.1570e+02 -1.4313e+02 -6.7813e+01 4.7986e+02 3.4575e+02 0.0000e+00 0.0000e+00
1.8421e-01 1.2508e+03 9.4984e+01 4.5370e+01 3.1637e+03 1.8693e+03 3.6144e+02 4.5791e+02 6.0523e+02 -1.4039e+02 -6.5899e+01 4.0174e+02 3.0126e+02 0.0000e+00 0.0000e+00
2.1210e-01 9.5648e+02 7.6528e+01 4.4103e+01 2.5169e+03 1.5332e+03 3.5205e+02 4.1538e+02 5.8610e+02 -1.3553e+02 -6.2740e+01 3.3371e+02 2.6095e+02 0.0000e+00 0.0000e+00
2.4421e-01 7.4492e+02 5.9739e+01 4.0407e+01 2.0328e+03 1.2783e+03 3.3308e+02 3.7313e+02 5.5484e+02 -1.2804e+02 -5.8162e+01 2.7499e+02 2.2469e+02 0.0000e+00 0.0000e+00
2.8118e-01 5.6967e+02 4.3427e+01 3.5331e+01 1.6155e+03 1.0536e+03 3.0937e+02 3.3193e+02 5.1694e+02 -1.1941e+02 -5.2993e+01 2.2498e+02 1.9237e+02 0.0000e+00 0.0000e+00
3.2375e-01 4.3629e+02 2.8450e+01 2.9188e+01 1.2813e+03 8.6925e+02 2.8087e+02 2.9249e+02 4.7298e+02 -1.0973e+02 -4.7337e+01 1.8283e+02 1.6374e+02 0.0000e+00 0.0000e+00
3.7276e-01 3.3055e+02 1.5005e+01 2.2483e+01 1.0023e+03 7.1135e+02 2.4946e+02 2.5533e+02 4.2543e+02 -9.9545e+01 -4.1541e+01 1.4763e+02 1.3854e+02 0.0000e+00 0.0000e+00
4.2919e-01 2.4831e+02 3.3506e+00 1.5648e+01 7.7309e+02 5.7751e+02 2.1651e+02 2.2083e+02 3.7616e+02 -8.9177e+01 -3.5823e+01 1.1844e+02 1.1648e+02 0.0000e+00 0.0000e+00
4.9417e-01 1.8447e+02 -6.2908e+00 9.1395e+00 5.8499e+02 4.6387e+02 1.8328e+02 1.8924e+02 3.2678e+02 -7.8849e+01 -3.0345e+01 9.4380e+01 9.7277e+01 0.0000e+00 0.0000e+00
5.6899e-01 1.3509e+02 -1.3723e+01 3.3742e+00 4.3173e+02 3.6738e+02 1.5093e+02 1.6064e+02 2.7865e+02 -6.8731e+01 -2.5226e+01 7.4635e+01 8.0644e+01 0.0000e+00 0.0000e+00
6.5513e-01 9.7184e+01 -1.8810e+01 -1.2820e+00 3.0861e+02 2.8589e+02 1.2051e+02 1.3503e+02 2.3294e+02 -5.8949e+01 -2.0549e+01 5.8506e+01 6.6312e+01 0.0000e+00 0.0000e+00
7.5431e-01 6.8413e+01 -2.1529e+01 -4.5667e+00 2.1195e+02 2.1782e+02 9.2963e+01 1.1233e+02 1.9059e+02 -4.9620e+01 -1.6373e+01 4.5397e+01 5.4036e+01 0.0000e+00 0.0000e+00
8.6851e-01 4.6954e+01 -2.2026e+01 -6.3859e+00 1.3859e+02 1.6195e+02 6.9031e+01 9.2434e+01 1.5239e+02 -4.0873e+01 -1.2734e+01 3.4811e+01 4.3591e+01 0.0000e+00 0.0000e+00
1.0000e+00 3.1329e+01 -2.0665e+01 -6.8610e+00 8.5416e+01 1.1723e+02 4.9210e+01 7.5177e+01 1.1890e+02 -3.2855e+01 -9.6514e+00 2.6339e+01 3.4782e+01 0.0000e+00 0.0000e+00
