0.000010100000000000005	54.183720261614944
0.000010189813457795877	54.653703555750695
0.000010280425574720605	55.12349924390409
0.00001037184345278781	55.60080398165834
0.00001046407425716529	56.08107520398397
0.000010557125216736457	56.56570224944298
0.000010651003624667081	57.055423234296114
0.000010745716838976756	57.54658016053595
0.00001084127228311575	58.042962146425566
0.000010937677446546777	58.54355831989877
0.000011034939885331955	59.048415648157174
0.000011133067222725169	59.5583249302596
0.00001123206714976941	60.07348810317528
0.000011331947425899729	60.59360805003559
0.000011432715879551343	61.11592507529525
0.000011534380408773153	61.642560895455
0.000011636948981846925	62.177338323715404
0.00001174042963791166	62.713103762824055
0.000011844830487593838	63.25366385405736
0.000011950159713643045	63.80048728406155
0.000012056425571573264	64.35328605412465
0.000012163636390310075	64.90753636557183
0.000012271800572843288	65.46570373151083
0.000012380926596885729	66.03028196338789
0.00001249102301553753	66.60078870865078
0.000012602098457956664	67.17763441958586
0.000012714161630035213	67.75917711595558
0.000012827221315081656	68.34301596555997
0.000012941286374509442	68.93363986446016
0.000013056365748531354	69.52634973933961
0.000013172468456860405	70.12702367110937
0.000013289603599416613	70.73412360415682
0.000013407780357040384	71.34293411991625
0.00001352700799221203	71.95719885685331
0.00001364729584977767	72.58187473485489
0.000013768653357681831	73.20890692217918
0.000013891090027706203	73.83770896135785
0.000014014615456215319	74.47776821452952
0.000014139239324908628	75.11930061482202
0.000014264971401579264	75.7676551991897
0.000014391821540879791	76.42383950902725
0.0000145197996850944	77.0829789945804
0.000014648915864918335	77.74629624783037
0.000014779180200244018	78.4174321907217
0.000014910602900954138	79.09679229286483
0.000015043194267722072	79.77951963146253
0.000015176964692819019	80.46615620449178
0.000015311924660928744	81.15955689958933
0.00001544808474996913	81.86157281918605
0.000015585455631921448	82.5702195382705
0.000015724048073666725	83.28247003174047
0.000015863872937829552	83.99974542095063
0.000016004941183629664	84.72636512781523
0.000016147263867740686	85.45648143076953
0.00001629085214515697	86.19633118705313
0.00001643571727006765	86.9409413244774
0.000016581870596738946	87.69024963773576
0.00001672932358040401	88.44747909081335
0.000016878087778160652	89.21253916341196
0.000017028174849877402	89.98285087686935
0.000017179596559107126	90.75823717906033
0.000017332364774009253	91.53974976254058
0.000017486491468279893	92.33073236658957
0.000017641988722090213	93.12771701283715
0.000017798868723033486	93.93389141294848
0.000017957143767080063	94.7446667418929
0.000018116826259541358	95.56172375659213
0.00001827792871604203	96.38787370387995
0.00001844046376350086	97.2207558873614
0.000018604444141120647	98.06000431215298
0.00001876988270138641	98.90574852968744
0.000018936792411073024	99.75770452573346
0.000019105186352261253	100.6239995372052
0.00001927507772336334	101.48952540208816
0.00001944647984015738	102.36763718592918
0.00001961940613683087	103.25366128275
0.000019793870167033913	104.13941668155287
0.000019969885604941226	105.03845594397755
0.00002014746624632421	105.94834842085582
0.000020326626009631934	106.86187021675188
0.00002050737893708229	107.783109606093
0.000020689739195762483	108.71638557850346
0.00002087372107873934	109.65603300532327
0.00002105933900617979	110.59858103421381
0.00002124660752648083	111.55192919403096
0.000021435541317410043	112.51656545986489
0.00002162615518725591	113.48367847798733
0.000021818464075988345	114.46774794651833
0.000022012483056429924	115.46024948308113
0.000022208227335436955	116.45308424897732
0.00002240571225509165	117.45679641689857
0.000022604953293904477	118.47093975956192
0.000022805966068027227	119.4940076837612
0.000023008766332477253	120.52336530804695
0.00002321336998237201	121.5631606068024
0.000023419793054175194	122.62033244272116
0.000023628051726953336	123.67007501035255
0.000023838162323644168	124.74242571802537
0.000024050141312335872	125.8210240495174
0.00002426400530755768	126.9081744725558
0.00002447977107158239	128.0014572764653
0.000024697455515739837	129.10776266914715
0.000024917075701742687	130.2238276285554
0.000025138648843023383	131.34157334778658
0.000025362192306083596	132.47697947887505
0.000025587723611855248	133.61780132129567
0.000025815260437073646	134.7772016281293
0.000026044820615663255	135.94379670194635
0.000026276422140135128	137.11993606688893
0.000026510083162997463	138.300703585011
0.000026745821998178196	139.48947721878739
0.000026983657122460306	140.69187672700073
0.000027223607176930292	141.90673588877013
0.00002746569096843887	143.1389592378997
0.000027709927471075345	144.3689404491606
0.000027956335827654613	145.61313361895034
0.000028204935351217415	146.8776665848367
0.000028455745526544383	148.1421820803232
0.000028708786011682838	149.4149015278281
0.00002896407663948794	150.70724901090114
0.000029221637419176757	152.01212058877366
0.00002948148853789691	153.32369678869205
0.000029743650362308637	154.64329174830547
0.00003000814344018095	155.97878907690597
0.00003027498850200251	157.33098327374205
0.00003054420646260599	158.6841932719995
0.00003081581842280779	160.0543504214489
0.00003108984567106147	161.44128024140386
0.00003136630968512662	162.83478264926825
0.00003164523213375216	164.23893639477996
0.000031926634878374474	165.65955775111058
0.00003221053997483128	167.0923223336615
0.000032496969675089866	168.53372848329607
0.000032785946428991654	169.98283821080088
0.000033077492886011257	171.45543782289172
0.00003337163189703215	172.93352462910815
0.000033668386516137507	174.42219959527785
0.00003396778000241694	175.9320417262053
0.000034269835821789865	177.451020645112
0.00003457457764884456	178.9831744177663
0.00003488202936869353	180.52473884522922
0.00003519221507884602	182.08860750904634
0.00003550515909109624	183.6598153674476
0.000035820885933429366	185.242114055785
0.00003613942035194351	186.84190578881348
0.000036460787312789704	188.45610625402483
0.000036785012004128534	190.08114488716433
0.00003711211983810412	191.72200791906286
0.00003744213645283636	193.3807443902341
0.00003777508771442984	195.0453605845755
0.00003811099971900172	196.7330972541643
0.00003844989879472658	198.43001597653605
0.000038791811503900416	200.13845962585714
0.00003913676464502237	201.86796119730195
0.00003948478525489491	203.61617041933098
0.00003983590061074346	205.37496250410084
0.00004019013823235371	207.14527627921998
0.00004054752588422921	208.92770947460855
0.00004090809157776686	210.73021427515374
0.000041271863573452946	212.5532203694946
0.000041638870383077904	214.38965381435972
0.00004200914077197081	216.24074081817994
0.00004238270376125441	218.10883572648117
0.00004275958863011947	219.99155944160074
0.00004313982491811948	221.88907841344442
0.000043523442427486374	223.80705947360946
0.00004391047122546579	225.7377103106528
0.00004430094164667431	227.68106054721866
0.00004469488429547639	229.649035284034
0.00004509233004838364	231.637631519519
0.000045493310056474615	233.6347732237778
0.00004589785574783617	235.64463378046736
0.00004630599883002728	237.68007377271442
0.00004671777129256355	239.73697010595941
0.00004713320540942521	241.8007944380377
0.000047552333741585964	243.89207981081265
0.000047975189139565684	245.9980485671907
0.000048401804746004914	248.1224285762353
0.00004883221399826228	250.2620861258994
0.00004926645063103583	252.42521730559534
0.00004970454867900642	254.6064806532852
0.000050146542479505995	256.7991382550188
0.00005059246667520818	259.01504097280093
0.00005104235621684411	261.24673310559024
0.00005149624636594157	263.5026824723889
0.00005195417269758844	265.78373662571124
0.00005241617110322154	268.07451123971555
0.000052882277793439496	270.38793957586154
0.00005335252930084056	272.7246799261894
0.0000538269624828866	275.07701319482106
0.00005430561452479123	277.44898006804704
0.00005478852294243502	279.8454275806836
0.00005527572558530517	282.2592983900468
0.0000557672606394628	284.70379543607476
0.000056263166630535555	287.1586431862555
0.00005676348242673692	289.6402699388744
0.000057268247241913305	292.1382743568958
0.00005777750063861679	294.6594063889148
0.00005829128253120673	297.2071486499497
0.00005880963318897741	299.76818262725106
0.00005933259323931493	302.3558453932314
0.000059860203670881267	304.9582892746861
0.000060392505836826514	307.59671284778005
0.00006092954145803086	310.25747541044007
0.0000614713526263737	312.92986949677504
0.00006201798180803362	315.63016953649384
0.0000625694718468159	318.35861342700355
0.00006312586596751135	321.10287128375614
0.00006368720777928384	323.8709939337361
0.00006425354127908797	326.671894866305
0.00006482491085511825	329.4936047899862
0.0000654013612902873	332.3322515477858
0.00006598293776573658	335.1989536343372
0.00006656968586437736	338.09341586443935
0.00006716165157446298	341.01086252294004
0.00006775888129319421	343.95458317235887
0.00006836142183035478	346.925586217437
0.00006896932041198116	349.9156691999331
0.0000695826246840636	352.9336935649765
0.00007020138271628026	355.9878670023422
0.00007082564300576559	359.0581326580657
0.00007145545448091052	362.15291392618
0.00007209086650519839	365.28280587950877
0.0000727319288810729	368.44084608386027
0.00007337869185384246	371.6174727547455
0.00007403120611561799	374.8193861277306
0.00007468952280928557	378.0584026458481
0.00007535369353251596	381.32613715719833
0.00007602377034180762	384.61531080354445
0.00007669980575656786	387.9290567269619
0.00007738185276322817	391.2794702560311
0.00007806996481939814	394.6577623530336
0.00007876419585805493	398.0645977154187
0.0000794646002917701	401.50032754077256
0.00008017123301697513	404.96014324032376
0.00008088414941826371	408.4624938544874
0.0000816034053727324	411.98347964963455
0.00008232905725436045	415.5405009879002
0.00008306116193842862	419.12714512994165
0.00008379977680597661	422.74156289822224
0.00008454495974830009	426.39044002366165
0.00008529676917148897	430.07079787621893
0.00008605526400100475	433.78012392493883
0.0000868205036862985	437.5255844046816
0.00008759254820547151	441.29698243209623
0.00008837145806997497	445.10285258902167
0.00008915729432935409	448.9476257735486
0.00008995011857603167	452.8247997325006
0.00009074999295013684	456.73295026934346
0.00009155698014437491	460.6724442524501
0.00009237114340894069	464.645580465413
0.00009319254655647702	468.6552627740236
0.00009402125396707504	472.70150760699516
0.00009485733059332145	476.7844309452846
0.00009570084196538803	480.89636415549944
0.000096551854196169	485.0412416308174
0.00009741043398646233	489.22299411399786
0.00009827664863019706	493.44628641751916
0.00009915056601970873	497.7071408247765
0.0001000322546510602	502.0113092196072
0.00010092178362940978	506.35061013010085
0.00010181922267442802	510.6882829949857
0.0001027246421257625	515.1002668065829
0.00010363811294855064	519.5632023326118
0.00010455970673898118	524.0196716392213
0.00010548949572990696	528.5433120006804
0.00010642755279650574	533.1283032493122
0.00010737395146199158	537.7229280356371
0.00010832876590337868	542.3520021875192
0.00010929207095729373	547.0580499199394
0.00011026394212584308	551.7648589000148
0.00011124445558252881	556.5080559041634
0.00011223368817822053	561.3111847544063
0.00011323171744717812	566.1529470717617
0.00011423862161312825	571.0420575794226
0.00011525447959539671	575.9828541818285
0.00011627937101509239	580.9459489862742
0.0001173133762013495	585.94211367672
0.0001183565761976219	591.0230955997349
0.00011940905276803665	596.1162784368834
0.00012047088840380194	601.2569523732326
0.00012154216632967185	606.4550184083923
0.00012262297051047075	611.6673399520914
0.00012371338565767362	616.9180951784685
0.00012481349723604513	622.2332064989872
0.00012592339147033866	627.6069392583636
0.00012704315535205495	633.029241500396
0.00012817287664625975	638.4975892130404
0.00012931264389846216	643.9927846550418
0.00013046254644155596	649.5465142106526
0.0001316226744028206	655.1611765614775
0.00013279311871098475	660.8096040580551
0.00013397397110335443	666.4988980398589
0.0001351653241330016	672.2528118983731
0.00013636727117602015	678.0572591554144
0.0001375799064388425	683.8913918365695
0.0001388033249656252	689.7975931727706
0.0001400376226456974	695.765361598896
0.00014128289622107598	701.7552519895391
0.00014253924329404952	707.812274807221
0.00014380676233482633	713.9114357693016
0.00014508555268925432	720.0618461992599
0.0001463757145866055	726.2668615229612
0.00014767734914743373	732.5192921765694
0.00014899055839149927	738.8409727322546
0.00015031544524576445	745.2342623776694
0.0001516521135524623	751.6618700553635
0.00015300066807723476	758.1238314416523
0.00015436121451734345	764.6569027064821
0.00015573385950995463	771.2435725501255
0.00015711871064049776	777.8939778891059
0.0001585158764510973	784.6048820516548
0.00015992546644907912	791.3638103340427
0.0001613475911155553	798.198817461854
0.0001627823619140826	805.0797874529839
0.00016422989129939773	811.9994213720488
0.00016569029272623357	819.0052709062517
0.00016716368065820917	826.0666697924819
0.0001686501705768034	833.2081578339757
0.00017014987899040404	840.3911812664196
0.00017166292344344142	847.6072900504801
0.0001731894225256005	854.9117655973215
0.0001747294958811148	862.2773604211324
0.00017628326421814607	869.7269560355006
0.00017785084931824262	877.2297971613218
0.00017943237404588691	884.7943067396144
0.0001810279623581229	892.4159106508587
0.0001826377393142738	900.089185515058
0.00018426183108574305	907.8457236320602
0.0001859003649659024	915.6787842952746
0.00018755346938007097	923.5486532484348
0.00018922127389557985	931.5156975258353
0.00019090390923192692	939.5392701636331
0.00019260150727102283	947.6384078073507
0.00019431420106752852	955.7987608069599
0.00019604212485928305	964.0317063959445
0.0001977854140778239	972.3327248818168
0.00019954420535900388	980.6950740968322
0.00020131863655369945	989.1445717691741
0.00020310884673861414	997.705657441612
0.00020491497622718153	1006.3280248815316
0.00020673716658055994	1015.0003560010515
0.00020857556061873076	1023.6672580099982
0.00021043030243168926	1032.47469132661
0.00021230153739074087	1041.3644165841101
0.00021418941215989393	1050.3358071254518
0.00021609407470735386	1059.425592306658
0.00021801567431712328	1068.55785518571
0.00021995436160069949	1077.67853646812
0.0002219102885088823	1086.9736088304064
0.00022388360834368055	1096.3538095956123
0.00022587447577033034	1105.8233479578857
0.00022788304682941623	1115.3486252848588
0.00022990947894910025	1124.9476941203081
0.00023195393095746324	1134.6414307589173
0.00023401656309495226	1144.4078045827073
0.00023609753702693917	1154.245769801304
0.00023819701585639248	1164.2057609720966
0.00024031516413666187	1174.177820459794
0.00024245214788437482	1184.2855000309755
0.00024460813459244727	1194.4140302397932
0.0002467832932432142	1204.719622788223
0.00024897779432167267	1215.0944759608342
0.0002511918098288429	1225.5095629568345
0.0002534255132952524	1236.0627246498198
0.0002556790797945336	1246.712623191498
0.0002579526859571493	1257.4557936928493
0.0002602465099842329	1268.2164912349722
0.0002625607316615589	1279.2033636797046
0.00026489553237363245	1290.167102122553
0.0002672510951179052	1301.2422948074045
0.0002696276045191208	1312.4452080987924
0.0002720252468437822	1323.7196897419162
0.00027444421001475455	1335.1209502339834
0.00027688468362599037	1346.644919843787
0.000279346858957393	1358.1558401147968
0.0002818309289898073	1369.8210251514706
0.00028433708842014367	1381.644697185088
0.0002868655336766411	1393.5158906707934
0.00028941646293426115	1405.4693669864994
0.0002919900761302198	1417.544632628281
0.00029458657497965894	1429.7129935795285
0.00029720616299145757	1441.9772446631634
0.0002998490454841815	1454.39271615171
0.0003025154296021742	1466.8827465486356
0.0003052055243317955	1479.5410146723561
0.0003079195405178001	1492.1621940511523
0.00031065769087986204	1505.002468212755
0.0003134201900292483	1517.9542097371232
0.00031620725448564105	1530.947888573925
0.00031901910269410645	1544.094346643467
0.00032185595504221476	1557.3907636578474
0.0003247180338773172	1570.767268163207
0.00032760556352397116	1584.2301010406848
0.00033051877030152094	1597.8651326085637
0.0003334578825418403	1611.5611370299239
0.00033642313060722374	1625.4000994626042
0.0003394147469084465	1639.3391228079677
0.0003424329659229774	1653.3827164270906
0.00034547802421335775	1667.5817197899971
0.000348550160445743	1681.878686179303
0.0003516496154086082	1696.3122783856165
0.0003547766320316223	1710.7992201266068
0.000357931455404685	1725.4626291952875
0.0003611143327971412	1740.2323652763496
0.00036432551367715743	1755.2013452542508
0.00036756524973127655	1770.253003050654
0.0003708337948841455	1785.378481591096
0.0003741314053184138	1800.7167134476583
0.0003774583394948177	1816.1429291861186
0.00038081485817243366	1831.6408922838775
0.0003842012244291183	1847.3759887487438
0.00038761770368212726	1863.235577166533
0.00039106456370891814	1879.1260273909998
0.00039454207466813984	1895.2198216699026
0.0003980505091208035	1911.4706225539437
0.0004015901420516501	1927.804569452395
0.0004051612508906994	1944.3278198313099
0.0004087641155349959	1960.9664312178525
0.00041239901837054806	1977.7224604135176
0.00041606624429445726	1994.6882722281014
0.0004197660807372524	2011.7473426129918
0.00042349881768541457	2028.9529289215743
0.00042726474770410713	2046.2707250247397
0.0004310641659601062	2063.7310520764804
0.00043489737024493503	2081.401334666232
0.00043876466099820606	2099.218582632936
0.00044266634133116476	2117.1318026010426
0.00044660271705045226	2135.268114540563
0.00045057409668206977	2153.5006007962047
0.0004545807914955617	2171.863388271306
0.00045862311552841405	2190.356430304868
0.0004627013856106639	2209.0976973201077
0.00046681592138973706	2228.019952081819
0.0004709670453554977	2246.9965262169576
0.00047515508286552613	2266.1599655922896
0.00047938036217061935	2285.472040697868
0.0004836432144405185	2305.021284096101
0.0004879439737898672	2324.6396053359986
0.0004922829773043947	2344.502396690614
0.0004966605650673411	2364.470073856331
0.0005010770801861089	2384.5970635203466
0.0005055328688191558	2404.9522353739117
0.0005100282802031285	2425.4257681310814
0.00051456366668023	2446.0668567764305
0.0005191393837258419	2466.9078700956006
0.0005237557899763805	2487.9631956797066
0.0005284132472574095	2509.0683884620944
0.0005331121206119974	2530.4099737346673
0.0005378527783293295	2551.942373154467
0.0005426355919735754	2573.6630915923474
0.0005474609364130068	2595.6011158480387
0.0005523291898493853	2617.6766909422026
0.0005572407338476003	2639.926127291518
0.0005621959533655773	2662.314161421435
0.0005671952367844495	2684.964298733358
0.0005722389759390005	2707.7702767958626
0.0005773275661483724	2730.7828540219994
0.0005824614062470522	2753.9776915357593
0.0005876408986161313	2777.33294352415
0.0005928664492148437	2800.8780649689643
0.0005981384676123829	2824.6377990021656
0.0006034573670200064	2848.663784284256
0.0006088235643234188	2872.8036016085584
0.0006142374801154485	2897.1351358046636
0.0006196995387290126	2921.669259369513
0.0006252101682703755	2946.44154244928
0.0006307698006527024	2971.4132632150363
0.0006363788716299141	2996.565026924102
0.0006420378208308373	3021.9289152140927
0.000647747091793664	3047.509465192068
0.000653507132000715	3073.348734089667
0.0006593183929135125	3099.270450984025
0.000665181330008164	3125.523849043588
0.0006710964028110646	3151.9254657067363
0.0006770640749349102	3178.556352873502
0.0006830848141150363	3205.4402050967096
0.0006891590922460787	3232.525564977863
0.0006952873854189591	3259.834568921475
0.0007014701739581995	3287.3308830449205
0.0007077079424595722	3315.028725890465
0.0007140011798280775	3342.9626049139256
0.0007203503793162654	3371.1730993421584
0.000726756038562896	3399.609127964048
0.0007332186596319426	3428.2456285682288
0.0007397387490519425	3457.1344116154305
0.0007463168178557005	3486.2761717347025
0.0007529533816203381	3515.594989788977
0.0007596489605077068	3545.1293324066914
0.0007664040793051568	3574.9308615466543
0.0007732192674666682	3605.0308220139664
0.0007800950591543487	3635.335147274004
0.0007870319932803026	3665.844829284167
0.0007940306135488659	3696.6673698338022
0.0008010914684992232	3727.7530187251245
0.000808215111548401	3759.0205493656777
0.0008154021010346432	3790.5634947244725
0.000822653000261172	3822.3008768180184
0.0008299683775403415	3854.327333462072
0.0008373488062381767	3886.688609759624
0.0008447948648193158	3919.2060858392547
0.0008523071368923482	3951.991578630413
0.000859886211255557	3985.0524397351655
0.0008675326819430673	4018.3774469974583
0.0008752471482714081	4052.0179957056566
0.0008830302148864814	4085.8808942803507
0.0008908824918109562	4120.00965452444
0.0008988045944920802	4154.417332048542
0.0009067971438499177	4189.058501656735
0.000914860766326015	4224.003312780511
0.0009229960939325031	4259.214707658313
0.0009312037643016288	4294.708349525508
0.0009394844207357349	4330.502123316446
0.000947838712257679	4366.5480518058985
0.0009562672936617047	4402.893854497014
0.0009647708255647609	4439.5390066103255
0.0009733499744582806	4476.439412692543
0.0009820054127604224	4513.64420978574
0.0009907378188687675	4551.076850413192
0.0009995478772134956	4588.945973375573
0.001008436278311028	4627.151825991668
0.0010174037188181492	4665.4989059496065
0.0010264509015866083	4704.164067469311
0.0010355785357182114	4743.079859742418
0.0010447873366203945	4782.420503573226
0.0010540780260622983	4821.646577346951
0.001063451332231339	4861.509067356434
0.001072907989790283	4901.804959296812
0.001082448739934826	4942.397464701232
0.0010920743304516916	4983.156919026527
0.001101785515777235	5024.117008479894
0.0011115830570565788	5065.701639477082
0.0011214677222032687	5107.276487428799
0.0011314402859594615	5149.286355483058
0.0011415015299566466	5191.936267339767
0.0011516522427769133	5234.728953735384
0.0011618932200147527	5277.533926466826
0.0011722252643394176	5320.793703962962
0.001182649185557835	5364.648343086816
0.0011931658006780759	5408.738258805781
0.0012037759339733904	5453.035699460509
0.0012144804170468179	5497.642261833236
0.0012252800888963584	5542.733025584033
0.0012361757959807374	5587.882964990779
0.0012471683922857478	5633.632510621838
0.001258258739391185	5679.701307499007
0.0012694477065383729	5725.9904645831675
0.0012807361706982999	5772.813208964292
0.0012921250166403465	5820.025899750528
0.0013036151370016365	5867.319976509399
0.001315207432357	5915.04133899741
0.0013269028112895568	5963.279013093421
0.001338702190461931	6011.641380399424
0.0013506064946881	6060.379223821245
0.0013626166570058736	6109.676882994304
0.0013747336187500284	6159.285984224439
0.0013869583296260862	6209.066500340667
0.0013992917477847514	6259.348860038038
0.0014117348398970068	6310.21834368075
0.0014242885812298847	6361.193915621958
0.001436953955722899	6412.250554516381
0.0014497319560651707	6464.180348634144
0.0014626235837732302	6516.235822697296
0.0014756298492695152	6568.653001245637
0.0014887517719615643	6621.754352478963
0.001501990380321922	6675.024366779019
0.0015153467119687404	6728.565740564091
0.00152882181374711	6782.594882401431
0.0015424167418111097	6836.937333827582
0.0015561325617065864	6891.766340875903
0.0015699703484546672	6946.8799325684895
0.0015839311866360257	7002.460539176396
0.0015980161704758785	7058.530319652962
0.001612226403929757	7114.849205443042
0.0016265630007700294	7171.4495248809735
0.001641027084673198	7228.634397042968
0.001655619789307968	7286.084323082148
0.0016703422584241105	7343.89114866303
0.0016851956459420958	7402.212906235513
0.0017001811160435437	7460.935558764885
0.0017152998432624677	7520.1969266239275
0.0017305530125773325	7579.892864398272
0.00174594181950393	7639.877047528111
0.0017614674701890865	7700.305529853766
0.0017771311815051902	7760.963938597345
0.0017929341811455724	7821.942286583657
0.001808877707720732	7883.642962519106
0.001824963010855414	7945.7405928655435
0.0018411913512865515	8008.22387497002
0.001857564000962088	8071.091613680435
0.001874082243140658	8134.304514900228
0.0018907473724921753	8197.85805240281
0.0019075606951993041	8261.844652124022
0.0019245235290598353	8326.576032636362
0.0019416372035899719	8391.33106972709
0.0019589030601285403	8456.816470814167
0.001976322451942112	8522.798229000668
0.0019938967443310783	8588.897747948546
0.002011627314736655	8655.448636600951
0.0020295155528488474	8722.734188802477
0.002047562860715368	8790.333645052384
0.002065770652851534	8858.043919835049
0.002084140356351123	8926.657748640757
0.0021026734109982357	8995.364314467275
0.0021213712693801375	9064.75575012652
0.0021402353970011146	9134.47770194592
0.002159267272397332	9204.584786054358
0.0021784683872527267	9275.207325521484
0.002197840246515913	9346.171634380766
0.0022173843685181454	9417.482214113385
0.002237102285092319	9489.528530564485
0.002256995541693033	9561.800990909243
0.002277065697517718	9634.618880939724
0.0022973143256288524	9707.947055153652
0.0023177430130772426	9781.509837943928
0.002338353361026422	9855.52927200114
0.002359146984878145	9930.161708224154
0.0023801255143990003	10005.286273635864
0.002401290593848144	10080.754321184148
0.0024226438821061866	10156.192698119197
0.002444187052805196	10232.586291326887
0.002465921794459885	10309.677044246402
0.002487849810599951	10386.650216696897
0.0025099728199035956	10464.437794964097
0.002532292556332229	10543.136333668517
0.0025548107692663848	10621.59945967955
0.0025775292236428172	10700.05890595808
0.0026004497000928464	10780.164710968415
0.0026235739950819163	10860.068818027014
0.0026469039210503973	10940.713237485343
0.002670441306555644	11021.26311357846
0.0026941879964153185	11102.598058490808
0.002718145851851974	11184.431816357783
0.00274231675063894	11266.552625697079
0.0027667025872474996	11349.026595838133
0.0027913052729953715	11431.808730772602
0.002816126736196517	11515.373289262383
0.0028411689223122832	11599.67977449175
0.0028664337941038736	11683.897095367061
0.0028919233317861942	11769.09457347774
0.002917639533183056	11854.267506172648
0.0029435844138837623	11939.98864118948
0.002969760007401083	12026.141402449639
0.0029961683653306486	12112.370970736554
0.003022811557511736	12199.731614764944
0.0030496916721895065	12287.795927032423
0.003076810816178679	12375.563701672965
0.003104171115028657	12463.576695043424
0.0031317747131901215	12552.10450631656
0.0031596237741831224	12641.460043999139
0.0031877204807666333	12731.155393165049
0.0032160670351096435	12821.231122836338
0.003244665658963757	12911.96539966286
0.00327351859383733	13002.784334009404
0.003302628101171153	13094.261824813255
0.0033319964625157105	13186.648442585789
0.003361625979709986	13279.189083383506
0.003391518975061889	13371.527500056915
0.0034216777915302703	13464.469824701848
0.0034521047929085584	13557.91839994289
0.003482802364010026	13651.635348669663
0.0035137729108547203	13746.088808704219
0.0035450188608580234	13841.156940781384
0.003576542663020922	13936.329237251597
0.0036083467881219515	14031.358513356532
0.003640433728910852	14127.240406885412
0.003672806000303942	14223.965458664305
0.0037054661395812447	14321.064014199173
0.003738416706585339	14418.128344287506
0.003771660283922004	14515.441808220367
0.003805199477162641	14613.368986465903
0.0038390369150484885	14711.275866207436
0.003873175249696657	14809.984427734593
0.003907617156808012	14909.540586444475
0.003942365335876867	15008.545686553953
0.003977422510402583	15108.707274398117
0.004012791428103021	15208.887380985383
0.004048474861129913	15308.825894800573
0.004084475606286125	15409.838319291433
0.004120796485244886	15511.361921244688
0.004157440344770922	15613.093661516246
0.004194410056943593	15714.604016353112
0.004231708519382002	15816.976926236088
0.0042693386554720995	15919.299811977337
0.004307303414595815	16022.37554919412
0.0043456057723622364	16125.921143120635
0.00438424873084081	16229.302863142446
0.004423235318796654	16332.981484882946
0.004462568591927941	16437.291654674835
0.004502251633105401	16541.69891758823
0.004542287552613947	16647.121460151087
0.004582679488396467	16751.48608819171
0.004623430606299748	16856.514219094595
0.004664544100322628	16962.42077984181
0.004706023192866327	17068.638092744968
0.004747871134987014	17174.900438961737
0.004790091206650617	17281.14944086432
0.004832686716989919	17387.635123072818
0.004875661004563888	17494.722271944273
0.004919017437619376	17602.012236608876
0.004962759414355102	17709.32446788801
0.005006890363188002	17816.59633681946
0.005051413743021938	17924.293571029182
0.0050963330435188125	18032.4829382898
0.005141651785372064	18140.775175673225
0.005187373520582622	18249.26144263524
0.005233501832737307	18358.342522554984
0.005280040337289705	18466.604942919508
0.005326992681843534	18575.732900928953
0.0053743625464385564	18685.106204665466
0.005422153643838985	18794.397075706296
0.005470369719824501	18903.71701418048
0.00551901455348384	19013.03601552878
0.005568091957510986	19122.581264968965
0.005617605778504001	19232.66859295043
0.005667559897266533	19342.07799126711
0.005717958229111956	19452.520954414493
0.0057688047241702695	19562.875798002333
0.00582010336769769	19672.54923130074
0.005871858180389016	19782.601039447374
0.00592407321869275	19893.11128948771
0.005976752575129064	20003.66349108797
0.006029900378610528	20114.331679836807
0.0060835207947657465	20224.88602621837
0.0061376180262658515	20335.487558985184
0.006192196313153898	20445.28023002514
0.0062472599331771855	20555.670108583952
0.0063028132021225635	20666.530872901385
0.006358860474154658	20776.770076850436
0.006415406142157172	20887.06511397655
0.0064724546380771795	20997.7245835202
0.006530010433272496	21107.628617574723
0.006588078038862133	21217.709096852184
0.006646662006079887	21327.76487710888
0.00670576692663103	21437.851939478187
0.006765397433052218	21547.273412172428
0.006825558199074574	21657.222317620068
0.006886253939990011	21767.05097787073
0.006947489413020799	21876.498482580435
0.00700926941769245	21985.818726028618
0.007071598796209865	22094.34894445595
0.007134482433836875	22203.0041556088
0.007197925259279139	22311.72881781615
0.0072619322450704436	22420.589798599696
0.007326508407962436	22528.691232035195
0.007391658809317852	22636.7455391771
0.007457388555507182	22744.456045997344
0.007523702798308917	22851.655238252373
0.007590606735313341	22958.704497735314
0.007658105610329895	23065.1569711071
0.007726204713798182	23171.646192750308
0.007794909383202643	23277.319208070086
0.007864225003490861	23383.016800290294
0.007934157007495647	23488.194046160177
0.008004710876360855	23593.235665405995
0.008075892139970982	23697.903732746297
0.008147706377384576	23801.726529628257
0.008220159217271553	23905.16243596711
0.008293256338354309	24008.431012687477
0.008367003469852845	24110.14920508313
0.008441406391933798	24212.899127333738
0.008516470936163485	24314.25510491734
0.00859220298596496	24415.38076822867
0.008668608477079178	24515.56713405492
0.008745693398030186	24614.900994179392
0.008823463790594512	24714.18987589077
0.008901925750274715	24812.721074793262
0.008981085426777129	24910.509614461313
0.009060949024493859	25008.551342037405
0.009141522802989107	25105.098232201315
0.009222813077489737	25200.722721607133
0.009304826219380273	25295.666168776454
0.009387568656702285	25389.943273043984
0.009471046874658193	25483.507173875885
0.009555267416119574	25576.346070045074
0.009640236882139963	25668.538960916383
0.009725961932472276	25759.965828034594
0.009812449286090737	25849.902551448642
0.009899705721717524	25939.067781188434
0.009987738078354071	26027.852801857636
0.010076553255817099	26115.71188057232
0.010166158215279395	26202.10948569657
0.010256559979815458	26287.303359136626
0.010347765634951902	26372.15577288369
0.010439782329222836	26456.777600127218
0.010532617274730148	26539.14497049263
0.010626277747708777	26620.007475871895
0.010720771089097	26701.054748353017
0.010816104705111844	26780.312489052045
0.010912286067829506	26858.3530788357
0.01100932271577105	26935.055346292425
0.011107222254493242	27010.435956267625
0.01120599235718467	27085.63333930773
0.011305640765267133	27159.252285973977
0.011406175289002451	27230.910543766586
0.011507603808104555	27301.103165744764
0.011609934272357122	27371.22089142631
0.011713174702236658	27439.228883679225
0.011817333189541125	27505.39920931063
0.011922417898024156	27570.75680258845
0.012028437064034954	27634.86514192159
0.012135398997163777	27697.28352977128
0.012243312080893277	27758.704722474933
0.012352184773255566	27817.887471765105
0.012462025607495143	27876.057531542287
0.012572843192737703	27932.9572209733
0.012684646214664948	27988.190906496566
0.012797443436195294	28041.88386797811
0.01291124369817073	28094.297273492542
0.013026055920049741	28144.975941679382
0.013141889100606393	28193.294309428213
0.013258752318635636	28240.290041598826
0.013376654733664926	28285.061784311838
0.013495605586672062	28328.272178702566
0.013615614200809532	28368.673184131498
0.013736689982135217	28407.168197342107
0.013858842420349633	28443.853755510117
0.013982081089539704	28478.126222930867
0.014106415648929206	28510.438891186346
0.014231855843635767	28541.076136688975
0.014358411505434723	28568.649903322625
0.0144860925535297	28594.81897746995
0.014614908995330064	28619.49611621469
0.014744870927235271	28642.672569393468
0.014875988535426259	28665.006682795676
0.015008272096663736	28685.798758937162
0.015141731979093718	28705.127346417932
0.015276378643060142	28724.420846258563
0.015412222641924735	28742.234728578558
0.015549274622894151	28759.411236280048
0.015687545327854536	28776.003993674494
0.01582704559421337	28791.301745760364
0.015967786355748952	28804.45690284284
0.01610977864346734	28815.90496919454
0.016253033586466948	28825.199982772152
0.016397562412810814	28831.57923146195
0.01654337645040669	28835.60733076862
0.016690487127894806	28836.52607973574
0.016838905975543706	28834.43350320075
0.016988644626153935	28828.557672854353
0.017139714815969806	28818.74493403201
0.01729212838559925	28804.860812122883
0.01744589728094192	28787.600266151792
0.017601033554125404	28767.379233239444
0.017757549364449895	28744.04342497223
0.017915456979341212	28717.7754406218
0.0180747687753123	28688.054545911986
0.018235497238933255	28656.327344642526
0.01839765496781007	28622.398926552552
0.018561254671571915	28586.008739548113
0.018726309172867342	28547.25833137836
0.01889283140836932	28506.19585325733
0.01906083442978915	28463.244447935223
0.019230331404899444	28418.48544020071
0.019401335618566252	28370.593632643857
0.019573860473790197	28320.45495983049
0.01974791949275705	28268.10740236585
0.019923526317897566	28211.964506776058
0.020100694712956738	28152.431407941327
0.020279438564072563	28089.898682729432
0.020459771880864498	28023.61713786018
0.020641708797531366	27953.109049438608
0.020825263573959283	27879.125117138952
0.021010450596839272	27801.95220323808
0.021197284380794885	27721.14602030131
0.0213857795695198	27636.690130355302
0.02157595093692565	27548.892405997023
0.021767813388299865	27458.167365392852
0.021961381961473996	27364.530442258172
0.02215667182800232	27268.353952921847
0.022353698294350983	27170.218145324045
0.02255247680309765	27070.0054429524
0.02275302293414197	26967.65958052513
0.02295535240592655	26864.110311264103
0.023159481076669056	26758.864308202046
0.023365424945605087	26651.886592301307
0.023573200154242212	26542.887796023464
0.02378282298762505	26431.867742264578
0.023994309875611783	26319.46618144724
0.02420767739416174	26205.839984474864
0.024422942266634697	26089.992114956076
0.024640121365101592	25972.32636714395
0.024859231711666933	25853.316419152165
0.025080290479802935	25732.50539080714
0.02530331499569563	25609.43494025244
0.02552832273960274	25484.922426685775
0.025755331347223825	25358.76227036733
0.02598435861108252	25230.545912284982
0.02621542248192109	25100.847595734867
0.026448541070107325	24969.0408434381
0.026683732647054127	24834.325545076616
0.026921015646651433	24698.62171629832
0.027160408666711117	24561.059558811034
0.027401930470424638	24421.12888581062
0.027645599987833665	24278.940577596157
0.02789143631731375	24134.766180230254
0.028139458727071333	23988.5901151371
0.028389686656653784	23840.33029341017
0.02864213971847316	23690.44706557408
0.028896837699343342	23538.90384578241
0.02915380056203091	23385.091037241848
0.029413048446819745	23229.865468714892
0.02967460167308971	23073.793228447015
0.02993848074090908	22915.863046462386
0.030204706332641402	22756.795927464773
0.030473299314566493	22597.52969413908
0.030744280738516035	22435.975748042398
0.03101767184352328	22274.036402267953
0.03129349405748814	22111.014453986412
0.03157176899885621	21947.769462779237
0.03185251847831362	21783.588424754435
0.03213576450049628	21618.78605691825
0.03242152926571444	21454.010438145684
0.032709835171693104	21289.708779382767
0.03300070481532704	21125.49186316313
0.03329416099445239	20960.263494808416
0.03359022670963301	20796.533356427568
0.033888925165963646	20632.9653492584
0.03419027977488853	20468.910599910654
0.03449431415603616	20306.189112969598
0.03480105213907095	20144.546958530318
0.03511051776556049	19983.13210092483
0.03542273529086033	19822.874409415854
0.03573772918601486	19664.218579051598
0.0360555241396751	19504.70891652073
0.036376145060034254	19347.956925351893
0.03669961707677939	19191.078335862952
0.03702596554306164	19036.418883724276
0.03735521603748275	18882.728126140853
0.037687394366100385	18729.980718218478
0.03802252656445057	18578.92776210559
0.038360638899588066	18429.47066635683
0.03870175787214565	18281.50116445718
0.039045910218410605	18134.713693746755
0.03939312291242077	17989.897914637677
0.03974342316807849	17846.244232109933
0.040096838441283415	17704.297050356912
0.040453396432084884	17564.367754340623
0.04081312508685248	17426.35235384606
0.041176052600466986	17290.238619982778
0.041542207418529625	17156.112951875966
0.04191161823959215	17023.7140748239
0.04228431401740592	16892.767050419025
0.04266032396319104	16764.106086890046
0.0430396775479264	16638.66457520146
0.04342240450465894	16515.267962899776
0.043808534830834626	16393.801930608606
0.04419809879064938	16275.325453626965
0.04459112691742084	16159.979802297703
0.04498765001598213	16046.80460260902
0.04538769916509558	15936.03573733125
0.04579130571988933	15828.75293492108
0.0461985013143142	15724.947109253308
0.04660931786362368	15623.574378652751
0.04702378756687515	15524.645168256397
0.047441942909453326	15428.04730853043
0.047863816665617016	15334.346194994456
0.04828944190106719	15243.661412752044
0.04871885197553925	15154.577878770158
0.04915208054541739	15066.958364466713
0.049589161566372365	14981.891628031448
0.05003012929602335	14899.452153598108
0.050475018296622404	14817.734068758584
0.05092386343776404	14738.033382335963
0.05137669989911754	14660.659128758994
0.05183356317318493	14584.836687883831
0.052294489068082504	14510.47037729969
0.05275951371034715	14437.7633917534
0.053228673547768536	14366.786064669683
0.05370200535224505	14296.440558681728
0.054179546222666596	14227.82720715702
0.054661333587822034	14160.012533902576
0.05514740520933253	14092.984883839088
0.05563779918461186	14026.804683350862
0.0561325539498517	13961.33052279287
0.056631708283034925	13896.355260497387
0.05713530130697418	13831.227350259573
0.057643372492378976	13765.996025801209
0.05815596166094898	13700.658986906616
0.058673108988494926	13635.139148887389
0.05919485500808818	13568.811492661589
0.059721240613236866	13501.925579513549
0.06025230706109173	13434.988728280354
0.060788095975679496	13367.301508472763
0.06132864935116495	13297.743026706883
0.061874009555143154	13227.046218715273
0.06242421933195922	13155.40871228586
0.06297932180605945	13081.72238319045
0.06353936048537046	13006.887591545414
0.06410437926471002	12929.66740723337
0.06467442242922714	12850.012775399546
0.06524953465787266	12767.922114990066
0.065829761026902	12682.773103504833
0.06641514701340714	12594.728744160215
0.06700573849888193	12503.762031564593
0.06760158177281776	12409.861910908974
0.06820272353633135	12312.73344165507
0.06880921090582591	12214.17382663691
0.06942109141668311	12113.931035630223
0.07003841302698972	12011.410095740755
0.07066122412129562	11907.606886449556
0.07128957351440678	11803.040245441152
0.07192351045521105	11695.783572862772
0.07256308463053779	11585.790827469227
0.07320834616905308	11472.505490506808
0.07385934564518773	11355.168619689977
0.07451613408310206	11233.247907378782
0.0751787629606848	11106.693203560784
0.07584728421358732	10975.78531555967
0.07652175023929522	10841.167823426615
0.07720221390123416	10703.674954564629
0.07788872853291415	10563.814604529965
0.0785813479421087	10421.98126331444
0.07928012641507319	10278.845814268125
0.07998511872079925	10134.746587354359
0.080696380115307	9989.718406491846
0.08141396634597703	9843.890486110411
0.08213793365591851	9697.622369476538
0.08286833878837851	9551.11476601017
0.08360523899118898	9404.332274127444
0.08434869202125322	9257.653060395332
0.08509875614907396	9111.590533536992
0.08585549016331911	8966.531849589268
0.08661895337543088	8822.806509107131
0.08738920562427314	8680.751520138727
0.0881663072808227	8540.596466189729
0.08895031925290049	8402.626725190048
0.08974130298994502	8267.232031744797
0.09053932048782974	8134.725835001763
0.0913444342937209	8005.3601429504815
0.09215670751098116	7879.491301514399
0.09297620380411424	7757.319385669832
0.09380298740375595	7638.954144238641
0.094637123111708	7524.768519385193
0.09547867630601653	7414.897073308487
0.0963277129460975	7309.3675187643385
0.09718429957790516	7208.470858986481
0.09804850333914888	7112.483869864637
0.09892039196455492	7021.199936993085
0.09980003379117469	6934.641512107782
0.10068749776374222	6852.723791825174
0.10158285344007648	6775.7899939064755
0.10248617099653454	6703.144499563795
0.10339752123351056	6634.951507568999
0.10431697558098618	6571.255645185787
0.10524460610412854	6511.121611271185
0.10618048550893808	6455.1383936745615
0.1071246871479484	6402.1156408879715
0.10807728502597397	6352.900231706802
0.10903835380591187	6306.53784414155
0.11000796881459313	6262.6416196916425
0.11098620604868611	6220.807476792872
0.11197314218065439	6180.5936646967175
0.11296885456476465	6141.661828937229
0.11397342124315103	6103.742168451202
0.11498692095193054	6066.6317323628045
0.11600943312737544	6028.947241234724
0.11704103791213888	5991.2912452409
0.11808181616153561	5952.806180489152
0.11913184944988078	5912.9760569450755
0.12019122007688188	5871.36209121702
0.12126001107409073	5827.853678243069
0.12233830621141074	5782.295017373728
0.12342619000366194	5733.845631248471
0.12452374771720665	5682.363600345754
0.1256310653766307	5627.644170076315
0.12674822977148784	5569.431272776458
0.1278753284631	5508.133359163873
0.1290124497914222	5443.443728769089
0.1301596828819654	5375.143819977561
0.1313171176527816	5303.64740414869
0.1324848448215129	5229.306932754506
0.1336629559125	5151.876407569479
0.13485154326395732	5071.539315240495
0.1360507000352096	4989.358846664188
0.13726052021399288	4905.05869583085
0.13848109862382274	4818.903518592416
0.13971253093142438	4731.653574175567
0.14095491365423296	4643.734194254704
0.14220834416795627	4555.2039126560585
0.1434729207142087	4466.582715223471
0.14474874240821056	4379.004670109354
0.14603590924655566	4292.645653542457
0.14733452211505071	4207.712985450957
0.14864468279662052	4124.64276574311
0.14996649397928738	4044.177574301133
0.1513000592642187	3966.6030679335163
0.1526454831738464	3892.3590607990714
0.15400287116006103	3822.12116866128
0.15537232961247463	3755.9928738881454
0.15675396586676169	3693.784496285139
0.1581478882130696	3635.5482063474647
0.1595542059045083	3581.7585704007215
0.1609730291657124	3532.272832927372
0.16240446920147958	3486.910523196929
0.16384863820548862	3445.145768959184
0.16530564936909056	3406.5176896807443
0.16677561689018267	3370.9420627330273
0.16825865598215792	3338.1600072119118
0.16975488288293453	3307.502820919822
0.17126441486406846	3278.4329359938833
0.17278737023994262	3250.8127845909135
0.17432386837704242	3224.124899006234
0.17587402970330923	3197.912165001044
0.17743797571758133	3171.6429526401057
0.1790158289991159	3144.843650511057
0.18060771321719563	3117.173869834183
0.18221375314082383	3088.0820421205617
0.18383407464850116	3057.2496106903454
0.18546880473809388	3024.2845818232427
0.18711807153678686	2989.0025840609214
0.1887820043111249	2951.001091268934
0.19046073347714676	2910.417095942569
0.19215439061060427	2867.372285146481
0.19386310845727758	2821.962268135605
0.19558702094337702	2774.604744679752
0.1973262631860422	2725.3673252499743
0.19908097150393136	2674.9679000142646
0.2008512834279046	2623.9114950294593
0.20263733771180584	2572.3140509321815
0.20443927434333528	2520.735522323049
0.2062572345550238	2469.8694315995867
0.2080913608353015	2419.9379484731394
0.20994179693966455	2371.196089821334
0.21180868790194515	2324.4075741305046
0.2136921800456759	2279.4371602520173
0.21559242099556147	2236.9057435156046
0.2175095596890461	2196.801518530361
0.21944374638798975	2159.4168395597385
0.2213951326904442	2124.8043493965683
0.2233638715425338	2092.8346995819707
0.22535011725044587	2063.375488538617
0.2273540254925219	2036.2043026070571
0.22937575333146193	2010.9530678135434
0.2314154592266338	1987.5438977129686
0.2334733030464916	1965.272567788389
0.23554944608110875	1943.929103266793
0.23764405105481637	1922.9264497114195
0.23975728213896055	1901.910603545436
0.24188930496476654	1880.5976640221434
0.24404028663632357	1858.633996155491
0.24621039574368087	1835.6872003730227
0.24839980237606007	1811.4157983883858
0.2506086781351898	1785.840255764086
0.2528371961487516	1758.81411158011
0.2550855310839528	1730.6283372561206
0.2573538591612153	1701.312197231506
0.2596423581679857	1671.1241680174319
0.26195120747267336	1640.3003456686463
0.2642805880387056	1609.0505433554306
0.2666306824387142	1577.8805030169026
0.26900167486884236	1547.1540190362361
0.2713937511631841	1517.0422339325034
0.27380709880834875	1487.863425684846
0.2762419069581541	1459.71451307697
0.27869836644845536	1433.0147199577914
0.2811766698120986	1407.8873792689749
0.28367701129401474	1384.2361726159206
0.2861995868664424	1362.0735377029246
0.2887445942442865	1341.3513735534293
0.29131223290061825	1321.8881715925602
0.2939027040823055	1303.4334015142285
0.2965162108257901	1285.750631189505
0.29915295797299746	1268.4831523154294
0.3018131521873953	1251.4302788834452
0.3044970019701901	1234.3734682352654
0.30720471767666724	1217.067368577389
0.30993651153268226	1199.3589082849405
0.31269259765129026	1181.130728401028
0.31547319204953145	1162.3469063370997
0.31827851266536067	1143.0081375258471
0.32110877937472737	1123.2519354862434
0.3239642140088127	1103.1653596190106
0.3268450403714121	1082.9034277203716
0.32975148425648076	1062.6960832148322
0.3326837734658269	1042.767027568713
0.33564213782696994	1023.3101432692017
0.3386268092111526	1004.5246166454697
0.3416380215515127	986.4915699436873
0.34467601086142247	969.172770875941
0.34774101525298207	952.6843405358184
0.3508332749556868	936.9336433856747
0.35395303233525377	921.866493646091
0.3571005319126165	907.4351324715902
0.3602760203830941	893.4907286734924
0.363479746635722	879.8473816655847
0.36671196177276444	866.3055134288887
0.3699729191293902	852.8099700564359
0.37326287429353305	839.1900743355625
0.37658208512592267	825.4753984628901
0.37993081178029287	811.5861413947622
0.38330931672377677	797.5481939810027
0.3867178647574734	783.4739672148975
0.39015672303720655	769.4079209799546
0.3936261610944625	755.4039336511968
0.3971264508575129	741.6126409219423
0.400657866672733	728.1699896540404
0.40422068532609895	715.0764671195145
0.4078151860648872	702.425221798258
0.411441650619556	690.1998594996829
0.4151003632258316	678.3722912369223
0.4187916106469843	666.9322738479799
0.422515682196302	655.8157300256557
0.42627286975977124	644.9472560879898
0.43006346781894894	634.2314390821714
0.4338877734740483	623.6458284235636
0.437746086467223	613.0659338659087
0.44163870920605786	602.5359836624434
0.4455659467872767	592.0386095244497
0.44952810702064866	581.5619031305798
0.4535255004531205	571.1578970036985
0.4575584403931501	560.8586576141473
0.4616272429352684	550.7196667978365
0.46573222698485256	540.7909522990223
0.4698737142831181	531.1041210852865
0.47405202943234237	521.6683084621584
0.47826749992129974	512.4615605242386
0.4825204561509353	503.48312139855614
0.4868112314602587	494.72166728873185
0.49114016215246786	486.1274588987151
0.49550758752131413	477.66253735184125
0.49991384987768844	469.3255512817023
0.5043592945764578	461.0524740354078
0.5088442700435271	452.8494267136744
0.5133691278031534	444.74357476568866
0.517934222505496	436.73937379796223
0.5225399119544105	428.83708291405355
0.5271865571354982	421.06612992313273
0.5318745222443932	413.4522445189257
0.5366041747153137	405.9750987495393
0.5413758852498576	398.68512919978645
0.5461900278460547	391.53052336210175
0.5510469798276872	384.52139547235294
0.5559471218738552	377.6539807835278
0.560890838048822	370.90017414015443
0.5658785158321081	364.23645101836036
0.5709105461488683	357.6570808883743
0.5759873234005287	351.16918889218994
0.5811092454956961	344.7892645740577
0.5862767138813525	338.49470023459594
0.5914901335743115	332.2968903851411
0.5967499131929701	326.2265484602726
0.6020564649893323	320.2717467682932
0.6074102048813176	314.4324476637103
0.6128115524853672	308.70434758756835
0.6182609311493245	303.0703421237361
0.6237587679856242	297.53226461416085
0.6293054939047611	292.0904857539184
0.6349015436490706	286.75404187203713
0.6405473558268004	281.49328530887215
0.6462433729464845	276.33872931069874
0.6519900414516333	271.2695941477844
0.657787811755717	266.27483170836456
0.6636371382774755	261.36790789451845
0.6695384794765319	256.5487529847087
0.6754922978893219	251.8069499750454
0.6814990601653547	247.1490050241057
0.6875592371037793	242.5890942647976
0.6936733036902937	238.09085710464927
0.6998417391343641	233.66315146597037
0.7060650269067932	229.32322542332312
0.7123436547776099	225.06055892005983
0.7186781148542957	220.86768482497402
0.7250689036203646	216.7531106113364
0.7315165219742663	212.69786340503208
0.7380214752686544	208.72591007723852
0.7445842733499912	204.82371934491707
0.7512054305985051	200.98517321651514
0.7578854659685152	197.22118901438466
0.7646249030290962	193.52187076841963
0.771424270005125	189.88296093969825
0.7782840998186713	186.31261669952738
0.7852049301307765	182.8044187617421
0.792187303383591	179.35212071704944
0.7992317668428849	175.9689046294105
0.806338872640952	172.64527022646718
0.8135091778198738	169.38638892792196
0.8207432443751886	166.17516821417996
0.8280416392999365	163.02233646063348
0.8354049346290939	159.9357079692124
0.8428337074844195	156.9001712784182
0.8503285401196761	153.9178802803787
0.857890019966278	150.991749665775
0.8655187396793218	148.12032996785928
0.8732152971840471	145.29928803872343
0.8809802957226971	142.5296884961909
0.8888143439017947	139.8114510081357
0.8967180557398547	137.14115962817823
0.9046920507154972	134.51917637386978
0.9127369538160134	131.94827005006323
0.9208533955863389	129.42327039390506
0.9290420121784854	126.9433337098564
0.9373034454013964	124.5084615549794
0.9456383427712464	122.11990534977099
0.9540473575622029	119.77463449675949
0.9625311488576165	117.47317095667799
0.9710903816016894	115.21554519423742
0.9797257266515883	112.99844107004249
0.9884378608300193	110.82037249292185
0.9972274669782883	108.6842399831389
1.006095234009807	106.58602626660877
1.0150418569641029	104.52326986080928
1.02406803706128	102.49689722348921
1.0331744817569934	100.524208051004
1.0423619047978916	98.58455348618844
1.0516310262775541	96.66540532157161
1.0609825726929432	94.78943312998963
1.0704172770013305	92.96027685268551
1.0799358786777595	91.14654007410405
1.0895391237729963	89.38170490743892
1.0992277649720001	87.63478883859389
1.1090025616529293	85.92888547753493
1.118864279946645	84.2586030375932
1.1288136927967756	82.61650810124942
1.1388515800202812	81.00402941194503
1.1489787283685895	79.41992796398986
1.1591959315892537	77.86621120169211
1.1695039904881586	76.351210028722
1.1799037129923005	74.84911422430707
1.1903959142130953	73.3832736078393
1.2009814165102792	71.94603510892641
1.2116610495563578	70.5333593658101
1.2224356504016285	69.15157727984122
1.2333060635398005	67.79548892076316
1.2442731409741694	66.45559097454911
1.2553377422844114	65.14887762118367
1.2665007346939388	63.86546995124657
1.2777629931378869	62.61194856567195
1.289125400331683	61.37312663901716
1.3005888468402254	60.15841227116485
1.3121542311476997	58.97541133154149
1.3238224597279826	57.81255753274137
1.3355944471157062	56.66409601024931
1.3474711159779293	55.542343582388376
1.3594533971864482	54.43938688584912
1.3715422298907733	53.36346958952553
1.3837385615917193	52.30568646416401
1.396043348215686	51.263778195740734
1.408457554189565	50.24459503682253
1.4209821525163453	49.24567935528753
1.4336181248513693	48.265750000661534
1.446366461579264	47.306997352096815
1.4592281618915848	46.363874321093846
1.4722042338651093	45.44229023638733
1.4852956945408669	44.53607729044311
1.4985035700038434	43.643736602134915
1.5118288954633983	42.77126488908492
1.525272715334419	41.91875383912884
1.53883608331916	41.081564062623755
1.552520062489851	40.25671486001887
1.5663257253719973	39.44663555193142
1.5802541540284614	38.65616355828449
1.594306440144265	37.88204290146002
1.6084836851121447	37.124713843458224
1.622787000118897	36.37522608902205
1.6372175062324485	35.64345124351483
1.6517763344897427	34.927649678657794
1.6664646259853808	34.22474346679071
1.6812835319610495	33.536449548675265
1.6962342138957731	32.86116197820067
1.7113178435969258	32.19824219664205
1.7265356032920989	31.548699983562457
1.7418886857217373	30.912500694715135
1.757378294232646	30.28781127163577
1.7730056428722971	29.674736280269993
1.788771956483976	29.073430816342096
1.804678470802802	28.484462570538692
1.8207264325525614	27.908889412477205
1.8369170995434414	27.34537047506292
1.8532517407706093	26.789108223021223
1.8697316365136616	26.24474796496851
1.8863580784369944	25.71068560925054
1.9031323696910145	25.18794861402449
1.9200558250143054	24.67708743057232
1.9371297708366462	24.17632099587058
1.9543555453829993	23.683965020094387
1.9717344987783874	23.201168121566063
1.989267993153704	22.729780249043404
2.006957402752499	22.26694220289589
2.02480411403866	21.810472326132842
2.042809525805107	21.366008169017213
2.0609750492834182	20.930063642826372
2.0793021082544243	20.502054138125608
2.0977921391598318	20.08285972050185
2.116446591214777	19.672444803548444
2.135266926521443	19.270545647767484
2.1542546201836266	18.87613876757176
2.1734111604223814	18.488688789326336
2.19273804869265	18.110343432929135
2.2122367998009334	17.738026339309595
2.231908942024046	17.373353326064276
2.2517560172288684	17.01737886790752
2.2717795809932237	16.66813410094735
2.291981202727788	16.324862122475174
2.312362465799088	15.989367568910783
2.3329249676536272	15.66004858399225
2.3536703199430624	15.338386277051919
2.3746001486505524	15.0214926460519
2.395716094218166	14.712352423185978
2.4170198116754884	14.408910779870688
2.4385129707693247	14.111061528974707
2.46019725609456	13.820001611456908
2.4820743672262253	13.535033384331317
2.5041460188526696	13.255338083693358
2.5264139409099893	12.980679420681213
2.5488798787176	12.712094067904951
2.571545593115021	12.44946435018419
2.5944128605999164	12.191704221182789
2.6174834734672987	11.938394959092445
2.640759239950041	11.690796376728628
2.664241984360567	11.448925673727247
2.68793354723387	11.211056321051078
2.711835785471756	10.977649723179074
2.73595057248837	10.750177134126332
2.760279798357066	10.526655814499316
2.7848253699585057	10.307782730763131
2.8095892111301537	10.09364042998204
2.8345732628170475	9.883411862208115
2.8597794832239116	9.677100214049238
2.8852098479686723	9.47548112809992
2.9108663502372636	9.278396895367397
2.9367510009398887	9.084751017655611
2.9628658288685914	8.89511520840951
2.9892128808563068	8.709477217889233
3.015794221937269	8.527569519603796
3.042611935508853	8.349344035671304
3.0696681234949024	8.174716280750308
3.096964906510432	8.003592335663564
3.1245044240278745	7.836150838021232
3.152288834544756	7.672406070293657
3.1803203157528537	7.511379428222202
3.208601064708921	7.354105940710736
3.2371332980068446	7.200109672390497
3.2659192519514195	7.049097840678746
3.294961182733585	6.900989491892278
3.3242613666072955	6.756097497755085
3.353822100067919	6.61429573956661
3.3836457000322073	6.475167257451725
3.4137345040199394	6.339013268575002
3.4440908703370785	6.205730805166992
3.4747171782606596	6.0749346780681535
3.5056158282252508	5.947140408625269
3.5367892420110776	5.821839579193436
3.568239862933882	5.699213373090092
3.599970156036373	5.57923794467583
3.631982608281486	5.461615216939201
3.6642797287472515	5.346327644524258
3.6968640488235005	5.233318480767299
3.7297381224102484	5.122992871017931
3.7629045261178473	5.0147561822354385
3.796365859468981	4.908864331949184
3.830124745102358	4.805121682740353
3.8641838289783164	4.703453120282417
3.8985457805861885	4.603929864618471
3.9332132931535106	4.506504651443036
3.9681890838571623	4.411022991077647
4.003475894036276	4.317458767974567
4.039076489407156	4.226026357525047
4.074993660279995	4.136452380508005
4.111230221777619	4.04862785884598
4.147789014056116	3.96270146399778
4.184672902527414	3.878618669147814
4.221884778083925	3.7962738520092327
4.25942755732506	3.715634224079811
4.297304182785892	3.6365788767792617
4.335517623167747	3.5591295510935588
4.37407087357088	3.48346130846868
4.4129669557292655	3.409244390943983
4.452208918247381	3.3367428431013044
4.4917998368392125	3.2656852379898806
4.531742814569259	3.1960555491184364
4.5720409820958	3.1279966730050943
4.61269749791625	3.061330528665815
4.653715548614688	2.9959558069811107
4.695098349111677	2.932045477952989
4.736849142916173	2.869415407051865
4.778971202379808	2.8080478481924924
4.821467828953345	2.7480879730707057
4.86434235344541	2.689390753943035
4.907598136283621	2.6318691787014385
4.951238567777899	2.575558949953761
4.9952670683862666	2.5203888833182804
5.039687088982863	2.4663530475271758
5.084502111128483	2.413701867645689
5.1297156473434296	2.3619078132640645
5.1753312413827866	2.311271311379029
5.22135246851424	2.261721244701838
5.267782935798229	2.21319671690986
5.314626282370717	2.165725921487208
5.361886179728403	2.119233908105792
5.409566332016454	2.0736497747594798
5.457670476318892	2.029182330060714
5.5062023829514315	1.9855864699104768
5.55516585575706	1.942911824829017
5.6045647324041	1.9011660609038847
5.654402884687071	1.8602662708453692
5.7046842188301214	1.8202178442732886
5.755412675793159	1.7810526903431578
5.806592231580811	1.7427109765547821
5.858226897553972	1.705130467978335
5.91032072074428	1.6683753947726723
5.962877784171284	1.6324551358979242
6.0159022071624335	1.5972427858431573
6.069398145676017	1.5627738886462637
6.123369792626811	1.5290303378774213
6.177821378214803	1.4960253023517778
6.232757170256658	1.4637307272124014
6.288181474520298	1.4320718774024235
6.344098635062351	1.401127453453379
6.400513034568591	1.3708875205344493
6.457429094697529	1.3412130844725032
6.5148512764268816	1.3122116145386342
6.572784080403292	1.2838096082405464
6.631232047295055	1.2560244356222787
6.690199758147963	1.2288455239014484
6.749691834744448	1.2022071628852418
6.809712939965732	1.1761340570154297
6.87026777815739	1.1506651816387423
6.931361095497972	1.1256946804905483
6.992997680371087	1.101297634982196
7.055182363740668	1.0774052160390155
7.1179200195295795	1.053996266127308
7.181215565001713	1.0311077251971492
7.245073961147292	1.0087325180239164
7.309500213071795	0.986820728856081
7.374499370388208	0.9653650541247731
7.440076527612767	0.9443676677145495
7.506236824564346	0.9238407479041856
7.572985446767201	0.9037251284623903
7.64032762585751	0.8840513305217113
7.708268639993311	0.8648225369124105
7.776813814268291	0.8459937709653831
7.845968521129111	0.827557771006053
7.915738180796454	0.8095360938265842
7.986128261689948	0.7918901248502287
8.057144280856653	0.7746277598081786
8.12879180440358	0.757733283594992
8.201076447933916	0.7411899192722955
8.274003876987107	0.7250117890641833
8.34757980748303	0.7091939450089406
8.421810006169867	0.6937070060370234
8.496700291076218	0.6785489687617885
8.572256531966985	0.6637334961345307
8.64848465080354	0.6492174251274714
8.725390622207833	0.6350193203659508
8.802980473930623	0.6211394956644755
8.88126028732403	0.6075487544792617
8.960236197818062	0.5942545827089124
9.039914395401622	0.5812506012283708
9.120301125107533	0.5685202921893718
9.201402687502137	0.5560625402597732
9.283225439179065	0.5438828431881281
9.36577579325741	0.5319678490985554
9.449060219884489	0.5203019291409858
9.53308524674283	0.5088985286639208
9.617857459561918	0.4977331994816423
9.70338350263432	0.48680754577292157
9.7896700793364	0.4761296530597027
9.876723952653844	0.46567523167833536
9.964551945711582	0.45543377961136783
10.053160942308724	0.4454434997094538
10.142557887457947	0.4356606605312075
10.232749787929967	0.426088606337273
10.323743712802656	0.41670917008037894
10.415546794015052	0.4075525422160216
10.508166226926477	0.39859238943096065
10.601609270880346	0.38980494513415176
10.69588324977327	0.3811983383632715
10.790995552629042	0.37280415237367565
10.886953634177706	0.3646462063126946
10.983765015439987	0.3565875988150928
11.08143728431662	0.34870566162254407
11.179978096183232	0.34103328499322694
11.279395174490196	0.3335334736154786
11.379696311368122	0.32619459220981106
11.480889368238527	0.3189812018860293
11.58298227642995	0.3119189298333144
11.685983037799723	0.30507760234037545
11.78989972536098	0.29831881904682567
11.894740483915562	0.2917079130855262
12.000513530692317	0.28527812790232593
12.107227155991092	0.2789847464283322
12.214889723832664	0.272818834291929
12.323509672614117	0.26676825924432007
12.433095515770413	0.26085764376234666
12.543655842441472	0.25511357853900707
12.655199318145538	0.2494893282273158
12.767734685458295	0.24395962552874467
12.881270764698028	0.2385433548778023
12.995816454617103	0.23326203617360786
13.111380733099248	0.22809879424556123
13.227972657863388	0.2230513203998567
13.345601367173508	0.21809630574528646
13.464276080554813	0.21324044307732612
13.58400609951651	0.20852402061208278
13.704800808280647	0.20392214046387286
13.826669674517836	0.19937431671561034
13.949622250089101	0.19494646847539535
14.073668171794719	0.19063587326878703
14.198817162129457	0.18641460586561825
14.32507903004453	0.18227191088549496
14.452463671716579	0.1782061565845135
14.580981071323123	0.1742403125355266
14.710641301825271	0.1703860201565564
14.841454525757149	0.16658113410984554
14.973430996022342	0.16287482010045745
15.106581056697683	0.1592614053973276
15.240915143843786	0.15571724133182174
15.376443786323229	0.15225576434646954
15.51317760662556	0.148868137590344
15.651127321700068	0.14555338772595094
15.790303743795675	0.14231486405295335
15.930717781308289	0.13913719904665547
16.07238043963599	0.13603905192962232
16.21530282204138	0.1329967029779267
16.359496130522047	0.1300463493463543
16.504971666688448	0.1271389186490726
16.651740832649658	0.12430189507263005
16.79981513190721	0.12153389198827164
16.949206170256517	0.11882149996994808
17.099925656696733	0.11617028416970805
17.251985404348247	0.11357115334768314
17.405397331378786	0.11104593943108482
17.56017346193745	0.10855117696018901
17.716325927097046	0.1061268839787154
17.87386696580512	0.10376224097210772
18.032808925842982	0.10144306283222196
18.193164264793698	0.09917120358644493
18.354945551018425	0.09695225256740732
18.51816546464139	0.09478482808957467
18.682836798543953	0.09266714512540546
18.848972459367044	0.0905974032853175
19.016585468523008	0.08856309866957464
19.18568896321596	0.08658399418573587
19.356296197471657	0.08464371428875123
19.52842054317625	0.08274188054858966
19.70207549112423	0.08088997619068179
19.877274652076064	0.07908247706844247
20.0540317578247	0.07730594327993946
20.23236066227207	0.07557081616529203
20.412275342514867	0.0738727224524821
20.593789899939885	0.07221995990424206
20.776918561329556	0.07059862127664279
20.96167567997671	0.06901513193552308
21.148075736809854	0.06746535601060734
21.336133341527862	0.06594783185691068
21.52586323374533	0.06446831446335426
21.717280284147716	0.06302134947421156
21.91039949565677	0.061604284936599855
22.105236004606695	0.06021912840840966
22.301805081930215	0.058868537100712506
22.50012213435573	0.05754212544858626
22.700202705614775	0.056245957895634975
22.90206247766017	0.05498014857888177
23.105717271895436	0.05374270185529515
23.31118305041452	0.05253539483756102
23.518475917253202	0.05135264728782269
23.72761211965097	0.050196669086042464
23.938608049324746	0.04906169841684664
24.151480243753497	0.04795543540472975
24.366245387474308	0.04687763836227399
24.58292031339037	0.045823228800486934
24.801522004089975	0.04478959106892772
25.02206759317787	0.043779105152275205
25.244574366618046	0.04279299174395396
25.469059764088446	0.04182643827287309
25.695541380348146	0.04088149114404899
25.924036966616068	0.0399584183909605
26.15456443196263	0.039054970778320985
26.387141844713074	0.03817413759394334
26.62178743386395	0.03731239874247034
26.858519590511722	0.036467829236872695
27.097356869294103	0.03564362868086943
27.33831798984465	0.0348400339552742
27.581421838259608	0.034053517121182424
27.826687468578488	0.033283554176621315
28.074134104277363	0.032531234063336426
28.3237811397754	0.03179215987555145
28.575648141955327	0.031072377378915644
28.829754851696634	0.030371427454360826
29.08612118542324	0.029684382892390764
29.344767236664097	0.02901103093065249
29.605713277628436	0.02835336115032903
29.868979760794527	0.02771126382208685
30.134587320512537	0.027084588234397824
30.402556774622184	0.026469796791082783
30.67290912608398	0.02586782126139857
30.94566556462578	0.02528256652131274
31.22084746840343	0.02470941817576913
31.498476405676186	0.02414739655648159
31.77857413649758	0.023601395675476047
32.06116261442048	0.02306511218418688
32.34626398821825	0.022541379168859923
32.633900603620226	0.022028899211020133
32.92409500506359	0.02152913399081946
33.21686993746014	0.021040511248688373
33.51224834797886	0.02056222902229111
33.81025338784486	0.020094206723548336
34.11090841415347	0.019636724042743425
34.41423699170134	0.01919044753489115
34.72026289483321	0.018754764493776162
35.02901010930516	0.018326856065774732
35.34050283416496	0.01791037456978067
35.65476548364824	0.01750312024839368
35.9718226890926	0.01710420826272736
36.29169930086759	0.01671420222896719
36.614420390322934	0.016333429825932888
36.94001125175336	0.01596164936059233
37.26849740438092	0.015598424610994947
37.59990459435564	0.015242669271711685
37.934258796772866	0.014895211914351964
38.27158621770967	0.014554946294412162
38.61191329627859	0.014222996998803352
38.955266706699696	0.013898383487278673
39.30167336039175	0.013581241333795523
39.65116040808093	0.013271465759841897
40.003755241929376	0.012968069014528592
40.359485497681604	0.01267172600746576
40.71837905683102	0.012382033191658131
41.080464048805055	0.012099516761381402
41.44576885316963	0.011822702756607935
41.81432210185403	0.011552336908130506
42.18615268139441	0.011288340578612376
42.56128973519844	0.011030188590637107
42.93976266582922	0.010777603294456222
43.32160113730964	0.010530647642255876
43.70683507744788	0.010289683770984815
44.09549468018248	0.010053984498277045
44.48761040794956	0.00982413155885633
44.88321299406972	0.009599138521296744
45.28233344515745	0.009378987802646111
45.68500304355112	0.009163814699963909
46.091253349764614	0.008953787347535935
46.50111620496153	0.00874859204637064
46.91462373345016	0.00854766358140682
47.33180834520199	0.008351701861052043
47.7527027383916	0.008159681401110305
48.17733990195926	0.007972414965743314
48.60575311819717	0.007789282641940961
49.03797596535735	0.007610241638568685
49.474042320284134	0.00743540874715185
49.913986361068694	0.007264576354348194
50.357842569728454	0.0070974822118411544
50.80564573490948	0.0069341552513152716
51.257430954612886	0.006774598661592555
51.71323363894634	0.006618915551525902
52.17308951289878	0.006466542015814713
52.637034619141055	0.006317756596248475
53.10510532085067	0.006172318789863787
53.577338304561515	0.006030008670965193
54.05377058304002	0.005890991115914592
54.534439498185336	0.005755309683731989
55.0193827239569	0.005622547905047081
55.50863826932651	0.005492571250431491
56.002244481258046	0.0053660490788049004
56.50024004771276	0.0052421804460391535
57.00266400068127	0.0051212109480151865
57.5095557192435	0.005003012849666137
58.020954932654355	0.004887367338760543
58.536901723458335	0.004774405390790684
59.05743653063081	0.004664111625054987
59.58260015274727	0.004556037512788857
60.11243375118175	0.004450745898645356
60.646978853332136	0.00434785040339382
61.1862773558759	0.004247190800290715
61.73037152805298	0.00414884050530859
62.279304014979544	0.004052729409875577
62.83311784099012	0.003958874835426381
63.391856413009414	0.0038671841211912225
63.955563523955256	0.003777389686485042
64.5242833561701	0.003689920110704588
65.0980604848848	0.003604333100396744
65.67693988171187	0.0035207267269709596
66.26096691817011	0.00343904174334129
66.8501873692414	0.003359162399384304
67.4446474169576	0.003281139847624068
68.04439365402112	0.003204884806016525
68.64947308745589	0.0031302407706035084
69.25993314229243	0.0030574203766332952
69.87582166528466	0.0029864803200321186
70.4971869286596	0.0029169136585627023
71.1240776339018	0.002848895513719705
71.75654291556941	0.002782476849696447
72.39463234514616	0.0027176421966653257
73.03839593492634	0.002654329974271211
73.68788414193423	0.0025924767700658677
74.34314787187978	0.002532043141855132
75.00423848314745	0.00247297339219578
75.6712077908226	0.0024151967268857856
76.34410807075169	0.0023587907190725133
77.0229920636404	0.002303698262890016
77.70791297918703	0.0022498969516615286
78.39892450025253	0.0021973113269495637
79.09608078706903	0.0021458950909351965
79.79943648148372	0.0020956581025722096
80.50904671124269	0.0020465905614213942
81.22496709431063	0.001998652205024651
81.94725374323102	0.0019518058665353329
82.67596326952378	0.0019060328095312066
83.41115278812184	0.0018613458421494744
84.15287992184884	0.0018176730347382666
84.90120280593419	0.0017750011163217426
85.65618009257078	0.001733327184179483
86.4178709555115	0.0016926151550532022
87.18633509470675	0.0016528423443843705
87.96163274098465	0.0016139527192039857
88.74382466077064	0.0015759495254861035
89.53297216085144	0.0015388575066501615
90.32913709317893	0.0015026039494677105
91.13238185971927	0.0014671860079469206
91.9427694173424	0.0014325900706246965
92.76036328275842	0.0013988000765874466
93.58522753749382	0.001365812399799869
94.41742683291535	0.0013335738913776746
95.25702639529666	0.0013020509381950682
96.10409203093191	0.0012712770638805744
96.95869013129156	0.001241234514183264
97.82088767822702	0.0012118797865144917
98.69075224922157	0.0011831914297441152
99.56835202268496	0.001155144622622494
100.45375578329805	0.0011277849965446935
101.34703292740517	0.0011010835573971372
102.24825346845114	0.0010747749538975628
103.15748804247018	0.0010493275609417024
104.07480791362154	0.0010244571959377518
105.00028497977654	0.0010001562159623791
105.93399177815155	0.0009764165140641471
106.87600149099445	0.0009532023019181233
107.82638795132168	0.000930508622948997
108.7852256487028	0.0009083379748605439
109.75258973510046	0.000886657301329491
110.72855603075978	0.0008654698821473948
111.7132010301527	0.0008447567949928232
112.70660190797106	0.0008244892877254362
113.7088365251766	0.0008048189693628506
114.71998343510468	0.0007856709196480423
115.74012188961895	0.0007668213163252314
116.76933184532434	0.0007483380705895651
117.80769396983327	0.0007304608447742266
118.8552896480898	0.0007130581671376758
119.91220098874594	0.0006958760045934202
120.97851083059848	0.0006792332388265527
122.054302749083	0.0006628252027373485
123.13966106282179	0.0006468295314715237
124.23467084023382	0.0006313328145173732
125.33941790620369	0.000616159393123311
126.45398884880571	0.0006012610224740032
127.57847102609226	0.000586778552548339
128.71295257293994	0.0005726148302923793
129.85752240795918	0.0005587386723118111
131.01227024046077	0.0005452772227609027
132.17728657748856	0.0005321019523837697
133.35266273091457	0.0005191892883868594
134.53849082459305	0.0005065593259270811
135.7348638015829	0.0004942457702753499
136.94187543143136	0.000482276420082636
138.1596203175255	0.000470602390170291
139.38819390450416	0.0004591009147046073
140.62769248574006	0.0004479141153908038
141.87821321088873	0.00043703486506391437
143.13985409349988	0.00042639986589942724
144.4127140187015	0.00041597503063031254
145.69689275094936	0.00040580373986919997
146.99249094184836	0.0003958860612889806
148.2996101380383	0.00038619116332012346
149.61835278915459	0.0003767422985291507
150.94882225585948	0.0003674858026250965
152.29112281794028	0.00035848518371360473
153.64535968248407	0.00034966047983088136
155.01163899212537	0.00034105259793451093
156.39006783336214	0.00033265478922348023
157.78075424495105	0.0003244594592290043
159.1838072263745	0.00031644479644946035
160.59933674638592	0.0003086099726200679
162.02745375162547	0.00030100961411223923
163.46827017531768	0.0002935173512839235
164.9218989460462	0.00028627229555298146
166.38845399660156	0.00027918623338947377
167.86805027291317	0.00027223065177279745
169.3608037430576	0.00026546232125944147
170.8668314063502	0.00025887106429113024
172.38625130251177	0.0002524213659395769
173.91918252092202	0.00024612701331812623
175.46574520995554	0.00023995900119685678
177.02606058639503	0.000233947835232453
178.60025094493454	0.0002280894461459653
180.18843966776345	0.00022237473770522992
181.79075123423948	0.00021680402053275805
183.40731123064143	0.0002113525777139546
185.03824636001414	0.00020603475381331777
186.68368445210135	0.0002008603043877845
188.34375447336078	0.00019578623209866693
190.01858653707424	0.0001908417758229367
191.70831191354773	0.00018601575415316409
193.41306304039614	0.00018130858671526863
195.1329735329261	0.00017671799043331287
196.86817819460717	0.00017222037314013983
198.61881302764039	0.00016783482256109363
200.38501524361342	0.0001635712767372015
202.16692327425739	0.00015940775083844773
203.96467678229874	0.00015534062303718729
205.77841667240165	0.00015135323236788347
207.60828510221472	0.0001474812079560409
209.45442549351148	0.00014370471136452488
211.31698254343465	0.0001400142441503622
213.19610223583265	0.00013642438827916366
215.0919318527038	0.00013291947201932928
217.00461998574235	0.00012948475169647974
218.93431654798025	0.00012613860646159856
220.8811727855401	0.0001228829486410292
222.8453412894879	0.00011970162824320525
224.82697600779625	0.00011659596958579241
226.82623225740554	0.00011356342435443356
228.84326673639993	0.00011061291649166482
230.87823753629135	0.00010773583661392871
232.93130415440572	0.00010492381498880736
235.00262750638643	0.00010218111429050192
237.09236993880901	0.00009951036632628155
239.2006952419008	0.00009690308579766539
241.3277686623816	0.00009435326646079882
243.47375691641395	0.00009187374643814337
245.63882820267327	0.00008945412091890174
247.82315221552602	0.00008709595093130071
250.02690015833244	0.00008479570583454017
252.25024475686786	0.00008254684393993275
254.4933602728554	0.00008035555414897249
256.7564225176277	0.0000782280396141845
259.0396088659051	0.00007613943162793405
261.34309826970133	0.00007411690203391537
263.66707127234423	0.00007214085215097736
266.0117100226289	0.00007020673869105877
268.37719828909724	0.00006832754138698633
270.76372147443556	0.00006649847821951683
273.17146663001006	0.00006470850678935442
275.60062247052554	0.00006296357311936471
278.05137938882035	0.00006127040185643298
280.5239294707834	0.00005961322903896761
283.0184665104123	0.0000580011845943767
285.53518602500543	0.000056429668477867425
288.0742852704805	0.000054898280129459026
290.63596325683807	0.00005340329890815613
293.22042076376243	0.000051947278481226044
295.82786035635246	0.00005053045942417471
298.45848640100235	0.000049147685731739663
301.11250508141734	0.000047803955950622314
303.7901244147782	0.00004649084604114359
306.49155426803907	0.00004521457906567676
309.21700637437954	0.00004397202972521398
311.966694349803	0.00004275697657214878
314.74083370987324	0.000041574747915165054
317.5396418866104	0.00004042580306631339
320.36333824553054	0.00003930412365955842
323.212144102844	0.00003821128270480072
326.0862827427945	0.00003714946280381231
328.98597943516353	0.0000361124872864929
331.9114614529298	0.0000351040983930678
334.8629580900759	0.00003412489018808183
337.840700679564	0.00003316822456340489
340.84492261146556	0.00003223674126106412
343.8758593512585	0.00003133104842226776
346.9337484582753	0.00003044705752479014
350.0188296043263	0.000029587835864111053
353.13134459248823	0.000028749955574144096
356.27153737604897	0.000027935373663003675
359.43965407763193	0.000027143410575062414
362.6359430084904	0.000026371737436444868
365.8606546879623	0.0000256208620761604
369.1140418631103	0.000024889690550502368
372.39635952852905	0.000024178357259639794
375.7078649463369	0.000023487408441431915
379.0488176663311	0.000022812582140176353
382.4194795463354	0.0000221582925838106
385.82011477272766	0.000021522229057314706
389.25098988113814	0.00002090212531620194
392.7123737773459	0.000020300159013153707
396.204537758352	0.000019714647523238358
399.72775553364903	0.000019144538830138672
403.2823032466656	0.000018590480781773707
406.86845949641406	0.000018052007728930955
410.4865053593309	0.000017529297276453014
414.13672441129853	0.00001702001588229373
417.819402749877	0.00001652624089678996
421.53482901672504	0.00001604502907319401
425.28329442022914	0.00001557771107859605
429.0650927583191	0.000015124668740394715
432.8805204414997	0.000014684040443102725
436.7298765160874	0.000014255205806748545
440.6134626876401	0.000013839251790132522
444.5315833446086	0.000013434622572223448
448.4845455821988	0.000013042010383384793
452.4726592264321	0.000012661504321893745
456.4962368584348	0.000012290767478012045
460.55559383893495	0.000011930838557923303
464.6510483329859	0.000011581686930470158
468.7829213348939	0.000011242560112655787
472.9515366933819	0.000010913336005968599
477.1572211369772	0.000010593149301032353
481.40030429960996	0.000010282444730660174
485.6811187464557	9.980949475130262e-6
489.99999999999807	9.688452868526684e-6
