#           k/h    P           
    0.10000E-04    0.27049E-21
    0.10101E-04    0.27040E-21
    0.10202E-04    0.27031E-21
    0.10305E-04    0.27022E-21
    0.10408E-04    0.49350E+02
    0.10513E-04    0.49830E+02
    0.10618E-04    0.50314E+02
    0.10725E-04    0.50803E+02
    0.10833E-04    0.51296E+02
    0.10942E-04    0.51794E+02
    0.11052E-04    0.52298E+02
    0.11163E-04    0.52806E+02
    0.11275E-04    0.53319E+02
    0.11388E-04    0.53836E+02
    0.11503E-04    0.54359E+02
    0.11618E-04    0.54887E+02
    0.11735E-04    0.55421E+02
    0.11853E-04    0.55959E+02
    0.11972E-04    0.56503E+02
    0.12092E-04    0.57051E+02
    0.12214E-04    0.57606E+02
    0.12337E-04    0.58165E+02
    0.12461E-04    0.58730E+02
    0.12586E-04    0.59301E+02
    0.12712E-04    0.59877E+02
    0.12840E-04    0.60458E+02
    0.12969E-04    0.61046E+02
    0.13100E-04    0.61639E+02
    0.13231E-04    0.62237E+02
    0.13364E-04    0.62842E+02
    0.13499E-04    0.63452E+02
    0.13634E-04    0.64069E+02
    0.13771E-04    0.64691E+02
    0.13910E-04    0.65319E+02
    0.14049E-04    0.65954E+02
    0.14191E-04    0.66595E+02
    0.14333E-04    0.67241E+02
    0.14477E-04    0.67895E+02
    0.14623E-04    0.68554E+02
    0.14770E-04    0.69220E+02
    0.14918E-04    0.69892E+02
    0.15068E-04    0.70571E+02
    0.15220E-04    0.71257E+02
    0.15373E-04    0.71949E+02
    0.15527E-04    0.72648E+02
    0.15683E-04    0.73354E+02
    0.15841E-04    0.74066E+02
    0.16000E-04    0.74786E+02
    0.16161E-04    0.75512E+02
    0.16323E-04    0.76246E+02
    0.16487E-04    0.76986E+02
    0.16653E-04    0.77734E+02
    0.16820E-04    0.78489E+02
    0.16989E-04    0.79252E+02
    0.17160E-04    0.80021E+02
    0.17333E-04    0.80799E+02
    0.17507E-04    0.81584E+02
    0.17683E-04    0.82376E+02
    0.17860E-04    0.83176E+02
    0.18040E-04    0.83984E+02
    0.18221E-04    0.84800E+02
    0.18404E-04    0.85624E+02
    0.18589E-04    0.86455E+02
    0.18776E-04    0.87295E+02
    0.18965E-04    0.88143E+02
    0.19155E-04    0.88999E+02
    0.19348E-04    0.89864E+02
    0.19542E-04    0.90737E+02
    0.19739E-04    0.91618E+02
    0.19937E-04    0.92508E+02
    0.20138E-04    0.93407E+02
    0.20340E-04    0.94314E+02
    0.20544E-04    0.95230E+02
    0.20751E-04    0.96155E+02
    0.20959E-04    0.97089E+02
    0.21170E-04    0.98032E+02
    0.21383E-04    0.98985E+02
    0.21598E-04    0.99946E+02
    0.21815E-04    0.10092E+03
    0.22034E-04    0.10190E+03
    0.22255E-04    0.10289E+03
    0.22479E-04    0.10389E+03
    0.22705E-04    0.10490E+03
    0.22933E-04    0.10591E+03
    0.23164E-04    0.10694E+03
    0.23396E-04    0.10798E+03
    0.23632E-04    0.10903E+03
    0.23869E-04    0.11009E+03
    0.24109E-04    0.11116E+03
    0.24351E-04    0.11224E+03
    0.24596E-04    0.11333E+03
    0.24843E-04    0.11443E+03
    0.25093E-04    0.11554E+03
    0.25345E-04    0.11666E+03
    0.25600E-04    0.11780E+03
    0.25857E-04    0.11894E+03
    0.26117E-04    0.12010E+03
    0.26379E-04    0.12126E+03
    0.26645E-04    0.12244E+03
    0.26912E-04    0.12363E+03
    0.27183E-04    0.12483E+03
    0.27456E-04    0.12604E+03
    0.27732E-04    0.12727E+03
    0.28011E-04    0.12850E+03
    0.28292E-04    0.12975E+03
    0.28577E-04    0.13101E+03
    0.28864E-04    0.13229E+03
    0.29154E-04    0.13357E+03
    0.29447E-04    0.13487E+03
    0.29743E-04    0.13618E+03
    0.30042E-04    0.13750E+03
    0.30344E-04    0.13884E+03
    0.30649E-04    0.14019E+03
    0.30957E-04    0.14155E+03
    0.31268E-04    0.14292E+03
    0.31582E-04    0.14431E+03
    0.31899E-04    0.14571E+03
    0.32220E-04    0.14713E+03
    0.32544E-04    0.14856E+03
    0.32871E-04    0.15000E+03
    0.33201E-04    0.15146E+03
    0.33535E-04    0.15293E+03
    0.33872E-04    0.15441E+03
    0.34212E-04    0.15591E+03
    0.34556E-04    0.15743E+03
    0.34903E-04    0.15896E+03
    0.35254E-04    0.16050E+03
    0.35609E-04    0.16206E+03
    0.35966E-04    0.16363E+03
    0.36328E-04    0.16522E+03
    0.36693E-04    0.16683E+03
    0.37062E-04    0.16845E+03
    0.37434E-04    0.17008E+03
    0.37810E-04    0.17174E+03
    0.38190E-04    0.17340E+03
    0.38574E-04    0.17509E+03
    0.38962E-04    0.17679E+03
    0.39354E-04    0.17851E+03
    0.39749E-04    0.18024E+03
    0.40149E-04    0.18199E+03
    0.40552E-04    0.18376E+03
    0.40960E-04    0.18554E+03
    0.41371E-04    0.18735E+03
    0.41787E-04    0.18917E+03
    0.42207E-04    0.19100E+03
    0.42631E-04    0.19286E+03
    0.43060E-04    0.19473E+03
    0.43492E-04    0.19662E+03
    0.43929E-04    0.19853E+03
    0.44371E-04    0.20046E+03
    0.44817E-04    0.20241E+03
    0.45267E-04    0.20437E+03
    0.45722E-04    0.20636E+03
    0.46182E-04    0.20836E+03
    0.46646E-04    0.21039E+03
    0.47115E-04    0.21243E+03
    0.47588E-04    0.21449E+03
    0.48066E-04    0.21658E+03
    0.48550E-04    0.21868E+03
    0.49037E-04    0.22080E+03
    0.49530E-04    0.22295E+03
    0.50028E-04    0.22511E+03
    0.50531E-04    0.22730E+03
    0.51039E-04    0.22951E+03
    0.51552E-04    0.23174E+03
    0.52070E-04    0.23399E+03
    0.52593E-04    0.23626E+03
    0.53122E-04    0.23856E+03
    0.53656E-04    0.24087E+03
    0.54195E-04    0.24321E+03
    0.54739E-04    0.24557E+03
    0.55290E-04    0.24796E+03
    0.55845E-04    0.25037E+03
    0.56407E-04    0.25280E+03
    0.56973E-04    0.25525E+03
    0.57546E-04    0.25773E+03
    0.58124E-04    0.26024E+03
    0.58709E-04    0.26276E+03
    0.59299E-04    0.26532E+03
    0.59895E-04    0.26789E+03
    0.60496E-04    0.27050E+03
    0.61104E-04    0.27312E+03
    0.61719E-04    0.27577E+03
    0.62339E-04    0.27845E+03
    0.62965E-04    0.28116E+03
    0.63598E-04    0.28389E+03
    0.64237E-04    0.28665E+03
    0.64883E-04    0.28943E+03
    0.65535E-04    0.29224E+03
    0.66194E-04    0.29508E+03
    0.66859E-04    0.29794E+03
    0.67531E-04    0.30084E+03
    0.68210E-04    0.30376E+03
    0.68895E-04    0.30671E+03
    0.69588E-04    0.30969E+03
    0.70287E-04    0.31270E+03
    0.70993E-04    0.31573E+03
    0.71707E-04    0.31880E+03
    0.72427E-04    0.32189E+03
    0.73155E-04    0.32502E+03
    0.73891E-04    0.32818E+03
    0.74633E-04    0.33136E+03
    0.75383E-04    0.33458E+03
    0.76141E-04    0.33783E+03
    0.76906E-04    0.34111E+03
    0.77679E-04    0.34442E+03
    0.78460E-04    0.34777E+03
    0.79248E-04    0.35115E+03
    0.80045E-04    0.35456E+03
    0.80849E-04    0.35800E+03
    0.81662E-04    0.36147E+03
    0.82482E-04    0.36498E+03
    0.83311E-04    0.36853E+03
    0.84149E-04    0.37211E+03
    0.84994E-04    0.37572E+03
    0.85849E-04    0.37937E+03
    0.86711E-04    0.38305E+03
    0.87583E-04    0.38677E+03
    0.88463E-04    0.39053E+03
    0.89352E-04    0.39432E+03
    0.90250E-04    0.39815E+03
    0.91157E-04    0.40202E+03
    0.92073E-04    0.40592E+03
    0.92999E-04    0.40986E+03
    0.93933E-04    0.41384E+03
    0.94877E-04    0.41786E+03
    0.95831E-04    0.42192E+03
    0.96794E-04    0.42601E+03
    0.97767E-04    0.43015E+03
    0.98749E-04    0.43432E+03
    0.99742E-04    0.43854E+03
    0.10074E-03    0.44280E+03
    0.10176E-03    0.44710E+03
    0.10278E-03    0.45144E+03
    0.10381E-03    0.45582E+03
    0.10486E-03    0.46025E+03
    0.10591E-03    0.46472E+03
    0.10697E-03    0.46923E+03
    0.10805E-03    0.47378E+03
    0.10913E-03    0.47838E+03
    0.11023E-03    0.48303E+03
    0.11134E-03    0.48772E+03
    0.11246E-03    0.49245E+03
    0.11359E-03    0.49723E+03
    0.11473E-03    0.50206E+03
    0.11588E-03    0.50693E+03
    0.11705E-03    0.51185E+03
    0.11822E-03    0.51682E+03
    0.11941E-03    0.52184E+03
    0.12061E-03    0.52690E+03
    0.12182E-03    0.53202E+03
    0.12305E-03    0.53718E+03
    0.12429E-03    0.54240E+03
    0.12554E-03    0.54766E+03
    0.12680E-03    0.55298E+03
    0.12807E-03    0.55834E+03
    0.12936E-03    0.56376E+03
    0.13066E-03    0.56923E+03
    0.13197E-03    0.57476E+03
    0.13330E-03    0.58034E+03
    0.13464E-03    0.58597E+03
    0.13599E-03    0.59166E+03
    0.13736E-03    0.59740E+03
    0.13874E-03    0.60320E+03
    0.14013E-03    0.60905E+03
    0.14154E-03    0.61496E+03
    0.14296E-03    0.62093E+03
    0.14440E-03    0.62695E+03
    0.14585E-03    0.63304E+03
    0.14732E-03    0.63918E+03
    0.14880E-03    0.64538E+03
    0.15029E-03    0.65164E+03
    0.15180E-03    0.65797E+03
    0.15333E-03    0.66435E+03
    0.15487E-03    0.67080E+03
    0.15643E-03    0.67731E+03
    0.15800E-03    0.68388E+03
    0.15959E-03    0.69051E+03
    0.16119E-03    0.69721E+03
    0.16281E-03    0.70397E+03
    0.16445E-03    0.71080E+03
    0.16610E-03    0.71770E+03
    0.16777E-03    0.72466E+03
    0.16945E-03    0.73169E+03
    0.17116E-03    0.73879E+03
    0.17288E-03    0.74595E+03
    0.17462E-03    0.75319E+03
    0.17637E-03    0.76049E+03
    0.17814E-03    0.76787E+03
    0.17993E-03    0.77532E+03
    0.18174E-03    0.78284E+03
    0.18357E-03    0.79043E+03
    0.18541E-03    0.79809E+03
    0.18728E-03    0.80583E+03
    0.18916E-03    0.81365E+03
    0.19106E-03    0.82154E+03
    0.19298E-03    0.82950E+03
    0.19492E-03    0.83755E+03
    0.19688E-03    0.84567E+03
    0.19886E-03    0.85386E+03
    0.20086E-03    0.86214E+03
    0.20287E-03    0.87050E+03
    0.20491E-03    0.87894E+03
    0.20697E-03    0.88746E+03
    0.20905E-03    0.89606E+03
    0.21115E-03    0.90475E+03
    0.21328E-03    0.91352E+03
    0.21542E-03    0.92237E+03
    0.21758E-03    0.93131E+03
    0.21977E-03    0.94034E+03
    0.22198E-03    0.94945E+03
    0.22421E-03    0.95865E+03
    0.22646E-03    0.96794E+03
    0.22874E-03    0.97732E+03
    0.23104E-03    0.98679E+03
    0.23336E-03    0.99635E+03
    0.23571E-03    0.10060E+04
    0.23807E-03    0.10157E+04
    0.24047E-03    0.10256E+04
    0.24288E-03    0.10355E+04
    0.24533E-03    0.10455E+04
    0.24779E-03    0.10557E+04
    0.25028E-03    0.10659E+04
    0.25280E-03    0.10762E+04
    0.25534E-03    0.10866E+04
    0.25790E-03    0.10972E+04
    0.26050E-03    0.11078E+04
    0.26311E-03    0.11185E+04
    0.26576E-03    0.11293E+04
    0.26843E-03    0.11403E+04
    0.27113E-03    0.11513E+04
    0.27385E-03    0.11625E+04
    0.27660E-03    0.11737E+04
    0.27938E-03    0.11851E+04
    0.28219E-03    0.11965E+04
    0.28503E-03    0.12081E+04
    0.28789E-03    0.12198E+04
    0.29079E-03    0.12316E+04
    0.29371E-03    0.12435E+04
    0.29666E-03    0.12555E+04
    0.29964E-03    0.12677E+04
    0.30265E-03    0.12799E+04
    0.30569E-03    0.12923E+04
    0.30877E-03    0.13048E+04
    0.31187E-03    0.13174E+04
    0.31500E-03    0.13302E+04
    0.31817E-03    0.13430E+04
    0.32137E-03    0.13560E+04
    0.32460E-03    0.13691E+04
    0.32786E-03    0.13824E+04
    0.33115E-03    0.13957E+04
    0.33448E-03    0.14092E+04
    0.33784E-03    0.14228E+04
    0.34124E-03    0.14366E+04
    0.34467E-03    0.14504E+04
    0.34813E-03    0.14645E+04
    0.35163E-03    0.14786E+04
    0.35517E-03    0.14929E+04
    0.35874E-03    0.15073E+04
    0.36234E-03    0.15218E+04
    0.36598E-03    0.15365E+04
    0.36966E-03    0.15514E+04
    0.37338E-03    0.15663E+04
    0.37713E-03    0.15815E+04
    0.38092E-03    0.15967E+04
    0.38475E-03    0.16121E+04
    0.38861E-03    0.16277E+04
    0.39252E-03    0.16434E+04
    0.39646E-03    0.16592E+04
    0.40045E-03    0.16752E+04
    0.40447E-03    0.16914E+04
    0.40854E-03    0.17077E+04
    0.41264E-03    0.17241E+04
    0.41679E-03    0.17407E+04
    0.42098E-03    0.17575E+04
    0.42521E-03    0.17745E+04
    0.42948E-03    0.17915E+04
    0.43380E-03    0.18088E+04
    0.43816E-03    0.18262E+04
    0.44256E-03    0.18438E+04
    0.44701E-03    0.18616E+04
    0.45150E-03    0.18795E+04
    0.45604E-03    0.18976E+04
    0.46063E-03    0.19158E+04
    0.46525E-03    0.19342E+04
    0.46993E-03    0.19529E+04
    0.47465E-03    0.19716E+04
    0.47942E-03    0.19906E+04
    0.48424E-03    0.20097E+04
    0.48911E-03    0.20290E+04
    0.49402E-03    0.20485E+04
    0.49899E-03    0.20682E+04
    0.50400E-03    0.20881E+04
    0.50907E-03    0.21081E+04
    0.51419E-03    0.21284E+04
    0.51935E-03    0.21488E+04
    0.52457E-03    0.21694E+04
    0.52985E-03    0.21903E+04
    0.53517E-03    0.22113E+04
    0.54055E-03    0.22325E+04
    0.54598E-03    0.22539E+04
    0.55147E-03    0.22755E+04
    0.55701E-03    0.22973E+04
    0.56261E-03    0.23193E+04
    0.56826E-03    0.23415E+04
    0.57397E-03    0.23640E+04
    0.57974E-03    0.23866E+04
    0.58557E-03    0.24094E+04
    0.59145E-03    0.24325E+04
    0.59740E-03    0.24558E+04
    0.60340E-03    0.24793E+04
    0.60947E-03    0.25030E+04
    0.61559E-03    0.25269E+04
    0.62178E-03    0.25511E+04
    0.62803E-03    0.25754E+04
    0.63434E-03    0.26000E+04
    0.64072E-03    0.26249E+04
    0.64715E-03    0.26499E+04
    0.65366E-03    0.26752E+04
    0.66023E-03    0.27007E+04
    0.66686E-03    0.27265E+04
    0.67357E-03    0.27525E+04
    0.68033E-03    0.27787E+04
    0.68717E-03    0.28052E+04
    0.69408E-03    0.28319E+04
    0.70105E-03    0.28589E+04
    0.70810E-03    0.28861E+04
    0.71522E-03    0.29136E+04
    0.72240E-03    0.29413E+04
    0.72966E-03    0.29693E+04
    0.73700E-03    0.29975E+04
    0.74440E-03    0.30260E+04
    0.75189E-03    0.30547E+04
    0.75944E-03    0.30837E+04
    0.76708E-03    0.31130E+04
    0.77478E-03    0.31425E+04
    0.78257E-03    0.31723E+04
    0.79044E-03    0.32024E+04
    0.79838E-03    0.32328E+04
    0.80640E-03    0.32634E+04
    0.81451E-03    0.32943E+04
    0.82269E-03    0.33255E+04
    0.83096E-03    0.33569E+04
    0.83931E-03    0.33887E+04
    0.84775E-03    0.34207E+04
    0.85627E-03    0.34530E+04
    0.86488E-03    0.34856E+04
    0.87357E-03    0.35185E+04
    0.88235E-03    0.35518E+04
    0.89121E-03    0.35853E+04
    0.90017E-03    0.36191E+04
    0.90922E-03    0.36532E+04
    0.91836E-03    0.36876E+04
    0.92759E-03    0.37223E+04
    0.93691E-03    0.37573E+04
    0.94632E-03    0.37926E+04
    0.95583E-03    0.38283E+04
    0.96544E-03    0.38642E+04
    0.97514E-03    0.39005E+04
    0.98494E-03    0.39371E+04
    0.99484E-03    0.39741E+04
    0.10048E-02    0.40113E+04
    0.10149E-02    0.40489E+04
    0.10251E-02    0.40868E+04
    0.10354E-02    0.41250E+04
    0.10458E-02    0.41636E+04
    0.10564E-02    0.42025E+04
    0.10670E-02    0.42418E+04
    0.10777E-02    0.42814E+04
    0.10885E-02    0.43213E+04
    0.10995E-02    0.43616E+04
    0.11105E-02    0.44023E+04
    0.11217E-02    0.44433E+04
    0.11330E-02    0.44846E+04
    0.11443E-02    0.45263E+04
    0.11558E-02    0.45684E+04
    0.11675E-02    0.46108E+04
    0.11792E-02    0.46536E+04
    0.11910E-02    0.46968E+04
    0.12030E-02    0.47403E+04
    0.12151E-02    0.47842E+04
    0.12273E-02    0.48285E+04
    0.12397E-02    0.48731E+04
    0.12521E-02    0.49182E+04
    0.12647E-02    0.49636E+04
    0.12774E-02    0.50094E+04
    0.12902E-02    0.50555E+04
    0.13032E-02    0.51021E+04
    0.13163E-02    0.51491E+04
    0.13295E-02    0.51964E+04
    0.13429E-02    0.52442E+04
    0.13564E-02    0.52923E+04
    0.13700E-02    0.53409E+04
    0.13838E-02    0.53898E+04
    0.13977E-02    0.54392E+04
    0.14117E-02    0.54890E+04
    0.14259E-02    0.55391E+04
    0.14403E-02    0.55897E+04
    0.14547E-02    0.56407E+04
    0.14694E-02    0.56922E+04
    0.14841E-02    0.57440E+04
    0.14990E-02    0.57963E+04
    0.15141E-02    0.58489E+04
    0.15293E-02    0.59021E+04
    0.15447E-02    0.59556E+04
    0.15602E-02    0.60096E+04
    0.15759E-02    0.60640E+04
    0.15917E-02    0.61188E+04
    0.16077E-02    0.61741E+04
    0.16239E-02    0.62298E+04
    0.16402E-02    0.62860E+04
    0.16567E-02    0.63426E+04
    0.16734E-02    0.63996E+04
    0.16902E-02    0.64571E+04
    0.17072E-02    0.65151E+04
    0.17243E-02    0.65735E+04
    0.17416E-02    0.66323E+04
    0.17591E-02    0.66917E+04
    0.17768E-02    0.67514E+04
    0.17947E-02    0.68116E+04
    0.18127E-02    0.68723E+04
    0.18309E-02    0.69335E+04
    0.18493E-02    0.69951E+04
    0.18679E-02    0.70572E+04
    0.18867E-02    0.71198E+04
    0.19057E-02    0.71828E+04
    0.19248E-02    0.72463E+04
    0.19442E-02    0.73103E+04
    0.19637E-02    0.73747E+04
    0.19834E-02    0.74397E+04
    0.20034E-02    0.75051E+04
    0.20235E-02    0.75710E+04
    0.20438E-02    0.76373E+04
    0.20644E-02    0.77042E+04
    0.20851E-02    0.77715E+04
    0.21061E-02    0.78393E+04
    0.21272E-02    0.79077E+04
    0.21486E-02    0.79765E+04
    0.21702E-02    0.80458E+04
    0.21920E-02    0.81155E+04
    0.22141E-02    0.81858E+04
    0.22363E-02    0.82566E+04
    0.22588E-02    0.83279E+04
    0.22815E-02    0.83996E+04
    0.23044E-02    0.84719E+04
    0.23276E-02    0.85446E+04
    0.23510E-02    0.86179E+04
    0.23746E-02    0.86916E+04
    0.23985E-02    0.87659E+04
    0.24226E-02    0.88406E+04
    0.24469E-02    0.89159E+04
    0.24715E-02    0.89916E+04
    0.24964E-02    0.90679E+04
    0.25214E-02    0.91446E+04
    0.25468E-02    0.92219E+04
    0.25724E-02    0.92997E+04
    0.25982E-02    0.93779E+04
    0.26243E-02    0.94567E+04
    0.26507E-02    0.95359E+04
    0.26774E-02    0.96157E+04
    0.27043E-02    0.96960E+04
    0.27314E-02    0.97767E+04
    0.27589E-02    0.98580E+04
    0.27866E-02    0.99398E+04
    0.28146E-02    0.10022E+05
    0.28429E-02    0.10105E+05
    0.28715E-02    0.10188E+05
    0.29003E-02    0.10272E+05
    0.29295E-02    0.10356E+05
    0.29589E-02    0.10441E+05
    0.29887E-02    0.10526E+05
    0.30187E-02    0.10612E+05
    0.30490E-02    0.10698E+05
    0.30797E-02    0.10785E+05
    0.31106E-02    0.10872E+05
    0.31419E-02    0.10960E+05
    0.31735E-02    0.11048E+05
    0.32054E-02    0.11137E+05
    0.32376E-02    0.11226E+05
    0.32701E-02    0.11316E+05
    0.33030E-02    0.11406E+05
    0.33362E-02    0.11496E+05
    0.33697E-02    0.11587E+05
    0.34036E-02    0.11679E+05
    0.34378E-02    0.11771E+05
    0.34723E-02    0.11864E+05
    0.35072E-02    0.11956E+05
    0.35425E-02    0.12050E+05
    0.35781E-02    0.12144E+05
    0.36141E-02    0.12238E+05
    0.36504E-02    0.12333E+05
    0.36871E-02    0.12428E+05
    0.37241E-02    0.12524E+05
    0.37615E-02    0.12620E+05
    0.37993E-02    0.12717E+05
    0.38375E-02    0.12814E+05
    0.38761E-02    0.12911E+05
    0.39151E-02    0.13009E+05
    0.39544E-02    0.13107E+05
    0.39941E-02    0.13206E+05
    0.40343E-02    0.13305E+05
    0.40748E-02    0.13404E+05
    0.41158E-02    0.13504E+05
    0.41571E-02    0.13605E+05
    0.41989E-02    0.13705E+05
    0.42411E-02    0.13806E+05
    0.42838E-02    0.13908E+05
    0.43268E-02    0.14010E+05
    0.43703E-02    0.14112E+05
    0.44142E-02    0.14214E+05
    0.44586E-02    0.14317E+05
    0.45034E-02    0.14420E+05
    0.45486E-02    0.14524E+05
    0.45944E-02    0.14628E+05
    0.46405E-02    0.14732E+05
    0.46872E-02    0.14837E+05
    0.47343E-02    0.14942E+05
    0.47819E-02    0.15047E+05
    0.48299E-02    0.15152E+05
    0.48785E-02    0.15258E+05
    0.49275E-02    0.15364E+05
    0.49770E-02    0.15470E+05
    0.50270E-02    0.15577E+05
    0.50776E-02    0.15684E+05
    0.51286E-02    0.15791E+05
    0.51801E-02    0.15898E+05
    0.52322E-02    0.16006E+05
    0.52848E-02    0.16114E+05
    0.53379E-02    0.16221E+05
    0.53915E-02    0.16330E+05
    0.54457E-02    0.16438E+05
    0.55004E-02    0.16546E+05
    0.55557E-02    0.16655E+05
    0.56116E-02    0.16764E+05
    0.56680E-02    0.16873E+05
    0.57249E-02    0.16982E+05
    0.57825E-02    0.17091E+05
    0.58406E-02    0.17200E+05
    0.58993E-02    0.17310E+05
    0.59586E-02    0.17419E+05
    0.60184E-02    0.17529E+05
    0.60789E-02    0.17638E+05
    0.61400E-02    0.17748E+05
    0.62017E-02    0.17858E+05
    0.62641E-02    0.17967E+05
    0.63270E-02    0.18077E+05
    0.63906E-02    0.18187E+05
    0.64548E-02    0.18296E+05
    0.65197E-02    0.18406E+05
    0.65852E-02    0.18515E+05
    0.66514E-02    0.18625E+05
    0.67183E-02    0.18734E+05
    0.67858E-02    0.18843E+05
    0.68540E-02    0.18952E+05
    0.69229E-02    0.19061E+05
    0.69924E-02    0.19169E+05
    0.70627E-02    0.19278E+05
    0.71337E-02    0.19386E+05
    0.72054E-02    0.19494E+05
    0.72778E-02    0.19602E+05
    0.73510E-02    0.19709E+05
    0.74248E-02    0.19816E+05
    0.74994E-02    0.19923E+05
    0.75748E-02    0.20030E+05
    0.76509E-02    0.20136E+05
    0.77278E-02    0.20242E+05
    0.78055E-02    0.20348E+05
    0.78840E-02    0.20453E+05
    0.79632E-02    0.20558E+05
    0.80432E-02    0.20662E+05
    0.81241E-02    0.20766E+05
    0.82057E-02    0.20869E+05
    0.82882E-02    0.20972E+05
    0.83715E-02    0.21074E+05
    0.84556E-02    0.21176E+05
    0.85406E-02    0.21277E+05
    0.86264E-02    0.21378E+05
    0.87131E-02    0.21477E+05
    0.88007E-02    0.21577E+05
    0.88891E-02    0.21675E+05
    0.89785E-02    0.21773E+05
    0.90687E-02    0.21870E+05
    0.91598E-02    0.21967E+05
    0.92519E-02    0.22062E+05
    0.93449E-02    0.22157E+05
    0.94388E-02    0.22251E+05
    0.95337E-02    0.22344E+05
    0.96295E-02    0.22436E+05
    0.97263E-02    0.22528E+05
    0.98240E-02    0.22618E+05
    0.99227E-02    0.22708E+05
    0.10022E-01    0.22796E+05
    0.10123E-01    0.22883E+05
    0.10225E-01    0.22970E+05
    0.10328E-01    0.23055E+05
    0.10431E-01    0.23139E+05
    0.10536E-01    0.23222E+05
    0.10642E-01    0.23304E+05
    0.10749E-01    0.23385E+05
    0.10857E-01    0.23464E+05
    0.10966E-01    0.23542E+05
    0.11077E-01    0.23619E+05
    0.11188E-01    0.23695E+05
    0.11300E-01    0.23769E+05
    0.11414E-01    0.23842E+05
    0.11529E-01    0.23913E+05
    0.11644E-01    0.23983E+05
    0.11761E-01    0.24051E+05
    0.11880E-01    0.24118E+05
    0.11999E-01    0.24183E+05
    0.12120E-01    0.24247E+05
    0.12241E-01    0.24309E+05
    0.12365E-01    0.24369E+05
    0.12489E-01    0.24428E+05
    0.12614E-01    0.24485E+05
    0.12741E-01    0.24540E+05
    0.12869E-01    0.24593E+05
    0.12998E-01    0.24645E+05
    0.13129E-01    0.24695E+05
    0.13261E-01    0.24743E+05
    0.13394E-01    0.24789E+05
    0.13529E-01    0.24833E+05
    0.13665E-01    0.24876E+05
    0.13802E-01    0.24916E+05
    0.13941E-01    0.24953E+05
    0.14081E-01    0.24989E+05
    0.14223E-01    0.25022E+05
    0.14366E-01    0.25053E+05
    0.14510E-01    0.25081E+05
    0.14656E-01    0.25107E+05
    0.14803E-01    0.25130E+05
    0.14952E-01    0.25152E+05
    0.15102E-01    0.25171E+05
    0.15254E-01    0.25188E+05
    0.15407E-01    0.25203E+05
    0.15562E-01    0.25216E+05
    0.15718E-01    0.25228E+05
    0.15876E-01    0.25238E+05
    0.16036E-01    0.25246E+05
    0.16197E-01    0.25254E+05
    0.16360E-01    0.25259E+05
    0.16524E-01    0.25262E+05
    0.16690E-01    0.25263E+05
    0.16858E-01    0.25262E+05
    0.17028E-01    0.25257E+05
    0.17199E-01    0.25250E+05
    0.17371E-01    0.25239E+05
    0.17546E-01    0.25225E+05
    0.17722E-01    0.25207E+05
    0.17901E-01    0.25186E+05
    0.18080E-01    0.25160E+05
    0.18262E-01    0.25132E+05
    0.18446E-01    0.25099E+05
    0.18631E-01    0.25064E+05
    0.18818E-01    0.25026E+05
    0.19007E-01    0.24984E+05
    0.19198E-01    0.24940E+05
    0.19391E-01    0.24894E+05
    0.19586E-01    0.24844E+05
    0.19783E-01    0.24793E+05
    0.19982E-01    0.24738E+05
    0.20183E-01    0.24681E+05
    0.20386E-01    0.24620E+05
    0.20590E-01    0.24557E+05
    0.20797E-01    0.24489E+05
    0.21006E-01    0.24419E+05
    0.21218E-01    0.24345E+05
    0.21431E-01    0.24267E+05
    0.21646E-01    0.24185E+05
    0.21864E-01    0.24099E+05
    0.22083E-01    0.24010E+05
    0.22305E-01    0.23917E+05
    0.22530E-01    0.23821E+05
    0.22756E-01    0.23722E+05
    0.22985E-01    0.23620E+05
    0.23216E-01    0.23515E+05
    0.23449E-01    0.23408E+05
    0.23685E-01    0.23298E+05
    0.23923E-01    0.23186E+05
    0.24163E-01    0.23072E+05
    0.24406E-01    0.22956E+05
    0.24651E-01    0.22838E+05
    0.24899E-01    0.22718E+05
    0.25149E-01    0.22596E+05
    0.25402E-01    0.22471E+05
    0.25657E-01    0.22344E+05
    0.25915E-01    0.22216E+05
    0.26176E-01    0.22085E+05
    0.26439E-01    0.21952E+05
    0.26704E-01    0.21818E+05
    0.26973E-01    0.21681E+05
    0.27244E-01    0.21542E+05
    0.27518E-01    0.21401E+05
    0.27794E-01    0.21258E+05
    0.28074E-01    0.21113E+05
    0.28356E-01    0.20966E+05
    0.28641E-01    0.20817E+05
    0.28929E-01    0.20665E+05
    0.29219E-01    0.20512E+05
    0.29513E-01    0.20357E+05
    0.29810E-01    0.20200E+05
    0.30109E-01    0.20041E+05
    0.30412E-01    0.19881E+05
    0.30717E-01    0.19719E+05
    0.31026E-01    0.19556E+05
    0.31338E-01    0.19392E+05
    0.31653E-01    0.19226E+05
    0.31971E-01    0.19060E+05
    0.32292E-01    0.18893E+05
    0.32617E-01    0.18725E+05
    0.32945E-01    0.18556E+05
    0.33276E-01    0.18387E+05
    0.33610E-01    0.18218E+05
    0.33948E-01    0.18049E+05
    0.34289E-01    0.17880E+05
    0.34634E-01    0.17711E+05
    0.34982E-01    0.17543E+05
    0.35333E-01    0.17375E+05
    0.35689E-01    0.17207E+05
    0.36047E-01    0.17041E+05
    0.36409E-01    0.16875E+05
    0.36775E-01    0.16710E+05
    0.37145E-01    0.16547E+05
    0.37518E-01    0.16384E+05
    0.37895E-01    0.16223E+05
    0.38276E-01    0.16062E+05
    0.38661E-01    0.15904E+05
    0.39049E-01    0.15746E+05
    0.39442E-01    0.15591E+05
    0.39838E-01    0.15437E+05
    0.40239E-01    0.15284E+05
    0.40643E-01    0.15133E+05
    0.41052E-01    0.14984E+05
    0.41464E-01    0.14837E+05
    0.41881E-01    0.14692E+05
    0.42302E-01    0.14549E+05
    0.42727E-01    0.14407E+05
    0.43156E-01    0.14268E+05
    0.43590E-01    0.14131E+05
    0.44028E-01    0.13996E+05
    0.44471E-01    0.13863E+05
    0.44918E-01    0.13733E+05
    0.45369E-01    0.13605E+05
    0.45825E-01    0.13480E+05
    0.46286E-01    0.13358E+05
    0.46751E-01    0.13239E+05
    0.47221E-01    0.13123E+05
    0.47695E-01    0.13010E+05
    0.48174E-01    0.12900E+05
    0.48659E-01    0.12793E+05
    0.49148E-01    0.12688E+05
    0.49642E-01    0.12587E+05
    0.50141E-01    0.12487E+05
    0.50644E-01    0.12390E+05
    0.51153E-01    0.12295E+05
    0.51668E-01    0.12202E+05
    0.52187E-01    0.12112E+05
    0.52711E-01    0.12023E+05
    0.53241E-01    0.11936E+05
    0.53776E-01    0.11850E+05
    0.54317E-01    0.11766E+05
    0.54862E-01    0.11684E+05
    0.55414E-01    0.11603E+05
    0.55971E-01    0.11523E+05
    0.56533E-01    0.11444E+05
    0.57101E-01    0.11367E+05
    0.57675E-01    0.11290E+05
    0.58255E-01    0.11214E+05
    0.58840E-01    0.11139E+05
    0.59432E-01    0.11064E+05
    0.60029E-01    0.10989E+05
    0.60632E-01    0.10915E+05
    0.61242E-01    0.10840E+05
    0.61857E-01    0.10766E+05
    0.62479E-01    0.10691E+05
    0.63107E-01    0.10615E+05
    0.63741E-01    0.10539E+05
    0.64382E-01    0.10462E+05
    0.65029E-01    0.10384E+05
    0.65682E-01    0.10305E+05
    0.66342E-01    0.10224E+05
    0.67009E-01    0.10142E+05
    0.67683E-01    0.10056E+05
    0.68363E-01    0.99689E+04
    0.69050E-01    0.98785E+04
    0.69744E-01    0.97853E+04
    0.70445E-01    0.96895E+04
    0.71153E-01    0.95913E+04
    0.71868E-01    0.94910E+04
    0.72590E-01    0.93888E+04
    0.73320E-01    0.92849E+04
    0.74057E-01    0.91793E+04
    0.74801E-01    0.90714E+04
    0.75553E-01    0.89608E+04
    0.76312E-01    0.88472E+04
    0.77079E-01    0.87302E+04
    0.77854E-01    0.86094E+04
    0.78636E-01    0.84852E+04
    0.79426E-01    0.83581E+04
    0.80225E-01    0.82288E+04
    0.81031E-01    0.80978E+04
    0.81845E-01    0.79656E+04
    0.82668E-01    0.78328E+04
    0.83499E-01    0.76995E+04
    0.84338E-01    0.75659E+04
    0.85185E-01    0.74324E+04
    0.86041E-01    0.72991E+04
    0.86906E-01    0.71662E+04
    0.87780E-01    0.70341E+04
    0.88662E-01    0.69031E+04
    0.89553E-01    0.67735E+04
    0.90453E-01    0.66456E+04
    0.91362E-01    0.65198E+04
    0.92280E-01    0.63962E+04
    0.93208E-01    0.62753E+04
    0.94144E-01    0.61572E+04
    0.95091E-01    0.60423E+04
    0.96046E-01    0.59307E+04
    0.97011E-01    0.58227E+04
    0.97986E-01    0.57184E+04
    0.98971E-01    0.56182E+04
    0.99966E-01    0.55222E+04
    0.10097E+00    0.54306E+04
    0.10199E+00    0.53436E+04
    0.10301E+00    0.52610E+04
    0.10405E+00    0.51829E+04
    0.10509E+00    0.51093E+04
    0.10615E+00    0.50401E+04
    0.10721E+00    0.49752E+04
    0.10829E+00    0.49145E+04
    0.10938E+00    0.48575E+04
    0.11048E+00    0.48042E+04
    0.11159E+00    0.47541E+04
    0.11271E+00    0.47070E+04
    0.11384E+00    0.46625E+04
    0.11499E+00    0.46201E+04
    0.11614E+00    0.45794E+04
    0.11731E+00    0.45399E+04
    0.11849E+00    0.45013E+04
    0.11968E+00    0.44630E+04
    0.12088E+00    0.44246E+04
    0.12210E+00    0.43857E+04
    0.12333E+00    0.43459E+04
    0.12457E+00    0.43048E+04
    0.12582E+00    0.42620E+04
    0.12708E+00    0.42172E+04
    0.12836E+00    0.41702E+04
    0.12965E+00    0.41208E+04
    0.13095E+00    0.40687E+04
    0.13227E+00    0.40140E+04
    0.13360E+00    0.39565E+04
    0.13494E+00    0.38963E+04
    0.13630E+00    0.38334E+04
    0.13767E+00    0.37682E+04
    0.13905E+00    0.37006E+04
    0.14045E+00    0.36311E+04
    0.14186E+00    0.35598E+04
    0.14328E+00    0.34872E+04
    0.14472E+00    0.34136E+04
    0.14618E+00    0.33394E+04
    0.14765E+00    0.32651E+04
    0.14913E+00    0.31911E+04
    0.15063E+00    0.31179E+04
    0.15214E+00    0.30459E+04
    0.15367E+00    0.29758E+04
    0.15522E+00    0.29079E+04
    0.15678E+00    0.28427E+04
    0.15835E+00    0.27805E+04
    0.15994E+00    0.27217E+04
    0.16155E+00    0.26666E+04
    0.16318E+00    0.26151E+04
    0.16482E+00    0.25674E+04
    0.16647E+00    0.25235E+04
    0.16815E+00    0.24831E+04
    0.16984E+00    0.24459E+04
    0.17154E+00    0.24118E+04
    0.17327E+00    0.23802E+04
    0.17501E+00    0.23509E+04
    0.17677E+00    0.23235E+04
    0.17854E+00    0.22974E+04
    0.18034E+00    0.22723E+04
    0.18215E+00    0.22478E+04
    0.18398E+00    0.22235E+04
    0.18583E+00    0.21988E+04
    0.18770E+00    0.21734E+04
    0.18958E+00    0.21468E+04
    0.19149E+00    0.21188E+04
    0.19341E+00    0.20890E+04
    0.19536E+00    0.20571E+04
    0.19732E+00    0.20233E+04
    0.19930E+00    0.19874E+04
    0.20131E+00    0.19497E+04
    0.20333E+00    0.19105E+04
    0.20537E+00    0.18700E+04
    0.20744E+00    0.18288E+04
    0.20952E+00    0.17871E+04
    0.21163E+00    0.17456E+04
    0.21375E+00    0.17045E+04
    0.21590E+00    0.16643E+04
    0.21807E+00    0.16254E+04
    0.22026E+00    0.15881E+04
    0.22248E+00    0.15526E+04
    0.22471E+00    0.15192E+04
    0.22697E+00    0.14881E+04
    0.22925E+00    0.14593E+04
    0.23156E+00    0.14327E+04
    0.23388E+00    0.14082E+04
    0.23624E+00    0.13856E+04
    0.23861E+00    0.13647E+04
    0.24101E+00    0.13451E+04
    0.24343E+00    0.13264E+04
    0.24588E+00    0.13083E+04
    0.24835E+00    0.12905E+04
    0.25084E+00    0.12724E+04
    0.25336E+00    0.12538E+04
    0.25591E+00    0.12344E+04
    0.25848E+00    0.12141E+04
    0.26108E+00    0.11927E+04
    0.26370E+00    0.11703E+04
    0.26635E+00    0.11471E+04
    0.26903E+00    0.11231E+04
    0.27174E+00    0.10988E+04
    0.27447E+00    0.10743E+04
    0.27722E+00    0.10499E+04
    0.28001E+00    0.10259E+04
    0.28283E+00    0.10025E+04
    0.28567E+00    0.98010E+03
    0.28854E+00    0.95878E+03
    0.29144E+00    0.93872E+03
    0.29437E+00    0.91996E+03
    0.29733E+00    0.90249E+03
    0.30031E+00    0.88616E+03
    0.30333E+00    0.87080E+03
    0.30638E+00    0.85617E+03
    0.30946E+00    0.84204E+03
    0.31257E+00    0.82817E+03
    0.31571E+00    0.81437E+03
    0.31888E+00    0.80045E+03
    0.32209E+00    0.78626E+03
    0.32533E+00    0.77171E+03
    0.32860E+00    0.75676E+03
    0.33190E+00    0.74143E+03
    0.33523E+00    0.72584E+03
    0.33860E+00    0.71015E+03
    0.34201E+00    0.69456E+03
    0.34544E+00    0.67924E+03
    0.34892E+00    0.66437E+03
    0.35242E+00    0.65005E+03
    0.35596E+00    0.63636E+03
    0.35954E+00    0.62332E+03
    0.36316E+00    0.61092E+03
    0.36680E+00    0.59912E+03
    0.37049E+00    0.58783E+03
    0.37421E+00    0.57693E+03
    0.37798E+00    0.56628E+03
    0.38177E+00    0.55575E+03
    0.38561E+00    0.54523E+03
    0.38949E+00    0.53464E+03
    0.39340E+00    0.52397E+03
    0.39735E+00    0.51322E+03
    0.40135E+00    0.50246E+03
    0.40538E+00    0.49174E+03
    0.40946E+00    0.48116E+03
    0.41357E+00    0.47079E+03
    0.41773E+00    0.46072E+03
    0.42193E+00    0.45099E+03
    0.42617E+00    0.44162E+03
    0.43045E+00    0.43261E+03
    0.43478E+00    0.42391E+03
    0.43914E+00    0.41547E+03
    0.44356E+00    0.40722E+03
    0.44802E+00    0.39911E+03
    0.45252E+00    0.39109E+03
    0.45707E+00    0.38313E+03
    0.46166E+00    0.37520E+03
    0.46630E+00    0.36731E+03
    0.47099E+00    0.35950E+03
    0.47572E+00    0.35181E+03
    0.48050E+00    0.34428E+03
    0.48533E+00    0.33695E+03
    0.49021E+00    0.32981E+03
    0.49513E+00    0.32288E+03
    0.50011E+00    0.31614E+03
    0.50514E+00    0.30959E+03
    0.51021E+00    0.30319E+03
    0.51534E+00    0.29690E+03
    0.52052E+00    0.29070E+03
    0.52575E+00    0.28458E+03
    0.53104E+00    0.27855E+03
    0.53637E+00    0.27260E+03
    0.54176E+00    0.26675E+03
    0.54721E+00    0.26102E+03
    0.55271E+00    0.25542E+03
    0.55826E+00    0.24995E+03
    0.56387E+00    0.24462E+03
    0.56954E+00    0.23942E+03
    0.57526E+00    0.23433E+03
    0.58105E+00    0.22935E+03
    0.58689E+00    0.22446E+03
    0.59278E+00    0.21965E+03
    0.59874E+00    0.21492E+03
    0.60476E+00    0.21028E+03
    0.61084E+00    0.20572E+03
    0.61698E+00    0.20126E+03
    0.62318E+00    0.19690E+03
    0.62944E+00    0.19263E+03
    0.63577E+00    0.18846E+03
    0.64215E+00    0.18438E+03
    0.64861E+00    0.18038E+03
    0.65513E+00    0.17647E+03
    0.66171E+00    0.17264E+03
    0.66836E+00    0.16889E+03
    0.67508E+00    0.16521E+03
    0.68186E+00    0.16161E+03
    0.68872E+00    0.15808E+03
    0.69564E+00    0.15462E+03
    0.70263E+00    0.15123E+03
    0.70969E+00    0.14792E+03
    0.71682E+00    0.14467E+03
    0.72403E+00    0.14149E+03
    0.73130E+00    0.13838E+03
    0.73865E+00    0.13533E+03
    0.74608E+00    0.13234E+03
    0.75358E+00    0.12941E+03
    0.76115E+00    0.12655E+03
    0.76880E+00    0.12375E+03
    0.77653E+00    0.12100E+03
    0.78433E+00    0.11832E+03
    0.79221E+00    0.11569E+03
    0.80017E+00    0.11311E+03
    0.80822E+00    0.11059E+03
    0.81634E+00    0.10813E+03
    0.82454E+00    0.10571E+03
    0.83283E+00    0.10335E+03
    0.84120E+00    0.10104E+03
    0.84965E+00    0.98773E+02
    0.85819E+00    0.96558E+02
    0.86682E+00    0.94391E+02
    0.87553E+00    0.92270E+02
    0.88433E+00    0.90195E+02
    0.89322E+00    0.88164E+02
    0.90219E+00    0.86178E+02
    0.91126E+00    0.84234E+02
    0.92042E+00    0.82333E+02
    0.92967E+00    0.80473E+02
    0.93901E+00    0.78653E+02
    0.94845E+00    0.76873E+02
    0.95798E+00    0.75131E+02
    0.96761E+00    0.73428E+02
    0.97734E+00    0.71762E+02
    0.98716E+00    0.70132E+02
    0.99708E+00    0.68537E+02
    0.10071E+01    0.66978E+02
    0.10172E+01    0.65453E+02
    0.10274E+01    0.63961E+02
    0.10378E+01    0.62502E+02
    0.10482E+01    0.61075E+02
    0.10587E+01    0.59679E+02
    0.10694E+01    0.58314E+02
    0.10801E+01    0.56979E+02
    0.10910E+01    0.55674E+02
    0.11019E+01    0.54397E+02
    0.11130E+01    0.53149E+02
    0.11242E+01    0.51928E+02
    0.11355E+01    0.50735E+02
    0.11469E+01    0.49567E+02
    0.11584E+01    0.48426E+02
    0.11701E+01    0.47310E+02
    0.11818E+01    0.46218E+02
    0.11937E+01    0.45151E+02
    0.12057E+01    0.44108E+02
    0.12178E+01    0.43088E+02
    0.12301E+01    0.42091E+02
    0.12424E+01    0.41116E+02
    0.12549E+01    0.40163E+02
    0.12675E+01    0.39231E+02
    0.12803E+01    0.38320E+02
    0.12931E+01    0.37429E+02
    0.13061E+01    0.36559E+02
    0.13193E+01    0.35708E+02
    0.13325E+01    0.34876E+02
    0.13459E+01    0.34063E+02
    0.13594E+01    0.33268E+02
    0.13731E+01    0.32491E+02
    0.13869E+01    0.31731E+02
    0.14008E+01    0.30989E+02
    0.14149E+01    0.30264E+02
    0.14291E+01    0.29555E+02
    0.14435E+01    0.28862E+02
    0.14580E+01    0.28185E+02
    0.14727E+01    0.27523E+02
    0.14875E+01    0.26876E+02
    0.15024E+01    0.26244E+02
    0.15175E+01    0.25626E+02
    0.15328E+01    0.25023E+02
    0.15482E+01    0.24433E+02
    0.15637E+01    0.23856E+02
    0.15794E+01    0.23293E+02
    0.15953E+01    0.22743E+02
    0.16114E+01    0.22205E+02
    0.16275E+01    0.21680E+02
    0.16439E+01    0.21167E+02
    0.16604E+01    0.20665E+02
    0.16771E+01    0.20176E+02
    0.16940E+01    0.19697E+02
    0.17110E+01    0.19229E+02
    0.17282E+01    0.18772E+02
    0.17456E+01    0.18326E+02
    0.17631E+01    0.17890E+02
    0.17808E+01    0.17464E+02
    0.17987E+01    0.17048E+02
    0.18168E+01    0.16642E+02
    0.18351E+01    0.16245E+02
    0.18535E+01    0.15857E+02
    0.18721E+01    0.15479E+02
    0.18909E+01    0.15109E+02
    0.19099E+01    0.14747E+02
    0.19291E+01    0.14394E+02
    0.19485E+01    0.14050E+02
    0.19681E+01    0.13713E+02
    0.19879E+01    0.13384E+02
    0.20079E+01    0.13063E+02
    0.20280E+01    0.12749E+02
    0.20484E+01    0.12443E+02
    0.20690E+01    0.12144E+02
    0.20898E+01    0.11852E+02
    0.21108E+01    0.11567E+02
    0.21320E+01    0.11288E+02
    0.21535E+01    0.11016E+02
    0.21751E+01    0.10750E+02
    0.21970E+01    0.10491E+02
    0.22190E+01    0.10238E+02
    0.22413E+01    0.99905E+01
    0.22639E+01    0.97490E+01
    0.22866E+01    0.95132E+01
    0.23096E+01    0.92830E+01
    0.23328E+01    0.90582E+01
    0.23563E+01    0.88387E+01
    0.23799E+01    0.86244E+01
    0.24039E+01    0.84152E+01
    0.24280E+01    0.82109E+01
    0.24524E+01    0.80115E+01
    0.24771E+01    0.78168E+01
    0.25020E+01    0.76268E+01
    0.25271E+01    0.74412E+01
    0.25525E+01    0.72601E+01
    0.25782E+01    0.70833E+01
    0.26041E+01    0.69106E+01
    0.26302E+01    0.67421E+01
    0.26567E+01    0.65776E+01
    0.26834E+01    0.64171E+01
    0.27103E+01    0.62603E+01
    0.27376E+01    0.61073E+01
    0.27651E+01    0.59580E+01
    0.27929E+01    0.58122E+01
    0.28210E+01    0.56700E+01
    0.28493E+01    0.55311E+01
    0.28779E+01    0.53955E+01
    0.29069E+01    0.52633E+01
    0.29361E+01    0.51341E+01
    0.29656E+01    0.50081E+01
    0.29954E+01    0.48851E+01
    0.30255E+01    0.47651E+01
    0.30559E+01    0.46480E+01
    0.30866E+01    0.45336E+01
    0.31176E+01    0.44221E+01
    0.31490E+01    0.43132E+01
    0.31806E+01    0.42069E+01
    0.32126E+01    0.41033E+01
    0.32449E+01    0.40021E+01
    0.32775E+01    0.39033E+01
    0.33104E+01    0.38070E+01
    0.33437E+01    0.37130E+01
    0.33773E+01    0.36212E+01
    0.34112E+01    0.35317E+01
    0.34455E+01    0.34443E+01
    0.34801E+01    0.33591E+01
    0.35151E+01    0.32759E+01
    0.35504E+01    0.31948E+01
    0.35861E+01    0.31156E+01
    0.36222E+01    0.30384E+01
    0.36586E+01    0.29630E+01
    0.36953E+01    0.28895E+01
    0.37325E+01    0.28177E+01
    0.37700E+01    0.27477E+01
    0.38079E+01    0.26794E+01
    0.38462E+01    0.26128E+01
    0.38848E+01    0.25478E+01
    0.39239E+01    0.24844E+01
    0.39633E+01    0.24225E+01
    0.40031E+01    0.23622E+01
    0.40434E+01    0.23033E+01
    0.40840E+01    0.22459E+01
    0.41250E+01    0.21899E+01
    0.41665E+01    0.21352E+01
    0.42084E+01    0.20819E+01
    0.42507E+01    0.20299E+01
    0.42934E+01    0.19792E+01
    0.43365E+01    0.19297E+01
    0.43801E+01    0.18814E+01
    0.44241E+01    0.18343E+01
    0.44686E+01    0.17884E+01
    0.45135E+01    0.17436E+01
    0.45589E+01    0.16999E+01
    0.46047E+01    0.16573E+01
    0.46510E+01    0.16157E+01
    0.46977E+01    0.15752E+01
    0.47449E+01    0.15357E+01
    0.47926E+01    0.14971E+01
    0.48408E+01    0.14595E+01
    0.48894E+01    0.14228E+01
    0.49386E+01    0.13870E+01
    0.49882E+01    0.13522E+01
    0.50383E+01    0.13181E+01
    0.50890E+01    0.12849E+01
    0.51401E+01    0.12526E+01
    0.51918E+01    0.12210E+01
    0.52439E+01    0.11902E+01
    0.52966E+01    0.11602E+01
    0.53499E+01    0.11310E+01
    0.54036E+01    0.11024E+01
    0.54580E+01    0.10746E+01
    0.55128E+01    0.10474E+01
    0.55682E+01    0.10210E+01
    0.56242E+01    0.99517E+00
    0.56807E+01    0.97001E+00
    0.57378E+01    0.94547E+00
    0.57955E+01    0.92154E+00
    0.58537E+01    0.89821E+00
    0.59125E+01    0.87546E+00
    0.59720E+01    0.85328E+00
    0.60320E+01    0.83165E+00
    0.60926E+01    0.81056E+00
    0.61538E+01    0.79000E+00
    0.62157E+01    0.76995E+00
    0.62781E+01    0.75041E+00
    0.63412E+01    0.73135E+00
    0.64050E+01    0.71277E+00
    0.64693E+01    0.69466E+00
    0.65344E+01    0.67699E+00
    0.66000E+01    0.65978E+00
    0.66664E+01    0.64299E+00
    0.67334E+01    0.62662E+00
    0.68010E+01    0.61067E+00
    0.68694E+01    0.59511E+00
    0.69384E+01    0.57995E+00
    0.70082E+01    0.56517E+00
    0.70786E+01    0.55075E+00
    0.71497E+01    0.53670E+00
    0.72216E+01    0.52301E+00
    0.72942E+01    0.50966E+00
    0.73675E+01    0.49664E+00
    0.74415E+01    0.48396E+00
    0.75163E+01    0.47159E+00
    0.75918E+01    0.45953E+00
    0.76681E+01    0.44778E+00
    0.77452E+01    0.43633E+00
    0.78230E+01    0.42516E+00
    0.79017E+01    0.41428E+00
    0.79811E+01    0.40367E+00
    0.80613E+01    0.39333E+00
    0.81423E+01    0.38325E+00
    0.82241E+01    0.37342E+00
    0.83068E+01    0.36385E+00
    0.83903E+01    0.35451E+00
    0.84746E+01    0.34542E+00
    0.85598E+01    0.33655E+00
    0.86458E+01    0.32791E+00
    0.87327E+01    0.31949E+00
    0.88205E+01    0.31128E+00
    0.89091E+01    0.30328E+00
    0.89986E+01    0.29548E+00
    0.90891E+01    0.28788E+00
    0.91804E+01    0.28047E+00
    0.92727E+01    0.27325E+00
    0.93659E+01    0.26622E+00
    0.94600E+01    0.25936E+00
    0.95551E+01    0.25268E+00
    0.96511E+01    0.24617E+00
    0.97481E+01    0.23982E+00
    0.98461E+01    0.23364E+00
    0.99450E+01    0.22761E+00
    0.10045E+02    0.22174E+00
    0.10146E+02    0.21601E+00
    0.10248E+02    0.21044E+00
    0.10351E+02    0.20500E+00
    0.10455E+02    0.19970E+00
    0.10560E+02    0.19454E+00
    0.10666E+02    0.18951E+00
    0.10773E+02    0.18461E+00
    0.10882E+02    0.17984E+00
    0.10991E+02    0.17518E+00
    0.11101E+02    0.17065E+00
    0.11213E+02    0.16623E+00
    0.11326E+02    0.16192E+00
    0.11440E+02    0.15773E+00
    0.11554E+02    0.15364E+00
    0.11671E+02    0.14966E+00
    0.11788E+02    0.14578E+00
    0.11906E+02    0.14200E+00
    0.12026E+02    0.13831E+00
    0.12147E+02    0.13472E+00
    0.12269E+02    0.13122E+00
    0.12392E+02    0.12782E+00
    0.12517E+02    0.12450E+00
    0.12643E+02    0.12126E+00
    0.12770E+02    0.11811E+00
    0.12898E+02    0.11504E+00
    0.13028E+02    0.11205E+00
    0.13159E+02    0.10913E+00
    0.13291E+02    0.10629E+00
    0.13424E+02    0.10352E+00
    0.13559E+02    0.10083E+00
    0.13696E+02    0.98202E-01
    0.13833E+02    0.95644E-01
    0.13972E+02    0.93151E-01
    0.14113E+02    0.90723E-01
    0.14255E+02    0.88357E-01
    0.14398E+02    0.86053E-01
    0.14542E+02    0.83808E-01
    0.14689E+02    0.81620E-01
    0.14836E+02    0.79490E-01
    0.14985E+02    0.77414E-01
    0.15136E+02    0.75392E-01
    0.15288E+02    0.73422E-01
    0.15442E+02    0.71504E-01
    0.15597E+02    0.69634E-01
    0.15754E+02    0.67814E-01
    0.15912E+02    0.66040E-01
    0.16072E+02    0.64312E-01
    0.16233E+02    0.62629E-01
    0.16397E+02    0.60990E-01
    0.16561E+02    0.59393E-01
    0.16728E+02    0.57837E-01
    0.16896E+02    0.56322E-01
    0.17066E+02    0.54846E-01
    0.17237E+02    0.53408E-01
    0.17411E+02    0.52008E-01
    0.17585E+02    0.50644E-01
    0.17762E+02    0.49316E-01
    0.17941E+02    0.48022E-01
    0.18121E+02    0.46761E-01
    0.18303E+02    0.45533E-01
    0.18487E+02    0.44338E-01
    0.18673E+02    0.43173E-01
    0.18861E+02    0.42039E-01
    0.19050E+02    0.40934E-01
    0.19242E+02    0.39858E-01
    0.19435E+02    0.38810E-01
    0.19630E+02    0.37789E-01
    0.19828E+02    0.36795E-01
    0.20027E+02    0.35827E-01
    0.20228E+02    0.34884E-01
    0.20431E+02    0.33965E-01
    0.20637E+02    0.33071E-01
    0.20844E+02    0.32199E-01
    0.21054E+02    0.31351E-01
    0.21265E+02    0.30525E-01
    0.21479E+02    0.29720E-01
    0.21695E+02    0.28936E-01
    0.21913E+02    0.28173E-01
    0.22133E+02    0.27430E-01
    0.22356E+02    0.26706E-01
    0.22580E+02    0.26001E-01
    0.22807E+02    0.25315E-01
    0.23036E+02    0.24646E-01
    0.23268E+02    0.23995E-01
    0.23502E+02    0.23361E-01
    0.23738E+02    0.22744E-01
    0.23976E+02    0.22142E-01
    0.24217E+02    0.21557E-01
    0.24461E+02    0.20987E-01
    0.24707E+02    0.20431E-01
    0.24955E+02    0.19891E-01
    0.25206E+02    0.19364E-01
    0.25459E+02    0.18852E-01
    0.25715E+02    0.18352E-01
    0.25973E+02    0.17866E-01
    0.26234E+02    0.17393E-01
    0.26498E+02    0.16932E-01
    0.26764E+02    0.16483E-01
    0.27033E+02    0.16046E-01
    0.27305E+02    0.15620E-01
    0.27580E+02    0.15206E-01
    0.27857E+02    0.14803E-01
    0.28137E+02    0.14410E-01
    0.28419E+02    0.14027E-01
    0.28705E+02    0.13655E-01
    0.28994E+02    0.13292E-01
    0.29285E+02    0.12939E-01
    0.29579E+02    0.12595E-01
    0.29877E+02    0.12260E-01
    0.30177E+02    0.11934E-01
    0.30480E+02    0.11617E-01
    0.30786E+02    0.11308E-01
    0.31096E+02    0.11007E-01
    0.31408E+02    0.10714E-01
    0.31724E+02    0.10429E-01
    0.32043E+02    0.10151E-01
    0.32365E+02    0.98809E-02
    0.32690E+02    0.96177E-02
    0.33019E+02    0.93614E-02
    0.33351E+02    0.91119E-02
    0.33686E+02    0.88690E-02
    0.34024E+02    0.86325E-02
    0.34366E+02    0.84023E-02
    0.34712E+02    0.81781E-02
    0.35060E+02    0.79599E-02
    0.35413E+02    0.77474E-02
    0.35769E+02    0.75406E-02
    0.36128E+02    0.73392E-02
    0.36491E+02    0.71432E-02
    0.36858E+02    0.69523E-02
    0.37229E+02    0.67665E-02
    0.37603E+02    0.65856E-02
    0.37981E+02    0.64095E-02
    0.38362E+02    0.62381E-02
    0.38748E+02    0.60712E-02
    0.39137E+02    0.59088E-02
    0.39531E+02    0.57506E-02
    0.39928E+02    0.55967E-02
    0.40329E+02    0.54468E-02
    0.40734E+02    0.53009E-02
    0.41144E+02    0.51589E-02
    0.41557E+02    0.50206E-02
    0.41975E+02    0.48860E-02
    0.42397E+02    0.47550E-02
    0.42823E+02    0.46275E-02
    0.43253E+02    0.45033E-02
    0.43688E+02    0.43825E-02
    0.44127E+02    0.42649E-02
    0.44571E+02    0.41504E-02
    0.45019E+02    0.40389E-02
    0.45471E+02    0.39304E-02
    0.45928E+02    0.38248E-02
    0.46390E+02    0.37220E-02
    0.46856E+02    0.36219E-02
    0.47327E+02    0.35245E-02
    0.47802E+02    0.34297E-02
    0.48283E+02    0.33375E-02
    0.48768E+02    0.32476E-02
    0.49258E+02    0.31602E-02
    0.49753E+02    0.30751E-02
    0.50253E+02    0.29923E-02
    0.50758E+02    0.29117E-02
    0.51268E+02    0.28332E-02
    0.51784E+02    0.27568E-02
    0.52304E+02    0.26825E-02
    0.52830E+02    0.26101E-02
    0.53361E+02    0.25397E-02
    0.53897E+02    0.24712E-02
    0.54439E+02    0.24045E-02
    0.54986E+02    0.23395E-02
    0.55538E+02    0.22764E-02
    0.56097E+02    0.22148E-02
    0.56660E+02    0.21550E-02
    0.57230E+02    0.20967E-02
    0.57805E+02    0.20400E-02
    0.58386E+02    0.19848E-02
    0.58973E+02    0.19311E-02
    0.59565E+02    0.18789E-02
    0.60164E+02    0.18280E-02
    0.60769E+02    0.17785E-02
    0.61379E+02    0.17303E-02
    0.61996E+02    0.16834E-02
    0.62619E+02    0.16378E-02
    0.63249E+02    0.15934E-02
    0.63884E+02    0.15501E-02
    0.64526E+02    0.15081E-02
    0.65175E+02    0.14671E-02
    0.65830E+02    0.14273E-02
    0.66492E+02    0.13885E-02
    0.67160E+02    0.13508E-02
    0.67835E+02    0.13141E-02
    0.68516E+02    0.12784E-02
    0.69205E+02    0.12436E-02
    0.69901E+02    0.12098E-02
    0.70603E+02    0.11768E-02
    0.71313E+02    0.11448E-02
    0.72029E+02    0.11136E-02
    0.72753E+02    0.10833E-02
    0.73484E+02    0.10538E-02
    0.74223E+02    0.10250E-02
    0.74969E+02    0.99707E-03
    0.75722E+02    0.96987E-03
    0.76483E+02    0.94339E-03
    0.77252E+02    0.91764E-03
    0.78029E+02    0.89257E-03
    0.78813E+02    0.86818E-03
    0.79605E+02    0.84445E-03
    0.80405E+02    0.82135E-03
    0.81213E+02    0.79888E-03
    0.82029E+02    0.77702E-03
    0.82853E+02    0.75574E-03
    0.83686E+02    0.73504E-03
    0.84527E+02    0.71490E-03
    0.85377E+02    0.69530E-03
    0.86235E+02    0.67623E-03
    0.87102E+02    0.65768E-03
    0.87977E+02    0.63963E-03
    0.88861E+02    0.62206E-03
    0.89754E+02    0.60497E-03
    0.90656E+02    0.58834E-03
    0.91567E+02    0.57216E-03
    0.92487E+02    0.55642E-03
    0.93417E+02    0.54111E-03
    0.94356E+02    0.52621E-03
    0.95304E+02    0.51171E-03
    0.96262E+02    0.49761E-03
    0.97230E+02    0.48388E-03
    0.98207E+02    0.47053E-03
    0.99194E+02    0.45755E-03
    0.10019E+03    0.44491E-03
    0.10120E+03    0.43262E-03
    0.10221E+03    0.42066E-03
    0.10324E+03    0.40902E-03
    0.10428E+03    0.39770E-03
    0.10533E+03    0.38669E-03
    0.10639E+03    0.37598E-03
    0.10746E+03    0.36556E-03
    0.10854E+03    0.35542E-03
    0.10963E+03    0.34556E-03
    0.11073E+03    0.33596E-03
    0.11184E+03    0.32663E-03
    0.11296E+03    0.31755E-03
    0.11410E+03    0.30872E-03
    0.11525E+03    0.30013E-03
    0.11640E+03    0.29177E-03
    0.11757E+03    0.28364E-03
    0.11876E+03    0.27573E-03
    0.11995E+03    0.26804E-03
    0.12116E+03    0.26055E-03
    0.12237E+03    0.25328E-03
    0.12360E+03    0.24620E-03
    0.12485E+03    0.23931E-03
    0.12610E+03    0.23261E-03
    0.12737E+03    0.22610E-03
    0.12865E+03    0.21976E-03
    0.12994E+03    0.21359E-03
    0.13125E+03    0.20760E-03
    0.13257E+03    0.20177E-03
    0.13390E+03    0.19610E-03
    0.13524E+03    0.19058E-03
    0.13660E+03    0.18522E-03
    0.13798E+03    0.18000E-03
    0.13936E+03    0.17492E-03
    0.14076E+03    0.16999E-03
    0.14218E+03    0.16519E-03
    0.14361E+03    0.16052E-03
    0.14505E+03    0.15598E-03
    0.14651E+03    0.15157E-03
    0.14798E+03    0.14727E-03
    0.14947E+03    0.14310E-03
    0.15097E+03    0.13904E-03
    0.15249E+03    0.13509E-03
    0.15402E+03    0.13125E-03
    0.15557E+03    0.12751E-03
    0.15713E+03    0.12388E-03
    0.15871E+03    0.12035E-03
    0.16030E+03    0.11692E-03
    0.16192E+03    0.11358E-03
    0.16354E+03    0.11033E-03
    0.16519E+03    0.10718E-03
    0.16685E+03    0.10411E-03
    0.16852E+03    0.10112E-03
    0.17022E+03    0.98218E-04
    0.17193E+03    0.95397E-04
    0.17366E+03    0.92653E-04
    0.17540E+03    0.89985E-04
    0.17716E+03    0.87391E-04
    0.17894E+03    0.84870E-04
    0.18074E+03    0.82418E-04
    0.18256E+03    0.80035E-04
    0.18439E+03    0.77718E-04
    0.18625E+03    0.75465E-04
    0.18812E+03    0.73275E-04
    0.19001E+03    0.71146E-04
    0.19192E+03    0.69077E-04
    0.19385E+03    0.67065E-04
    0.19580E+03    0.65110E-04
    0.19776E+03    0.63209E-04
    0.19975E+03    0.61362E-04
    0.20176E+03    0.59566E-04
    0.20379E+03    0.57821E-04
    0.20583E+03    0.56124E-04
    0.20790E+03    0.54476E-04
    0.20999E+03    0.52873E-04
    0.21210E+03    0.51316E-04
    0.21424E+03    0.49803E-04
    0.21639E+03    0.48332E-04
    0.21856E+03    0.46902E-04
    0.22076E+03    0.45514E-04
    0.22298E+03    0.44164E-04
    0.22522E+03    0.42853E-04
    0.22748E+03    0.41578E-04
    0.22977E+03    0.40340E-04
    0.23208E+03    0.39137E-04
    0.23441E+03    0.37968E-04
    0.23677E+03    0.36833E-04
    0.23915E+03    0.35730E-04
    0.24155E+03    0.34658E-04
    0.24398E+03    0.33617E-04
    0.24643E+03    0.32606E-04
    0.24891E+03    0.31623E-04
    0.25141E+03    0.30669E-04
    0.25393E+03    0.29742E-04
    0.25649E+03    0.28842E-04
    0.25906E+03    0.27967E-04
    0.26167E+03    0.27118E-04
    0.26430E+03    0.26293E-04
    0.26695E+03    0.25492E-04
    0.26964E+03    0.24715E-04
    0.27235E+03    0.23959E-04
    0.27508E+03    0.23226E-04
    0.27785E+03    0.22514E-04
    0.28064E+03    0.21822E-04
    0.28346E+03    0.21151E-04
    0.28631E+03    0.20499E-04
    0.28919E+03    0.19866E-04
    0.29209E+03    0.19252E-04
    0.29503E+03    0.18655E-04
    0.29799E+03    0.18076E-04
    0.30099E+03    0.17514E-04
    0.30401E+03    0.16969E-04
    0.30707E+03    0.16439E-04
    0.31016E+03    0.15925E-04
    0.31327E+03    0.15426E-04
    0.31642E+03    0.14942E-04
    0.31960E+03    0.14472E-04
    0.32281E+03    0.14016E-04
    0.32606E+03    0.13573E-04
    0.32933E+03    0.13144E-04
    0.33264E+03    0.12727E-04
    0.33599E+03    0.12323E-04
    0.33936E+03    0.11931E-04
    0.34278E+03    0.11550E-04
    0.34622E+03    0.11181E-04
    0.34970E+03    0.10823E-04
    0.35321E+03    0.10476E-04
    0.35676E+03    0.10139E-04
    0.36035E+03    0.98120E-05
    0.36397E+03    0.94950E-05
    0.36763E+03    0.91877E-05
    0.37132E+03    0.88896E-05
    0.37506E+03    0.86005E-05
    0.37882E+03    0.83203E-05
    0.38263E+03    0.80486E-05
    0.38648E+03    0.77852E-05
    0.39036E+03    0.75300E-05
    0.39429E+03    0.72827E-05
    0.39825E+03    0.70431E-05
    0.40225E+03    0.68109E-05
    0.40629E+03    0.65861E-05
    0.41038E+03    0.63683E-05
    0.41450E+03    0.61574E-05
    0.41867E+03    0.59532E-05
    0.42287E+03    0.57555E-05
    0.42712E+03    0.55641E-05
    0.43142E+03    0.53788E-05
    0.43575E+03    0.51995E-05
    0.44013E+03    0.50260E-05
    0.44455E+03    0.48581E-05
    0.44902E+03    0.46956E-05
    0.45354E+03    0.45384E-05
    0.45809E+03    0.43864E-05
    0.46270E+03    0.42393E-05
    0.46735E+03    0.40971E-05
    0.47205E+03    0.39595E-05
    0.47679E+03    0.38265E-05
    0.48158E+03    0.36978E-05
    0.48642E+03    0.35735E-05
    0.49131E+03    0.34533E-05
    0.49625E+03    0.33370E-05
    0.50123E+03    0.32247E-05
    0.50627E+03    0.31161E-05
    0.51136E+03    0.30112E-05
    0.51650E+03    0.29098E-05
