0.00001037184345278781	32.48642776867339
0.00001046407425716529	52.68424406756827
0.000010557125216736457	50.03337283289311
0.000010651003624667081	50.465113459079845
0.000010745716838976756	50.897581931114075
0.00001084127228311575	51.33376660058083
0.000010937677446546777	51.774230304163765
0.000011034939885331955	52.219819723888186
0.000011133067222725169	52.669010886446976
0.00001123206714976941	53.12236476183086
0.000011331947425899729	53.579773913993726
0.000011432715879551343	54.039290453723304
0.000011534380408773153	54.502919608333215
0.000011636948981846925	54.97363363108527
0.00001174042963791166	55.44575239730737
0.000011844830487593838	55.921729342046156
0.000011950159713643045	56.40314069459753
0.000012056425571573264	56.888691441901045
0.000012163636390310075	57.37704478605898
0.000012271800572843288	57.868634702501794
0.000012380926596885729	58.36498366066633
0.00001249102301553753	58.867050785056534
0.000012602098457956664	59.374661289702225
0.000012714161630035213	59.88682765526409
0.000012827221315081656	60.39999694026291
0.000012941286374509442	60.91979223743539
0.000013056365748531354	61.4413780957978
0.000013172468456860405	61.96964267939903
0.000013289603599416613	62.50395328872786
0.000013407780357040384	63.039739389401795
0.00001352700799221203	63.57979482590116
0.00001364729584977767	64.12952912712824
0.000013768653357681831	64.68037418006668
0.000013891090027706203	65.23337910907362
0.000014014615456215319	65.79704832402423
0.000014139239324908628	66.36144679546186
0.000014264971401579264	66.93127599256253
0.000014391821540879791	67.50844352731075
0.0000145197996850944	68.08831932763269
0.000014648915864918335	68.67126258395987
0.000014779180200244018	69.2616756032667
0.000014910602900954138	69.85843163009962
0.000015043194267722072	70.45885340283877
0.000015176964692819019	71.06277974109396
0.000015311924660928744	71.67252322070728
0.00001544808474996913	72.28977419688803
0.000015585455631921448	72.91284172597251
0.000015724048073666725	73.53900929693539
0.000015863872937829552	74.16951084901162
0.000016004941183629664	74.80829359000701
0.000016147263867740686	75.4500169758227
0.00001629085214515697	76.10037258127866
0.00001643571727006765	76.75480839983892
0.000016581870596738946	77.41339156011614
0.00001672932358040401	78.07895598837574
0.000016878087778160652	78.75146859765402
0.000017028174849877402	79.42833150415545
0.000017179596559107126	80.10908137161053
0.000017332364774009253	80.79613983904315
0.000017486491468279893	81.49149091540784
0.000017641988722090213	82.19134216842846
0.000017798868723033486	82.89985603197323
0.000017957143767080063	83.6121882307534
0.000018116826259541358	84.33018502193659
0.00001827792871604203	85.05648798698064
0.00001844046376350086	85.7878867772887
0.000018604444141120647	86.52438699874625
0.00001876988270138641	87.26753066554674
0.000018936792411073024	88.01632674408428
0.000019105186352261253	88.77467683754993
0.00001927507772336334	89.53719867965455
0.00001944647984015738	90.30727327274965
0.00001961940613683087	91.08327553591275
0.000019793870167033913	91.86456124607886
0.000019969885604941226	92.65518328055117
0.00002014746624632421	93.44945219365361
0.000020326626009631934	94.25390948164066
0.00002050737893708229	95.06575730861181
0.000020689739195762483	95.88118885710615
0.00002087372107873934	96.70608316319779
0.00002105933900617979	97.53765798517858
0.00002124660752648083	98.37473623671023
0.000021435541317410043	99.21974658578279
0.00002162615518725591	100.07229118822396
0.000021818464075988345	100.93551368842645
0.000022012483056429924	101.80373367070959
0.000022208227335436955	102.68060558892316
0.00002240571225509165	103.56292766734389
0.000022604953293904477	104.45338560677858
0.000022805966068027227	105.34745297535058
0.000023008766332477253	106.24714831372516
0.00002321336998237201	107.16129446926871
0.000023419793054175194	108.08599885814826
0.000023628051726953336	109.01242578818162
0.000023838162323644168	109.95207397983467
0.000024050141312335872	110.89766360195894
0.00002426400530755768	111.85190975915359
0.00002447977107158239	112.813041312392
0.000024697455515739837	113.78194093925195
0.000024917075701742687	114.75904769877644
0.000025138648843023383	115.74264290798392
0.000025362192306083596	116.73682076768135
0.000025587723611855248	117.74519399138133
0.000025815260437073646	118.75481759413711
0.000026044820615663255	119.77818414402005
0.000026276422140135128	120.80619535662443
0.000026510083162997463	121.84100883003943
0.000026745821998178196	122.88941046198721
0.000026983657122460306	123.94770141240542
0.000027223607176930292	125.00977661329219
0.00002746569096843887	126.08318870627753
0.000027709927471075345	127.17185092579116
0.000027956335827654613	128.25891080976766
0.000028204935351217415	129.36262983512225
0.000028455745526544383	130.47368296813625
0.000028708786011682838	131.59782907470358
0.00002896407663948794	132.73222651581102
0.000029221637419176757	133.8698577350246
0.00002948148853789691	135.0228043965738
0.000029743650362308637	136.18287112997805
0.00003000814344018095	137.35038577954813
0.00003027498850200251	138.5337118425265
0.00003054420646260599	139.72652903487287
0.00003081581842280779	140.9270038486762
0.00003108984567106147	142.13502842655717
0.00003136630968512662	143.35492920580342
0.00003164523213375216	144.58934515006302
0.000031926634878374474	145.83223404918428
0.00003221053997483128	147.08817057957185
0.000032496969675089866	148.3526285356391
0.000032785946428991654	149.62521319124687
0.000033077492886011257	150.9136826578956
0.00003337163189703215	152.21166609789253
0.000033668386516137507	153.51562733984113
0.00003396778000241694	154.83206045608972
0.000034269835821789865	156.16553909132514
0.00003457457764884456	157.51203358981593
0.00003488202936869353	158.86770646661122
0.00003519221507884602	160.22903626872008
0.00003550515909109624	161.60350461141877
0.000035820885933429366	162.99187868476298
0.00003613942035194351	164.39142491806174
0.000036460787312789704	165.80567795763326
0.000036785012004128534	167.2344990299014
0.00003711211983810412	168.66945933649535
0.00003744213645283636	170.11589635249126
0.00003777508771442984	171.58613530183806
0.00003811099971900172	173.0548851136692
0.00003844989879472658	174.54366899000715
0.000038791811503900416	176.04462915501927
0.00003913676464502237	177.55685044840877
0.00003948478525489491	179.08309502543312
0.00003983590061074346	180.6200559067592
0.00004019013823235371	182.17067772797424
0.00004054752588422921	183.74038027631465
0.00004090809157776686	185.3132143261144
0.000041271863573452946	186.9133968716713
0.000041638870383077904	188.5230273857323
0.00004200914077197081	190.13758195419874
0.00004238270376125441	191.7706278953927
0.00004275958863011947	193.42092505523559
0.00004313982491811948	195.07897203610722
0.000043523442427486374	196.75748973930072
0.00004391047122546579	198.4490554526927
0.00004430094164667431	200.1540377011242
0.00004469488429547639	201.87640039739196
0.00004509233004838364	203.6091210630237
0.000045493310056474615	205.35999951584344
0.00004589785574783617	207.12468466742135
0.00004630599883002728	208.90225689504413
0.00004671777129256355	210.7026001323477
0.00004713320540942521	212.5092072993932
0.000047552333741585964	214.33445669944425
0.000047975189139565684	216.18342285936282
0.000048401804746004914	218.0373548695688
0.00004883221399826228	219.90788238716172
0.00004926645063103583	221.8011008362004
0.00004970454867900642	223.70741245408288
0.000050146542479505995	225.62574186764115
0.00005059246667520818	227.5675013045876
0.00005104235621684411	229.5245987269709
0.00005149624636594157	231.49772766981184
0.00005195417269758844	233.48704183832007
0.00005241617110322154	235.49235301365525
0.000052882277793439496	237.51822763654337
0.00005335252930084056	239.5575186323317
0.0000538269624828866	241.6117822236562
0.00005430561452479123	243.6899717921687
0.00005478852294243502	245.78478509556842
0.00005527572558530517	247.89806870578755
0.0000557672606394628	250.03275161905566
0.000056263166630535555	252.17836517305074
0.00005676348242673692	254.34295617808453
0.000057268247241913305	256.5273665779766
0.00005777750063861679	258.7358851206119
0.00005829128253120673	260.9610209626647
0.00005880963318897741	263.1962807506316
0.00005933259323931493	265.4649732915971
0.000059860203670881267	267.73979730928954
0.000060392505836826514	270.0509018587149
0.00006092954145803086	272.3691464539825
0.0000614713526263737	274.70238669579356
0.00006201798180803362	277.06159567037247
0.0000625694718468159	279.44801088506097
0.00006312586596751135	281.85420541410934
0.00006368720777928384	284.2753915934216
0.00006425354127908797	286.7212600438213
0.00006482491085511825	289.1800753385201
0.0000654013612902873	291.66392048367356
0.00006598293776573658	294.170782479173
0.00006656968586437736	296.6954692666737
0.00006716165157446298	299.24605271937816
0.00006775888129319421	301.82043496194586
0.00006836142183035478	304.41205504887085
0.00006896932041198116	307.02966308104004
0.0000695826246840636	309.66689213088057
0.00007020138271628026	312.33157967702857
0.00007082564300576559	315.01184116816927
0.00007145545448091052	317.7184988575504
0.00007209086650519839	320.4474444585633
0.0000727319288810729	323.2009189069416
0.00007337869185384246	325.9809553664174
0.00007403120611561799	328.78099697168335
0.00007468952280928557	331.6026096105964
0.00007535369353251596	334.4542070543873
0.00007602377034180762	337.3274930981729
0.00007669980575656786	340.22618087223833
0.00007738185276322817	343.1475062960103
0.00007806996481939814	346.09664924563623
0.00007876419585805493	349.0752783062012
0.0000794646002917701	352.07724604412374
0.00008017123301697513	355.10032960850305
0.00008088414941826371	358.1500865676065
0.0000816034053727324	361.21981876465185
0.00008232905725436045	364.3249767646274
0.00008306116193842862	367.46057660321503
0.00008379977680597661	370.6186032798751
0.00008454495974830009	373.8017927311342
0.00008529676917148897	377.0127128821005
0.00008605526400100475	380.25068585628804
0.0000868205036862985	383.51714790118774
0.00008759254820547151	386.81081534342553
0.00008837145806997497	390.13903355837186
0.00008915729432935409	393.49017019723897
0.00008995011857603167	396.87084322725354
0.00009074999295013684	400.283832812343
0.00009155698014437491	403.7236935829832
0.00009237114340894069	407.18846573419904
0.00009319254655647702	410.6845676905775
0.00009402125396707504	414.2159682498011
0.00009485733059332145	417.776296402678
0.00009570084196538803	421.36646716103263
0.000096551854196169	424.9815312563158
0.00009741043398646233	428.6329994022426
0.00009827664863019706	432.3145397362025
0.00009915056601970873	436.0253351435743
0.0001000322546510602	439.78018096273473
0.00010092178362940978	443.56768489900577
0.00010181922267442802	447.35134138533715
0.0001027246421257625	451.20417741480315
0.00010363811294855064	455.09060921473326
0.00010455970673898118	458.98232822151544
0.00010548949572990696	462.92780979765286
0.00010642755279650574	466.92494236856135
0.00010737395146199158	470.93212435020985
0.00010832876590337868	474.9659586892779
0.00010929207095729373	479.0666094805112
0.00011026394212584308	483.17349786105007
0.00011124445558252881	487.31644423595077
0.00011223368817822053	491.49399593020667
0.00011323171744717812	495.7136563349913
0.00011423862161312825	499.9778585276446
0.00011525447959539671	504.28328628642873
0.00011627937101509239	508.6091589272044
0.0001173133762013495	512.9674649864237
0.0001183565761976219	517.3973826205604
0.00011940905276803665	521.836075043624
0.00012047088840380194	526.3129580550526
0.00012154216632967185	530.8460423369922
0.00012262297051047075	535.3898349436672
0.00012371338565767362	539.9717371789993
0.00012481349723604513	544.6020739430769
0.00012592339147033866	549.2778603423502
0.00012704315535205495	554.007140899689
0.00012817287664625975	558.7728017473494
0.00012931264389846216	563.5611759040455
0.00013046254644155596	568.3983628210549
0.0001316226744028206	573.2950339848026
0.00013279311871098475	578.2148719035179
0.00013397397110335443	583.1701637730984
0.0001351653241330016	588.1849122353835
0.00013636727117602015	593.2420246827928
0.0001375799064388425	598.3233936545275
0.0001388033249656252	603.4666796721657
0.0001400376226456974	608.6617058185692
0.00014128289622107598	613.8823798863567
0.00014253924329404952	619.1622959693848
0.00014380676233482633	624.4702466728762
0.00014508555268925432	629.8296575058448
0.0001463757145866055	635.2372004031223
0.00014767734914743373	640.6754679724022
0.00014899055839149927	646.1803811498605
0.00015031544524576445	651.746970779171
0.0001516521135524623	657.3513427927057
0.00015300066807723476	662.9766213165029
0.00015436121451734345	668.6692152445376
0.00015573385950995463	674.4053838281453
0.00015711871064049776	680.1923912454397
0.0001585158764510973	686.0313856137558
0.00015992546644907912	691.9142890993614
0.0001613475911155553	697.8686472481844
0.0001627823619140826	703.8549819428802
0.00016422989129939773	709.8827910992695
0.00016569029272623357	715.9870028833047
0.00016716368065820917	722.1327439343529
0.0001686501705768034	728.3449254676199
0.00017014987899040404	734.5987116413316
0.00017166292344344142	740.882809479215
0.0001731894225256005	747.23731397923
0.0001747294958811148	753.6466486670939
0.00017628326421814607	760.1283019919714
0.00017785084931824262	766.6652503333264
0.00017943237404588691	773.250429132858
0.0001810279623581229	779.8834951432227
0.0001826377393142738	786.5627365431098
0.00018426183108574305	793.3108816162027
0.0001859003649659024	800.1209007510607
0.00018755346938007097	806.9665897252985
0.00018922127389557985	813.904920312948
0.00019090390923192692	820.8925775406497
0.00019260150727102283	827.931202764488
0.00019431420106752852	835.0369675982511
0.00019604212485928305	842.2006734318906
0.0001977854140778239	849.41582890072
0.00019954420535900388	856.690549997423
0.00020131863655369945	864.0474299373635
0.00020310884673861414	871.4900259997657
0.00020491497622718153	878.9609248695511
0.00020673716658055994	886.497504321815
0.00020857556061873076	894.0984612323626
0.00021043030243168926	901.7744870263828
0.00021230153739074087	909.4919438034094
0.00021418941215989393	917.2783528910892
0.00021609407470735386	925.1614319025034
0.00021801567431712328	933.1085537672465
0.00021995436160069949	941.1003499545615
0.0002219102885088823	949.1630083591665
0.00022388360834368055	957.3034290201651
0.00022587447577033034	965.524425602502
0.00022788304682941623	973.7963005074563
0.00022990947894910025	982.1347269172693
0.00023195393095746324	990.5578405106854
0.00023401656309495226	999.0481920865112
0.00023609753702693917	1007.5920686503391
0.00023819701585639248	1016.2242439428517
0.00024031516413666187	1024.96225821828
0.00024245214788437482	1033.7469582866927
0.00024460813459244727	1042.5478243738746
0.0002467832932432142	1051.5251217768566
0.00024897779432167267	1060.575630753565
0.0002511918098288429	1069.6279910788433
0.0002534255132952524	1078.7563297607658
0.0002556790797945336	1088.0038741133674
0.0002579526859571493	1097.4163785358735
0.0002602465099842329	1106.7683078037683
0.0002625607316615589	1116.250000066126
0.00026489553237363245	1125.7736424969683
0.0002672510951179052	1135.4444881953925
0.0002696276045191208	1145.1809942743575
0.0002720252468437822	1154.9856557633584
0.00027444421001475455	1164.9245610279247
0.00027688468362599037	1174.8679834911982
0.000279346858957393	1184.9652720261079
0.0002818309289898073	1195.0441061039955
0.00028433708842014367	1205.2667018316574
0.0002868655336766411	1215.6128647143667
0.00028941646293426115	1226.0148724399428
0.0002919900761302198	1236.4917403762881
0.00029458657497965894	1247.0646320840199
0.00029720616299145757	1257.73697546894
0.0002998490454841815	1268.5500564866727
0.0003025154296021742	1279.3555146689212
0.0003052055243317955	1290.3254391774988
0.0003079195405178001	1301.3512685548985
0.00031065769087986204	1312.467794948563
0.0003134201900292483	1323.745618771997
0.00031620725448564105	1335.082327028906
0.00031901910269410645	1346.4471501521346
0.00032185595504221476	1357.9712077936376
0.0003247180338773172	1369.5827166672589
0.00032760556352397116	1381.3650902376842
0.00033051877030152094	1393.1517178371757
0.0003334578825418403	1405.0572142670355
0.00033642313060722374	1417.0654313245957
0.0003394147469084465	1429.1979372358833
0.0003424329659229774	1441.3999891292974
0.00034547802421335775	1453.6907441798046
0.000348550160445743	1466.199026180385
0.0003516496154086082	1478.680895209015
0.0003547766320316223	1491.3126538152135
0.000357931455404685	1504.0422831752364
0.0003611143327971412	1516.863840821585
0.00036432551367715743	1529.8155541583774
0.00036756524973127655	1542.9272393253736
0.0003708337948841455	1556.1050703146839
0.0003741314053184138	1569.3441085842765
0.0003774583394948177	1582.8225178537311
0.00038081485817243366	1596.2809083349484
0.0003842012244291183	1609.8917573357435
0.00038761770368212726	1623.6942730926776
0.00039106456370891814	1637.5650717459137
0.00039454207466813984	1651.512547465342
0.0003980505091208035	1665.5761156128099
0.0004015901420516501	1679.7967637863212
0.0004051612508906994	1694.1759667244082
0.0004087641155349959	1708.5994785407877
0.00041239901837054806	1723.1390201254965
0.00041606624429445726	1737.8060803057501
0.0004197660807372524	1752.6315606226615
0.00042349881768541457	1767.633713523123
0.00042726474770410713	1782.6877540845487
0.0004310641659601062	1797.8437874369185
0.00043489737024493503	1813.1844125931761
0.00043876466099820606	1828.6204460736697
0.00044266634133116476	1844.228988765258
0.00044660271705045226	1859.975906346653
0.00045057409668206977	1875.8143008886236
0.0004545807914955617	1891.7920099207658
0.00045862311552841405	1907.846992004417
0.0004627013856106639	1924.0447565796978
0.00046681592138973706	1940.4648917517065
0.0004709670453554977	1957.0174461148515
0.00047515508286552613	1973.6146518023295
0.00047938036217061935	1990.4465298212265
0.0004836432144405185	2007.3415346158126
0.0004879439737898672	2024.3812687943034
0.0004922829773043947	2041.6062617323332
0.0004966605650673411	2058.9711738063434
0.0005010770801861089	2076.4999517471815
0.0005055328688191558	2094.1556072957424
0.0005100282802031285	2111.901550761652
0.00051456366668023	2129.8842944432777
0.0005191393837258419	2147.9736371075282
0.0005237557899763805	2166.190876033545
0.0005284132472574095	2184.6191672183213
0.0005331121206119974	2203.18820335104
0.0005378527783293295	2221.87973328473
0.0005426355919735754	2240.727410939388
0.0005474609364130068	2259.7349602088434
0.0005523291898493853	2278.8882155640963
0.0005572407338476003	2298.213607283433
0.0005621959533655773	2317.680644197833
0.0005671952367844495	2337.320381960144
0.0005722389759390005	2357.1912184996963
0.0005773275661483724	2377.1685397588194
0.0005824614062470522	2397.2465543880444
0.0005876408986161313	2417.540667741696
0.0005928664492148437	2438.0587116381103
0.0005981384676123829	2458.7019178078676
0.0006034573670200064	2479.532701100849
0.0006088235643234188	2500.485918729037
0.0006142374801154485	2521.625547155671
0.0006196995387290126	2542.982368335957
0.0006252101682703755	2564.4498938709094
0.0006307698006527024	2586.0851099888655
0.0006363788716299141	2607.9700788609675
0.0006420378208308373	2630.038948546579
0.000647747091793664	2652.231747548202
0.000653507132000715	2674.6169372741338
0.0006593183929135125	2697.1711458114096
0.000665181330008164	2719.982233849849
0.0006710964028110646	2742.9324881302355
0.0006770640749349102	2766.054281550589
0.0006830848141150363	2789.389698683153
0.0006891590922460787	2812.899621311575
0.0006952873854189591	2836.5900020872587
0.0007014701739581995	2860.5360639887845
0.0007077079424595722	2884.601504986254
0.0007140011798280775	2908.9069395596134
0.0007203503793162654	2933.4089059463195
0.000726756038562896	2958.1221251123256
0.0007332186596319426	2982.99003527199
0.0007397387490519425	3008.066537190037
0.0007463168178557005	3033.3661894766624
0.0007529533816203381	3058.7992024154046
0.0007596489605077068	3084.5186679124286
0.0007664040793051568	3110.4264225043435
0.0007732192674666682	3136.541323984122
0.0007800950591543487	3162.8529540118143
0.0007870319932803026	3189.382485568216
0.0007940306135488659	3216.1706741180296
0.0008010914684992232	3243.173868082422
0.000808215111548401	3270.3369837991986
0.0008154021010346432	3297.7247521999097
0.000822653000261172	3325.380242786122
0.0008299683775403415	3353.156436163932
0.0008373488062381767	3381.257114318575
0.0008447948648193158	3409.526206699353
0.0008523071368923482	3438.0027463035235
0.000859886211255557	3466.7190088734505
0.0008675326819430673	3495.6652193085515
0.0008752471482714081	3524.886670813051
0.0008830302148864814	3554.401349480782
0.0008908824918109562	3584.089993305016
0.0008988045944920802	3613.9802423193105
0.0009067971438499177	3644.102821550282
0.000914860766326015	3674.4635429037016
0.0009229960939325031	3705.0638143192714
0.0009312037643016288	3735.906017964045
0.0009394844207357349	3766.989972080276
0.000947838712257679	3798.3366912635956
0.0009562672936617047	3829.9686058790157
0.0009647708255647609	3861.734764407868
0.0009733499744582806	3893.8373699127724
0.0009820054127604224	3926.177736853176
0.0009907378188687675	3958.805203746865
0.0009995478772134956	3991.7300560324634
0.001008436278311028	4024.8871148978624
0.0010174037188181492	4058.249235535151
0.0010264509015866083	4091.8526908817817
0.0010355785357182114	4125.705356098018
0.0010447873366203945	4159.895625201966
0.0010540780260622983	4194.0180707603595
0.001063451332231339	4228.67258621681
0.001072907989790283	4263.719968604002
0.001082448739934826	4299.015247104047
0.0010920743304516916	4334.445574512535
0.001101785515777235	4370.10072578008
0.0011115830570565788	4406.329460777769
0.0011214677222032687	4442.504303409746
0.0011314402859594615	4478.940212187862
0.0011415015299566466	4516.030509767733
0.0011516522427769133	4553.31678926613
0.0011618932200147527	4590.54159120152
0.0011722252643394176	4628.117899769266
0.001182649185557835	4666.305562007377
0.0011931658006780759	4704.732739027385
0.0012037759339733904	4743.178781438702
0.0012144804170468179	4782.017624247645
0.0012252800888963584	4821.2500092639275
0.0012361757959807374	4860.484033234088
0.0012471683922857478	4900.333535778179
0.001258258739391185	4940.48960568894
0.0012694477065383729	4980.797906824877
0.0012807361706982999	5021.505070750307
0.0012921250166403465	5062.4877810928965
0.0013036151370016365	5103.671002156444
0.001315207432357	5145.264768714815
0.0013269028112895568	5187.191307591509
0.001338702190461931	5229.327734289395
0.0013506064946881	5271.742804751428
0.0013626166570058736	5314.623356968928
0.0013747336187500284	5357.787824107924
0.0013869583296260862	5401.113247949481
0.0013992917477847514	5444.968544757689
0.0014117348398970068	5489.226396564387
0.0014242885812298847	5533.5345402238345
0.001436953955722899	5578.0375402039945
0.0014497319560651707	5623.2294988114
0.0014626235837732302	5668.58935249034
0.0014756298492695152	5714.26226650319
0.0014887517719615643	5760.479171128815
0.001501990380321922	5806.851813876883
0.0015153467119687404	5853.389287554842
0.00152882181374711	5900.558831331306
0.0015424167418111097	5947.805147727508
0.0015561325617065864	5995.57627975477
0.0015699703484546672	6043.6071571770635
0.0015839311866360257	6092.0074936254705
0.0015980161704758785	6140.806283354845
0.001612226403929757	6189.824998949462
0.0016265630007700294	6239.138036726993
0.001641027084673198	6289.003551513827
0.001655619789307968	6339.066952104172
0.0016703422584241105	6389.3327942348105
0.0016851956459420958	6440.147746905334
0.0017001811160435437	6491.336933824952
0.0017152998432624677	6542.957152174026
0.0017305530125773325	6594.96122474163
0.00174594181950393	6647.2469900127035
0.0017614674701890865	6699.898575766303
0.0017771311815051902	6752.715283128859
0.0017929341811455724	6805.865761486998
0.001808877707720732	6859.624754926413
0.001824963010855414	6913.777912108987
0.0018411913512865515	6968.203151235201
0.001857564000962088	7022.9401264626595
0.001874082243140658	7078.04288151578
0.0018907473724921753	7133.468275700488
0.0019075606951993041	7189.2355565334265
0.0019245235290598353	7245.635537633896
0.0019416372035899719	7302.113223683229
0.0019589030601285403	7359.124334381074
0.001976322451942112	7416.6598109766655
0.0019938967443310783	7474.33017663525
0.002011627314736655	7532.3643609877745
0.0020295155528488474	7590.9733283093665
0.002047562860715368	7649.837543946274
0.002065770652851534	7708.969769064143
0.002084140356351123	7768.703980509443
0.0021026734109982357	7828.564411974418
0.0021213712693801375	7889.159541821585
0.0021402353970011146	7949.99229321336
0.002159267272397332	8011.099865635454
0.0021784683872527267	8072.63144302849
0.002197840246515913	8134.461095218558
0.0022173843685181454	8196.657750463379
0.002237102285092319	8259.538340875555
0.002256995541693033	8322.59286279987
0.002277065697517718	8386.012376910072
0.0022973143256288524	8449.982801098991
0.0023177430130772426	8514.17671296762
0.002338353361026422	8578.741740842715
0.002359146984878145	8643.826179196529
0.0023801255143990003	8709.268242822945
0.002401290593848144	8775.033929436955
0.0024226438821061866	8841.225004862743
0.002444187052805196	8908.011069161374
0.002465921794459885	8974.984309909714
0.002487849810599951	9042.238008015824
0.0025099728199035956	9110.1152350757
0.002532292556332229	9178.350930413426
0.0025548107692663848	9246.830040912913
0.0025775292236428172	9315.849398713925
0.0026004497000928464	9385.304968461885
0.0026235739950819163	9455.127027285707
0.0026469039210503973	9525.163656577693
0.002670441306555644	9595.564410821627
0.0026941879964153185	9666.49296922823
0.002718145851851974	9737.957252458407
0.00274231675063894	9809.712185164974
0.0027667025872474996	9881.780000997593
0.0027913052729953715	9954.367074348935
0.002816126736196517	10027.235854362882
0.0028411689223122832	10100.707878837902
0.0028664337941038736	10174.092017439654
0.0028919233317861942	10248.423314550233
0.002917639533183056	10322.748737288273
0.0029435844138837623	10397.611007631347
0.002969760007401083	10472.898352279115
0.0029961683653306486	10548.31043640082
0.003022811557511736	10624.618848204957
0.0030496916721895065	10700.900685066856
0.003076810816178679	10777.790764553147
0.003104171115028657	10854.909589600229
0.0031317747131901215	10932.599454434841
0.0031596237741831224	11010.432784734268
0.0031877204807666333	11088.774226422862
0.0032160670351096435	11167.615292924987
0.003244665658963757	11246.710200474781
0.00327351859383733	11326.541726209758
0.003302628101171153	11406.159579690526
0.0033319964625157105	11485.816873154183
0.003361625979709986	11566.296052232201
0.003391518975061889	11647.530330876078
0.0034216777915302703	11728.961945317089
0.0034521047929085584	11810.989974680168
0.003482802364010026	11893.127384221845
0.0035137729108547203	11974.875053158985
0.0035450188608580234	12058.107256298123
0.003576542663020922	12141.370637511427
0.0036083467881219515	12224.495774998906
0.003640433728910852	12308.503115120417
0.003672806000303942	12392.617919765229
0.0037054661395812447	12477.315255031253
0.003738416706585339	12562.470528093792
0.003771660283922004	12647.810267061772
0.003805199477162641	12733.7833017349
0.0038390369150484885	12819.654338852117
0.003873175249696657	12905.48647304837
0.003907617156808012	12992.099949706817
0.003942365335876867	13078.939222756171
0.003977422510402583	13166.450516217425
0.004012791428103021	13254.165327598963
0.004048474861129913	13341.766554781801
0.004084475606286125	13429.710897225525
0.004120796485244886	13518.414568759588
0.004157440344770922	13608.034910843682
0.004194410056943593	13696.566088282687
0.004231708519382002	13785.855526174204
0.0042693386554720995	13875.890425172207
0.004307303414595815	13966.309443154025
0.0043456057723622364	14056.726412818658
0.00438424873084081	14147.034736430476
0.004423235318796654	14237.620396314382
0.004462568591927941	14328.83369339696
0.004502251633105401	14420.115050836652
0.004542287552613947	14512.342958775927
0.004582679488396467	14604.36609927505
0.004623430606299748	14696.508018356173
0.004664544100322628	14789.167613463418
0.004706023192866327	14882.18435054728
0.004747871134987014	14975.217515555594
0.004790091206650617	15068.219683274696
0.004832686716989919	15161.424821788904
0.004875661004563888	15255.239894849567
0.004919017437619376	15349.216781641342
0.004962759414355102	15443.137297740017
0.005006890363188002	15537.7158360066
0.005051413743021938	15632.513644433457
0.0050963330435188125	15727.255598424472
0.005141651785372064	15822.121949167833
0.005187373520582622	15917.140959693117
0.005233501832737307	16012.817041671487
0.005280040337289705	16108.52143324838
0.005326992681843534	16203.367857315245
0.0053743625464385564	16299.664083345479
0.005422153643838985	16395.81175064515
0.005470369719824501	16491.427095850813
0.00551901455348384	16587.513742092404
0.005568091957510986	16684.125078921377
0.005617605778504001	16780.635717798643
0.005667559897266533	16877.253897269526
0.005717958229111956	16973.987014086
0.0057688047241702695	17070.528660098844
0.00582010336769769	17167.07460158323
0.005871858180389016	17264.31564915912
0.00592407321869275	17361.400995027776
0.005976752575129064	17458.355257077335
0.006029900378610528	17555.83419244163
0.0060835207947657465	17652.479282517575
0.0061376180262658515	17750.0145776097
0.006192196313153898	17847.60891876041
0.0062472599331771855	17944.258720002108
0.0063028132021225635	18041.511932826714
0.006358860474154658	18139.204829753515
0.006415406142157172	18236.31636176188
0.0064724546380771795	18333.239410176368
0.006530010433272496	18430.635265782854
0.006588078038862133	18527.361299160788
0.006646662006079887	18624.911254984367
0.00670576692663103	18721.6056750699
0.006765397433052218	18818.26322024335
0.006825558199074574	18914.964015125155
0.006886253939990011	19011.6898967328
0.006947489413020799	19108.01708263585
0.00700926941769245	19204.11520963655
0.007071598796209865	19300.70244999198
0.007134482433836875	19396.464445453596
0.007197925259279139	19492.282181177
0.0072619322450704436	19588.18474767328
0.007326508407962436	19683.29237502221
0.007391658809317852	19778.230587357993
0.007457388555507182	19873.269450387677
0.007523702798308917	19968.27423094535
0.007590606735313341	20063.01411970877
0.007658105610329895	20157.086445988945
0.007726204713798182	20251.169840192546
0.007794909383202643	20345.265490601683
0.007864225003490861	20438.557696007356
0.007934157007495647	20531.814857195837
0.008004710876360855	20624.57802283169
0.008075892139970982	20716.898422939987
0.008147706377384576	20808.9327193157
0.008220159217271553	20900.42086050872
0.008293256338354309	20991.79632114734
0.008367003469852845	21082.3870392829
0.008441406391933798	21173.066381465087
0.008516470936163485	21262.954865678723
0.00859220298596496	21352.78944791624
0.008668608477079178	21441.518643187293
0.008745693398030186	21529.819137299244
0.008823463790594512	21618.24009466907
0.008901925750274715	21705.288369037688
0.008981085426777129	21792.29840522408
0.009060949024493859	21878.57161024522
0.009141522802989107	21964.938357092386
0.009222813077489737	22049.797145193566
0.009304826219380273	22134.21904308873
0.009387568656702285	22218.323944920216
0.009471046874658193	22301.58410296932
0.009555267416119574	22384.012596551813
0.009640236882139963	22465.86680650672
0.009725961932472276	22547.684379918504
0.009812449286090737	22627.87512230773
0.009899705721717524	22708.065547207872
0.009987738078354071	22787.230090660858
0.010076553255817099	22864.963214742274
0.010166158215279395	22942.254467193823
0.010256559979815458	23018.959234656606
0.010347765634951902	23094.419555854438
0.010439782329222836	23169.69519086293
0.010532617274730148	23243.518695001712
0.010626277747708777	23316.615831000796
0.010720771089097	23389.038449722146
0.010816104705111844	23460.05202668674
0.010912286067829506	23530.060757523723
0.01100932271577105	23599.051006661353
0.011107222254493242	23667.200944845394
0.01120599235718467	23734.963281999455
0.011305640765267133	23801.14852038057
0.011406175289002451	23866.133319671666
0.011507603808104555	23929.5732960845
0.011609934272357122	23992.757781729022
0.011713174702236658	24054.403513920668
0.011817333189541125	24114.483251904363
0.011922417898024156	24173.5434739884
0.012028437064034954	24231.550909227328
0.012135398997163777	24288.481094457547
0.012243312080893277	24344.265094540016
0.012352184773255566	24397.692070281442
0.012462025607495143	24450.819503942632
0.012572843192737703	24502.73037043848
0.012684646214664948	24552.84146820273
0.012797443436195294	24601.256659219707
0.01291124369817073	24648.635069886783
0.013026055920049741	24695.069946391883
0.013141889100606393	24739.69578175065
0.013258752318635636	24782.883880306035
0.013376654733664926	24824.615627204916
0.013495605586672062	24864.565369081432
0.013615614200809532	24903.749999647567
0.013736689982135217	24941.27420693865
0.013858842420349633	24976.189857248824
0.013982081089539704	25009.399097457404
0.014106415648929206	25041.601867149122
0.014231855843635767	25071.345437236636
0.014358411505434723	25099.66861867863
0.0144860925535297	25125.682676421555
0.014614908995330064	25150.030041891074
0.014744870927235271	25172.15597397953
0.014875988535426259	25192.986465544953
0.015008272096663736	25212.338563221307
0.015141731979093718	25229.51692265144
0.015276378643060142	25245.17287096588
0.015412222641924735	25259.312271822375
0.015549274622894151	25271.846445635896
0.015687545327854536	25283.678329367027
0.01582704559421337	25294.060620355907
0.015967786355748952	25302.70895858953
0.01610977864346734	25310.919812855558
0.016253033586466948	25318.176862118067
0.016397562412810814	25323.134605290223
0.01654337645040669	25326.612818685175
0.016690487127894806	25328.531253282086
0.016838905975543706	25328.959905659827
0.016988644626153935	25326.257655276644
0.017139714815969806	25321.80388651271
0.01729212838559925	25314.68506262344
0.01744589728094192	25304.84880124853
0.017601033554125404	25292.385683898017
0.017757549364449895	25277.00162357371
0.017915456979341212	25259.16827865533
0.0180747687753123	25237.18000301482
0.018235497238933255	25213.942140704705
0.01839765496781007	25186.893481794355
0.018561254671571915	25157.67714513235
0.018726309172867342	25126.543819030714
0.01889283140836932	25092.530738929872
0.01906083442978915	25055.926332366187
0.019230331404899444	25017.970396906738
0.019401335618566252	24978.28848808581
0.019573860473790197	24935.40439206274
0.01974791949275705	24891.881006585896
0.019923526317897566	24845.43398200617
0.020100694712956738	24797.082224321337
0.020279438564072563	24746.210006021043
0.020459771880864498	24692.833722063537
0.020641708797531366	24637.037178130795
0.020825263573959283	24577.846811037783
0.021010450596839272	24517.146461565644
0.021197284380794885	24453.523580387784
0.0213857795695198	24386.4684741613
0.02157595093692565	24316.160069295995
0.021767813388299865	24242.889142326134
0.021961381961473996	24166.864230689705
0.02215667182800232	24088.014486318545
0.022353698294350983	24006.534521718844
0.02255247680309765	23922.91624887968
0.02275302293414197	23836.509969274146
0.02295535240592655	23748.047416962432
0.023159481076669056	23657.109008655552
0.023365424945605087	23564.37096505459
0.023573200154242212	23469.674289030452
0.02378282298762505	23373.061927526946
0.023994309875611783	23274.76400507872
0.02420767739416174	23174.865017554268
0.024422942266634697	23073.601797301093
0.024640121365101592	22970.593735346225
0.024859231711666933	22866.25254230618
0.025080290479802935	22760.234970352198
0.02530331499569563	22652.106347897046
0.02552832273960274	22541.9490856508
0.025755331347223825	22430.73037525846
0.02598435861108252	22318.42777908733
0.02621542248192109	22203.864239589566
0.026448541070107325	22087.593526772594
0.026683732647054127	21970.34151810866
0.026921015646651433	21851.284494808908
0.027160408666711117	21730.343870601886
0.027401930470424638	21607.877698749664
0.027645599987833665	21483.67228637679
0.02789143631731375	21357.97823085097
0.028139458727071333	21231.006789400682
0.028389686656653784	21102.159201516402
0.02864213971847316	20971.796079167754
0.028896837699343342	20839.053802076047
0.02915380056203091	20705.10370202035
0.029413048446819745	20570.087305682606
0.02967460167308971	20433.68724623299
0.02993848074090908	20295.351195535248
0.030204706332641402	20155.758458700908
0.030473299314566493	20015.418458098462
0.030744280738516035	19873.1731118781
0.03101767184352328	19730.62143674226
0.03129349405748814	19587.26879712095
0.03157176899885621	19442.234447203766
0.03185251847831362	19296.847167818578
0.03213576450049628	19150.919222557077
0.03242152926571444	19004.298905815383
0.032709835171693104	18857.036274788614
0.03300070481532704	18709.022697917077
0.03329416099445239	18560.942799986206
0.03359022670963301	18412.731860353855
0.033888925165963646	18264.796361001594
0.03419027977488853	18116.727620830447
0.03449431415603616	17968.739460684064
0.03480105213907095	17821.293912682853
0.03511051776556049	17674.05911040058
0.03542273529086033	17526.791590869067
0.03573772918601486	17380.24436181574
0.0360555241396751	17234.663321774035
0.036376145060034254	17089.167707991164
0.03669961707677939	16944.52068769118
0.03702596554306164	16801.613810085677
0.03735521603748275	16658.883553178224
0.037687394366100385	16517.00472099072
0.03802252656445057	16376.097776297802
0.038360638899588066	16235.938176256794
0.03870175787214565	16097.893751480879
0.039045910218410605	15959.501214815804
0.03939312291242077	15824.034045575945
0.03974342316807849	15689.155559844794
0.040096838441283415	15555.187744400035
0.040453396432084884	15422.419806012173
0.04081312508685248	15291.29178879072
0.041176052600466986	15161.802053207732
0.041542207418529625	15033.68336050611
0.04191161823959215	14907.40790982537
0.04228431401740592	14782.633986967578
0.04266032396319104	14658.498176499925
0.0430396775479264	14536.558475036638
0.04342240450465894	14416.577617033494
0.043808534830834626	14298.140093593103
0.04419809879064938	14181.257856399005
0.04459112691742084	14066.358833750464
0.04498765001598213	13953.575138664379
0.04538769916509558	13842.30173489479
0.04579130571988933	13733.574764221885
0.0461985013143142	13627.335454198199
0.04660931786362368	13523.366965103365
0.04702378756687515	13421.810607434369
0.047441942909453326	13322.589340186823
0.047863816665617016	13225.684917130875
0.04828944190106719	13131.346312207543
0.04871885197553925	13039.371744203127
0.04915208054541739	12948.86283045778
0.049589161566372365	12861.728197736178
0.05003012929602335	12775.410671940652
0.050475018296622404	12691.083871055514
0.05092386343776404	12608.726018670664
0.05137669989911754	12528.038659949196
0.05183356317318493	12449.37988638036
0.052294489068082504	12372.560429129024
0.05275951371034715	12296.556890033638
0.053228673547768536	12222.293790190803
0.05370200535224505	12148.730383603064
0.054179546222666596	12076.799361479081
0.054661333587822034	12006.42014027473
0.05514740520933253	11937.191395513346
0.05563779918461186	11868.796385133015
0.0561325539498517	11801.076906893906
0.056631708283034925	11734.377314085299
0.05713530130697418	11669.216570477707
0.057643372492378976	11604.005838475883
0.05815596166094898	11539.637208826816
0.058673108988494926	11476.061393289132
0.05919485500808818	11412.766224196283
0.059721240613236866	11349.357553792515
0.06025230706109173	11286.377546195534
0.060788095975679496	11223.700197507816
0.06132864935116495	11160.515006518901
0.061874009555143154	11098.026923178722
0.06242421933195922	11034.746759842437
0.06297932180605945	10970.590838409355
0.06353936048537046	10906.341855685425
0.06410437926471002	10841.588090854775
0.06467442242922714	10775.980376963365
0.06524953465787266	10709.551192468642
0.065829761026902	10642.006115463417
0.06641514701340714	10573.005297585998
0.06700573849888193	10503.170342601876
0.06760158177281776	10429.924547572911
0.06820272353633135	10355.676605918303
0.06880921090582591	10279.082013422516
0.06942109141668311	10199.978009628894
0.07003841302698972	10118.68109152122
0.07066122412129562	10035.302883318369
0.07128957351440678	9950.001697437081
0.07192351045521105	9862.97460171593
0.07256308463053779	9774.351587433322
0.07320834616905308	9684.395345386509
0.07385934564518773	9593.016704626145
0.07451613408310206	9499.786248685916
0.0751787629606848	9404.438598656054
0.07584728421358732	9306.699837526758
0.07652175023929522	9206.287053045913
0.07720221390123416	9102.97033372805
0.07788872853291415	8996.494237539151
0.0785813479421087	8887.057480555437
0.07928012641507319	8775.128838036271
0.07998511872079925	8661.356908315112
0.080696380115307	8545.909565764756
0.08141396634597703	8429.114237830174
0.08213793365591851	8311.54511324191
0.08286833878837851	8193.510206358995
0.08360523899118898	8074.935764418939
0.08434869202125322	7955.9871760710375
0.08509875614907396	7836.960514445381
0.08585549016331911	7718.029458312261
0.08661895337543088	7599.31682174794
0.08738920562427314	7481.0865928901585
0.0881663072808227	7363.491572544728
0.08895031925290049	7246.734196913438
0.08974130298994502	7131.113292595327
0.09053932048782974	7016.847902881651
0.0913444342937209	6904.217389777899
0.09215670751098116	6793.25237690059
0.09297620380411424	6684.463394847706
0.09380298740375595	6577.731142452485
0.094637123111708	6473.499275823695
0.09547867630601653	6371.866123972959
0.0963277129460975	6272.860022874149
0.09718429957790516	6176.823378875168
0.09804850333914888	6083.830208718331
0.09892039196455492	5994.185831308348
0.09980003379117469	5907.946310833981
0.10068749776374222	5825.151482802979
0.10158285344007648	5746.473760625366
0.10248617099653454	5671.091356814587
0.10339752123351056	5599.275269230113
0.10431697558098618	5531.415697523416
0.10524460610412854	5466.776461396216
0.10618048550893808	5406.290185655199
0.1071246871479484	5348.718361679762
0.10807728502597397	5295.127691441228
0.10903835380591187	5244.688555436397
0.11000796881459313	5197.257717350176
0.11098620604868611	5152.617510190726
0.11197314218065439	5110.504785442528
0.11296885456476465	5070.734030484759
0.11397342124315103	5033.061924023811
0.11498692095193054	4997.346756030024
0.11600943312737544	4962.635003453104
0.11704103791213888	4929.181141602907
0.11808181616153561	4896.544908465147
0.11913184944988078	4864.236266459206
0.12019122007688188	4831.87936537352
0.12126001107409073	4799.325979020228
0.12233830621141074	4766.366205102581
0.12342619000366194	4732.451002595062
0.12452374771720665	4697.290817642392
0.1256310653766307	4660.565853849946
0.12674822977148784	4622.004503816308
0.1278753284631	4581.726608352718
0.1290124497914222	4539.44167176242
0.1301596828819654	4494.740603525326
0.1313171176527816	4447.707828911926
0.1324848448215129	4398.519047956828
0.1336629559125	4346.689265350048
0.13485154326395732	4292.31459145487
0.1360507000352096	4235.772328098234
0.13726052021399288	4177.021092909037
0.13848109862382274	4115.884725977998
0.13971253093142438	4052.9360101664383
0.14095491365423296	3988.3592934943526
0.14220834416795627	3922.000189808507
0.1434729207142087	3854.3588164053926
0.14474874240821056	3786.0439126198644
0.14603590924655566	3717.336285815833
0.14733452211505071	3648.182101951675
0.14864468279662052	3578.8262245673423
0.14996649397928738	3510.0243199489237
0.1513000592642187	3441.9401151385
0.1526454831738464	3374.9779651193544
0.15400287116006103	3309.8975615134764
0.15537232961247463	3246.8071009264872
0.15675396586676169	3185.7552812351614
0.1581478882130696	3127.0017735510883
0.1595542059045083	3071.2165745555717
0.1609730291657124	3018.6839671780294
0.16240446920147958	2969.367746495707
0.16384863820548862	2923.156541297392
0.16530564936909056	2880.021643210971
0.16677561689018267	2840.087806728354
0.16825865598215792	2803.400127379348
0.16975488288293453	2769.27914969029
0.17126441486406846	2737.7303501633087
0.17278737023994262	2708.6147168476623
0.17432386837704242	2681.4941768642693
0.17587402970330923	2656.1427530332617
0.17743797571758133	2632.128485454595
0.1790158289991159	2609.0967381143505
0.18060771321719563	2586.9427845406776
0.18221375314082383	2565.1177313248913
0.18383407464850116	2543.4435827750663
0.18546880473809388	2521.41025443509
0.18711807153678686	2498.789963173332
0.1887820043111249	2475.070106842923
0.19046073347714676	2450.162479536166
0.19215439061060427	2423.803908770556
0.19386310845727758	2395.594139008151
0.19558702094337702	2365.560632246096
0.1973262631860422	2333.588742241253
0.19908097150393136	2299.624574005605
0.2008512834279046	2264.106503437216
0.20263733771180584	2226.9692003182254
0.20443927434333528	2188.3890373037857
0.2062572345550238	2148.965392955227
0.2080913608353015	2108.9075594085343
0.20994179693966455	2068.367185736633
0.21180868790194515	2028.1183225018076
0.2136921800456759	1987.950239028332
0.21559242099556147	1948.6720691402331
0.2175095596890461	1910.435090893587
0.21944374638798975	1873.469448803538
0.2213951326904442	1838.0873878531786
0.2233638715425338	1804.3751102506815
0.22535011725044587	1772.518015609337
0.2273540254925219	1742.813707188516
0.22937575333146193	1715.1206085725394
0.2314154592266338	1689.4673991688153
0.2334733030464916	1665.5566398748836
0.23554944608110875	1643.5175509843737
0.23764405105481637	1623.0139453239415
0.23975728213896055	1603.8022030483328
0.24188930496476654	1585.5871918220969
0.24404028663632357	1568.0447977596803
0.24621039574368087	1550.9873112995228
0.24839980237606007	1534.0735296180821
0.2506086781351898	1516.7819107636126
0.2528371961487516	1499.0345382946994
0.2550855310839528	1480.5811250055706
0.2573538591612153	1461.2442238848514
0.2596423581679857	1440.8977402895787
0.26195120747267336	1419.481090962548
0.2642805880387056	1397.102560109033
0.2666306824387142	1373.9564093180388
0.26900167486884236	1350.046719403434
0.2713937511631841	1325.8374859180005
0.27380709880834875	1301.3010428270559
0.2762419069581541	1276.648543469245
0.27869836644845536	1252.2770547109806
0.2811766698120986	1228.3897467245586
0.28367701129401474	1205.1436820642737
0.2861995868664424	1182.7831874839667
0.2887445942442865	1161.4385227031003
0.29131223290061825	1141.2595255449012
0.2939027040823055	1122.2757010718904
0.2965162108257901	1104.4936836505528
0.29915295797299746	1087.7554720675648
0.3018131521873953	1071.9894200452684
0.3044970019701901	1057.0355389316596
0.30720471767666724	1042.6520903821208
0.30993651153268226	1028.6465228358554
0.31269259765129026	1014.8198194630153
0.31547319204953145	1001.013223333791
0.31827851266536067	987.0589251750589
0.32110877937472737	972.8642298670112
0.3239642140088127	958.3111829562517
0.3268450403714121	943.3316102477071
0.32975148425648076	927.9143485630519
0.3326837734658269	912.105894078869
0.33564213782696994	896.0318391275401
0.3386268092111526	879.8746433449624
0.3416380215515127	863.8075178040567
0.34467601086142247	847.8785822848265
0.34774101525298207	832.3675878172088
0.3508332749556868	817.3042354986741
0.35395303233525377	802.765716616279
0.3571005319126165	788.8476041348188
0.3602760203830941	775.5494637040429
0.363479746635722	762.8420238876025
0.36671196177276444	750.6328954224169
0.3699729191293902	738.9457212345515
0.37326287429353305	727.6119192932728
0.37658208512592267	716.5596352021983
0.37993081178029287	705.6198064972076
0.38330931672377677	694.7009160243315
0.3867178647574734	683.7568367636809
0.39015672303720655	672.7014169443846
0.3936261610944625	661.5141322971311
0.3971264508575129	650.2235317323269
0.400657866672733	638.9229180417329
0.40422068532609895	627.5980886385606
0.4078151860648872	616.3711514183215
0.411441650619556	605.2895536473357
0.4151003632258316	594.4291010719429
0.4187916106469843	583.8784068655249
0.422515682196302	573.6422923386415
0.42627286975977124	563.7380744290579
0.43006346781894894	554.165915745322
0.4338877734740483	544.90220110731
0.437746086467223	535.864681145773
0.44163870920605786	527.034188888253
0.4455659467872767	518.3554823275715
0.44952810702064866	509.76011420008405
0.4535255004531205	501.2200201694308
0.4575584403931501	492.71874469311854
0.4616272429352684	484.2150803123776
0.46573222698485256	475.7374356773464
0.4698737142831181	467.3223099016866
0.47405202943234237	458.9891768988603
0.47826749992129974	450.78253413855725
0.4825204561509353	442.7490355174942
0.4868112314602587	434.90137627836435
0.49114016215246786	427.2308066050429
0.49550758752131413	419.7448167632375
0.49991384987768844	412.45019024278594
0.5043592945764578	405.33458083944805
0.5088442700435271	398.34783402560765
0.5133691278031534	391.473189744953
0.517934222505496	384.6847727904273
0.5225399119544105	377.9613798611397
0.5271865571354982	371.3103818406565
0.5318745222443932	364.7378046575857
0.5366041747153137	358.2181631604739
0.5413758852498576	351.79586701914826
0.5461900278460547	345.48843514590567
0.5510469798276872	339.29577064077085
0.5559471218738552	333.2161466454209
0.560890838048822	327.2645407886981
0.5658785158321081	321.44686032896755
0.5709105461488683	315.7423981137977
0.5759873234005287	310.13418826099496
0.5811092454956961	304.63753388967905
0.5862767138813525	299.2129829214642
0.5914901335743115	293.8512555401006
0.5967499131929701	288.5666760690519
0.6020564649893323	283.3650961939638
0.6074102048813176	278.2380310670902
0.6128115524853672	273.190153586465
0.6182609311493245	268.2366012313211
0.6237587679856242	263.3733512035457
0.6293054939047611	258.5916528741515
0.6349015436490706	253.91065820502268
0.6405473558268004	249.30573269082694
0.6462433729464845	244.78279031544415
0.6519900414516333	240.34358401599548
0.657787811755717	235.9798012527241
0.6636371382774755	231.68919636374204
0.6695384794765319	227.47349963897258
0.6754922978893219	223.32382540442967
0.6814990601653547	219.2455592361045
0.6875592371037793	215.23948011602175
0.6936733036902937	211.29468813895932
0.6998417391343641	207.41325128988225
0.7060650269067932	203.60625398334744
0.7123436547776099	199.8651990236594
0.7186781148542957	196.18314712779377
0.7250689036203646	192.570852354813
0.7315165219742663	189.01871654058934
0.7380214752686544	185.52595414479325
0.7445842733499912	182.09256263631906
0.7512054305985051	178.71364220316104
0.7578854659685152	175.39758797958913
0.7646249030290962	172.14465307948942
0.771424270005125	168.94407195815518
0.7782840998186713	165.7965504570593
0.7852049301307765	162.71307328674155
0.792187303383591	159.67614226116092
0.7992317668428849	156.68625458262727
0.806338872640952	153.75778668547048
0.8135091778198738	150.88723328937726
0.8207432443751886	148.05677718662847
0.8280416392999365	145.27617782036603
0.8354049346290939	142.55369969983954
0.8428337074844195	139.87485105743792
0.8503285401196761	137.23685414320047
0.857890019966278	134.6519115910883
0.8655187396793218	132.11497165989573
0.8732152971840471	129.62112120286557
0.8809802957226971	127.17225440523258
0.8888143439017947	124.76770336984674
0.8967180557398547	122.40544771621266
0.9046920507154972	120.0855841023971
0.9127369538160134	117.80899727271596
0.9208533955863389	115.57409653933124
0.9290420121784854	113.37886381604544
0.9373034454013964	111.2222081029866
0.9456383427712464	109.10636018357073
0.9540473575622029	107.0278638146809
0.9625311488576165	104.98756496127865
0.9710903816016894	102.98611218146608
0.9797257266515883	101.02063492518623
0.9884378608300193	99.08918947278464
0.9972274669782883	97.19278992728947
1.006095234009807	95.33257256192309
1.0150418569641029	93.50280862492853
1.02406803706128	91.70415335435503
1.0331744817569934	89.95193001555492
1.0423619047978916	88.22940855749376
1.0516310262775541	86.52548878041007
1.0609825726929432	84.85866347553414
1.0704172770013305	83.23258637827892
1.0799358786777595	81.62039708797727
1.0895391237729963	80.05319078222063
1.0992277649720001	78.49983991762795
1.1090025616529293	76.98260220456632
1.118864279946645	75.49737641281494
1.1288136927967756	74.037588165827
1.1388515800202812	72.60335817345872
1.1489787283685895	71.19271293928416
1.1591959315892537	69.80953660600493
1.1695039904881586	68.46113419688365
1.1799037129923005	67.12327050457469
1.1903959142130953	65.81787679105749
1.2009814165102792	64.53849977491126
1.2116610495563578	63.27959909380781
1.2224356504016285	62.04795246285875
1.2333060635398005	60.84015457420917
1.2442731409741694	59.64610666176073
1.2553377422844114	58.4819152786637
1.2665007346939388	57.33640143939541
1.2777629931378869	56.219284019191
1.289125400331683	55.11363382658183
1.3005888468402254	54.03027683588758
1.3121542311476997	52.9748295749241
1.3238224597279826	51.93627565125502
1.3355944471157062	50.91128243458668
1.3474711159779293	49.91043534803615
1.3594533971864482	48.92562369088949
1.3715422298907733	47.964310422943726
1.3837385615917193	47.01840133248989
1.396043348215686	46.088151491854624
1.408457554189565	45.17841437249146
1.4209821525163453	44.286021984836744
1.4336181248513693	43.409933168663585
1.446366461579264	42.55254787581777
1.4592281618915848	41.70965849430546
1.4722042338651093	40.88539900594395
1.4852956945408669	40.07425430746661
1.4985035700038434	39.276203495528364
1.5118288954633983	38.494456863082746
1.525272715334419	37.731216309705275
1.53883608331916	36.982583533067626
1.552520062489851	36.2442993791265
1.5663257253719973	35.51867982884122
1.5802541540284614	34.81022245563637
1.594306440144265	34.11718440627693
1.6084836851121447	33.438662712223994
1.622787000118897	32.76779018775557
1.6372175062324485	32.112755900689805
1.6517763344897427	31.470502311051074
1.6664646259853808	30.839897001607383
1.6812835319610495	30.223905280363915
1.6962342138957731	29.61867510363664
1.7113178435969258	29.02294620508517
1.7265356032920989	28.440109872295068
1.7418886857217373	27.870174282338574
1.757378294232646	27.30912355594703
1.7730056428722971	26.758495472047077
1.788771956483976	26.21949740903766
1.804678470802802	25.69194056925625
1.8207264325525614	25.17545487038286
1.8369170995434414	24.668484032944896
1.8532517407706093	24.169040528926068
1.8697316365136616	23.681164359955368
1.8863580784369944	23.202360809921913
1.9031323696910145	22.732272076443174
1.9200558250143054	22.27183471476763
1.9371297708366462	21.82166671237567
1.9543555453829993	21.380488851843296
1.9717344987783874	20.946993589886432
1.989267993153704	20.52240011813418
2.006957402752499	20.1065318376902
2.02480411403866	19.696082533596904
2.042809525805107	19.29599698254078
2.0609750492834182	18.90432762473673
2.0793021082544243	18.520025789831752
2.0977921391598318	18.143350070316636
2.116446591214777	17.773659413268373
2.135266926521443	17.410931241803283
2.1542546201836266	17.057086591504262
2.1734111604223814	16.70776277811489
2.19273804869265	16.367616728281654
2.2122367998009334	16.032861317022196
2.231908942024046	15.704449763849
2.2517560172288684	15.383830875792388
2.2717795809932237	15.06939751941972
2.291981202727788	14.760229668393931
2.312362465799088	14.458091529336206
2.3329249676536272	14.161526489136088
2.3536703199430624	13.871749549332105
2.3746001486505524	13.586147753198036
2.395716094218166	13.307675195555587
2.4170198116754884	13.034226769747537
2.4385129707693247	12.76571661636894
2.46019725609456	12.50339549771174
2.4820743672262253	12.2465774254591
2.5041460188526696	11.994420568649689
2.5264139409099893	11.746738649098722
2.5488798787176	11.504596613769284
2.571545593115021	11.267770811294314
2.5944128605999164	11.035264554763568
2.6174834734672987	10.80681637950121
2.640759239950041	10.583442296981644
2.664241984360567	10.365199167569624
2.68793354723387	10.150710428352511
2.711835785471756	9.940062987785561
2.73595057248837	9.734734951487537
2.760279798357066	9.533074562177331
2.7848253699585057	9.335461147800874
2.8095892111301537	9.142149452405775
2.8345732628170475	8.952417611671963
2.8597794832239116	8.766103934185477
2.8852098479686723	8.584017594359988
2.9108663502372636	8.406181414530913
2.9367510009398887	8.231172607169475
2.9628658288685914	8.059921725752945
2.9892128808563068	7.892133918772447
3.015794221937269	7.727801918826051
3.042611935508853	7.566848448500572
3.0696681234949024	7.409043582684323
3.096964906510432	7.254393357190378
3.1245044240278745	7.103138992094131
3.152288834544756	6.955101545932264
3.1803203157528537	6.809541974358072
3.208601064708921	6.667531182269887
3.2371332980068446	6.528243012862679
3.2659192519514195	6.391600282236359
3.294961182733585	6.257719030927845
3.3242613666072955	6.126753424366291
3.353822100067919	5.998513732088179
3.3836457000322073	5.87268904562907
3.4137345040199394	5.749449289498836
3.4440908703370785	5.628848481953678
3.4747171782606596	5.510676887485746
3.5056158282252508	5.395001014683548
3.5367892420110776	5.2816750443383995
3.568239862933882	5.170664962065576
3.599970156036373	5.062098042487587
3.631982608281486	4.955805869017151
3.6642797287472515	4.851423419712218
3.6968640488235005	4.7491507152565235
3.7297381224102484	4.649216046591183
3.7629045261178473	4.551222898271917
3.796365859468981	4.45526764197704
3.830124745102358	4.361398586746393
3.8641838289783164	4.269339828280699
3.8985457805861885	4.179189325677782
3.9332132931535106	4.091017491948712
3.9681890838571623	4.004442573917438
4.003475894036276	3.919807507525865
4.039076489407156	3.837022298280532
4.074993660279995	3.7558368086893967
4.111230221777619	3.67628765998824
4.147789014056116	3.598428143037671
4.184672902527414	3.522247515404351
4.221884778083925	3.447654499208517
4.25942755732506	3.3745730024705676
4.297304182785892	3.3029891763058905
4.335517623167747	3.232791575445481
4.37407087357088	3.1641410130098193
4.4129669557292655	3.09688029756053
4.452208918247381	3.0311340107853746
4.4917998368392125	2.96673252845119
4.531742814569259	2.903644880100178
4.5720409820958	2.8419063106468214
4.61269749791625	2.7814128695555076
4.653715548614688	2.7221695514998085
4.695098349111677	2.664189918301803
4.736849142916173	2.6074641375715197
4.778971202379808	2.5518533318774526
4.821467828953345	2.4974636663421608
4.86434235344541	2.444159551178134
4.907598136283621	2.39194157550643
4.951238567777899	2.3409363077602663
4.9952670683862666	2.2909948917958007
5.039687088982863	2.2418964270924024
5.084502111128483	2.1940078260394884
5.1297156473434296	2.147143986981957
5.1753312413827866	2.1012093416707267
5.22135246851424	2.056152489683927
5.267782935798229	2.012073214204564
5.314626282370717	1.9690746940112416
5.361886179728403	1.9269693669783128
5.409566332016454	1.8855456305684803
5.457670476318892	1.8452393011292645
5.5062023829514315	1.8055269729766368
5.55516585575706	1.766846196470292
5.6045647324041	1.728947575312485
5.654402884687071	1.691803713785168
5.7046842188301214	1.6554545334013255
5.755412675793159	1.619887802288929
5.806592231580811	1.585070189544895
5.858226897553972	1.5509509186596193
5.91032072074428	1.51756291881049
5.962877784171284	1.484945674868525
6.0159022071624335	1.4529722112228647
6.069398145676017	1.4216591549774191
6.123369792626811	1.3910096857230834
6.177821378214803	1.3610312022885418
6.232757170256658	1.3316939246025654
6.288181474520298	1.3029453016933306
6.344098635062351	1.2748314616043517
6.400513034568591	1.2473454546003118
6.457429094697529	1.2203913156735484
6.5148512764268816	1.1940415823250723
6.572784080403292	1.1682363258016584
6.631232047295055	1.1429872415753368
6.690199758147963	1.1182859029934273
6.749691834744448	1.0940836604806188
6.809712939965732	1.0703944397510363
6.87026777815739	1.0472335284667122
6.931361095497972	1.0245491879593425
6.992997680371087	1.00238126414639
7.055182363740668	0.9806502409840926
7.1179200195295795	0.9593702314584065
7.181215565001713	0.9385726315574628
7.245073961147292	0.9182342538797724
7.309500213071795	0.898312249071671
7.374499370388208	0.8788035064310403
7.440076527612767	0.8597213355163007
7.506236824564346	0.8410474478153722
7.572985446767201	0.8227578834486579
7.64032762585751	0.8048707680849961
7.708268639993311	0.7873848880832645
7.776813814268291	0.7702599834483368
7.845968521129111	0.7534979292763861
7.915738180796454	0.7371191700837603
7.986128261689948	0.7210662917301082
8.057144280856653	0.7053623716122945
8.12879180440358	0.6899928152367776
8.201076447933916	0.6749418920288661
8.274003876987107	0.6602376765320105
8.34757980748303	0.6458455715934951
8.421810006169867	0.6317551859974143
8.496700291076218	0.6179766870769566
8.572256531966985	0.6044872094500632
8.64848465080354	0.5912884100051226
8.725390622207833	0.5783805032072757
8.802980473930623	0.56574952955349
8.88126028732403	0.5533829170602643
8.960236197818062	0.5412767158839802
9.039914395401622	0.5294415823291868
9.120301125107533	0.5178618918047216
9.201402687502137	0.5065212761477296
9.283225439179065	0.4954389760093048
9.36577579325741	0.48460071333994664
9.449060219884489	0.4739780702702988
9.53308524674283	0.4635979256572886
9.617857459561918	0.4534407551707105
9.70338350263432	0.4434957281034333
9.7896700793364	0.4337736104261017
9.876723952653844	0.4242623412978265
9.964551945711582	0.4149469653238627
10.053160942308724	0.4058492782057583
10.142557887457947	0.3969327966528083
10.232749787929967	0.38823053706945615
10.323743712802656	0.37969968922999164
10.415546794015052	0.37134727893252706
10.508166226926477	0.363179825439314
10.601609270880346	0.355188295621355
10.69588324977327	0.3473612698226295
10.790995552629042	0.33972308959699327
10.886953634177706	0.33230530922513696
10.983765015439987	0.32495457730970745
11.08143728431662	0.31777172932910036
11.179978096183232	0.3107896454939039
11.279395174490196	0.3039608248013865
11.379696311368122	0.29728213635154405
11.480889368238527	0.29071029952546174
11.58298227642995	0.2842684492790335
11.685983037799723	0.2780496432076051
11.78989972536098	0.271897913896652
11.894740483915562	0.26587476689559597
12.000513530692317	0.26001022846117117
12.107227155991092	0.25427795450804586
12.214889723832664	0.24865883800465863
12.323509672614117	0.24315874532040369
12.433095515770413	0.2377939239647347
12.543655842441472	0.23255500642568483
12.655199318145538	0.22741256748909405
12.767734685458295	0.22238336105322043
12.881270764698028	0.21745108393861678
12.995816454617103	0.21265310606402446
13.111380733099248	0.2079482496484822
13.227972657863388	0.20333608628510427
13.345601367173508	0.19881386439788976
13.464276080554813	0.19439512409982396
13.58400609951651	0.19010507093532913
13.704800808280647	0.18590845469674888
13.826669674517836	0.18176695035058088
13.949622250089101	0.17773208883851793
14.073668171794719	0.17380441565999974
14.198817162129457	0.16995757684690577
14.32507903004453	0.16618381677372235
14.452463671716579	0.16248047083528996
14.580981071323123	0.15886619702542745
14.710641301825271	0.15535369442969904
14.841454525757149	0.15188711985703643
14.973430996022342	0.1485083751484389
15.106581056697683	0.1452156338781197
15.240915143843786	0.14198600966844172
15.376443786323229	0.13883306002604917
15.51317760662556	0.13574598468483995
15.651127321700068	0.13272411433791417
15.790303743795675	0.1297733335299767
15.930717781308289	0.12687785160352738
16.07238043963599	0.12405349610362823
16.21530282204138	0.12128037424226383
16.359496130522047	0.11859147114855158
16.504971666688448	0.11594229093167863
16.651740832649658	0.11335662127420255
16.79981513190721	0.11083372657446557
16.949206170256517	0.10836161468605829
17.099925656696733	0.10594414579414523
17.251985404348247	0.10357381742083098
17.405397331378786	0.10127333997131617
17.56017346193745	0.0989998657037379
17.716325927097046	0.09678978584070178
17.87386696580512	0.09463498319479917
18.032808925842982	0.09252044391867342
18.193164264793698	0.0904483409005684
18.354945551018425	0.0884259718601107
18.51816546464139	0.08645085242322505
18.682836798543953	0.08451926996229761
18.848972459367044	0.08263277893323409
19.016585468523008	0.0807783428136225
19.18568896321596	0.07897382765230074
19.356296197471657	0.07720595249733911
19.52842054317625	0.07547258328311443
19.70207549112423	0.07378340861048846
19.877274652076064	0.07213542477474626
20.0540317578247	0.07051669059721158
20.23236066227207	0.0689339722840976
20.412275342514867	0.06738511854380341
20.593789899939885	0.06587944565837618
20.776918561329556	0.06439963343007944
20.96167567997671	0.06295598109204839
21.148075736809854	0.06154393569084715
21.336133341527862	0.06016032818711254
21.52586323374533	0.05881115632867103
21.717280284147716	0.057490747193013
21.91039949565677	0.05619957769000599
22.105236004606695	0.05493601773048139
22.301805081930215	0.05370424906784165
22.50012213435573	0.0524949607446071
22.700202705614775	0.05131375755927678
22.90206247766017	0.050159709416526664
23.105717271895436	0.04903090078254558
23.31118305041452	0.04793023829623367
23.518475917253202	0.04685226990765677
23.72761211965097	0.045797515446755456
23.938608049324746	0.04476259152197495
24.151480243753497	0.0437545063592983
24.366245387474308	0.04277172206352361
24.58292031339037	0.04180898576641755
24.801522004089975	0.04086614902306356
25.02206759317787	0.03994500239706182
25.244574366618046	0.03904430955167971
25.469059764088446	0.038163848125825794
25.695541380348146	0.0373021329647002
25.924036966616068	0.0364592386606709
26.15456443196263	0.03563661512279479
26.387141844713074	0.03483332158223173
26.62178743386395	0.03404666641581121
26.858519590511722	0.03327698781950354
27.097356869294103	0.03252549146922039
27.33831798984465	0.031791089518710555
27.581421838259608	0.031074953226743796
27.826687468578488	0.030373036081709295
28.074134104277363	0.029686426841047484
28.3237811397754	0.029012751832729777
28.575648141955327	0.028356527457582516
28.829754851696634	0.027716582851784837
29.08612118542324	0.02708948487957634
29.344767236664097	0.026475501986394357
29.605713277628436	0.025875388432663404
29.868979760794527	0.025290567589793762
30.134587320512537	0.024717209741563974
30.402556774622184	0.024157270270541084
30.67290912608398	0.023609444932528527
30.94566556462578	0.023074647413959433
31.22084746840343	0.022551513570961326
31.498476405676186	0.02203969167619546
31.77857413649758	0.021540628594366583
32.06116261442048	0.021051652262093844
32.34626398821825	0.02057439111917238
32.633900603620226	0.020107094873674587
32.92409500506359	0.019651049284205357
33.21686993746014	0.019205268074163062
33.51224834797886	0.01876907932739966
33.81025338784486	0.018342210331123262
34.11090841415347	0.017924919490613592
34.41423699170134	0.01751786590967449
34.72026289483321	0.017120250677413355
35.02901010930516	0.016730034101027788
35.34050283416496	0.016350012693046978
35.65476548364824	0.015978480235168145
35.9718226890926	0.015614571257147047
36.29169930086759	0.015258870576461666
36.614420390322934	0.014911596484432512
36.94001125175336	0.014572367566951405
37.26849740438092	0.014240950154356082
37.59990459435564	0.013916352098567166
37.934258796772866	0.013599335300758473
38.27158621770967	0.013288896168430774
38.61191329627859	0.012986073745505757
38.955266706699696	0.012689988731176454
39.30167336039175	0.012400645786948638
39.65116040808093	0.012118054465454152
40.003755241929376	0.011841388746733144
40.359485497681604	0.01157088312900267
40.71837905683102	0.011306532870317685
41.080464048805055	0.011048812353022987
41.44576885316963	0.010796210931815441
41.81432210185403	0.01054955028794835
42.18615268139441	0.01030867759100296
42.56128973519844	0.010073147617082825
42.93976266582922	0.009842747881088335
43.32160113730964	0.00961745541844798
43.70683507744788	0.009397738921120223
44.09549468018248	0.009182767902445804
44.48761040794956	0.008972893379509387
44.88321299406972	0.008767555844294794
45.28233344515745	0.008566644631149147
45.68500304355112	0.008370363458887779
46.091253349764614	0.008178755916938526
46.50111620496153	0.007991460227361828
46.91462373345016	0.007808173802294333
47.33180834520199	0.007629222730097402
47.7527027383916	0.0074540518118948445
48.17733990195926	0.0072834193000457965
48.60575311819717	0.007116261255436233
49.03797596535735	0.0069528610464807536
49.474042320284134	0.00679329258044862
49.913986361068694	0.006637341983695526
50.357842569728454	0.006484981800954944
50.80564573490948	0.0063360367719561845
51.257430954612886	0.006190375342294787
51.71323363894634	0.006048280047161871
52.17308951289878	0.0059092436890260894
52.637034619141055	0.005773349657217272
53.10510532085067	0.005640609798090244
53.577338304561515	0.0055108842808159015
54.05377058304002	0.005384125676881935
54.534439498185336	0.005260249813849603
55.0193827239569	0.005138984441021398
55.50863826932651	0.005020688402550544
56.002244481258046	0.004905037869391727
56.50024004771276	0.00479197680801551
57.00266400068127	0.004681544153026654
57.5095557192435	0.004573619012854257
58.020954932654355	0.004468115076360804
58.536901723458335	0.004365052246802154
59.05743653063081	0.004264388943040981
59.58260015274727	0.004165987148668792
60.11243375118175	0.004069815063417804
60.646978853332136	0.003975909728933196
61.1862773558759	0.0038839670217447647
61.73037152805298	0.0037941601510073216
62.279304014979544	0.003706507413449962
62.83311784099012	0.0036209227320067768
63.391856413009414	0.0035372045428793265
63.955563523955256	0.003455167903462641
64.5242833561701	0.003375343714494845
65.0980604848848	0.0032971503718145292
65.67693988171187	0.0032208606770021387
66.26096691817011	0.0031462712717552715
66.8501873692414	0.0030733816098652143
67.4446474169576	0.003002191248798794
68.04439365402112	0.0029326096982696483
68.64947308745589	0.002864577153374417
69.25993314229243	0.002798126882261769
69.87582166528466	0.002733318020398181
70.4971869286596	0.002669685306755855
71.1240776339018	0.00260776726628526
71.75654291556941	0.0025471646674391363
72.39463234514616	0.0024879814993236473
73.03839593492634	0.002430246181026642
73.68788414193423	0.002373728813050906
74.34314787187978	0.0023184445191853924
75.00423848314745	0.0022645666292597454
75.6712077908226	0.0022118418388790196
76.34410807075169	0.0021603283907623613
77.0229920636404	0.002110047745942371
77.70791297918703	0.0020609307658735337
78.39892450025253	0.0020129074223093238
79.09608078706903	0.0019659715174256123
79.79943648148372	0.0019201192079303644
80.50904671124269	0.0018753077906089278
81.22496709431063	0.0018315381563980084
81.94725374323102	0.0017887762149633812
82.67596326952378	0.001746967449255533
83.41115278812184	0.001706155297691211
84.15287992184884	0.0016662850981715139
84.90120280593419	0.0016273338130313858
85.65618009257078	0.0015892785333912133
86.4178709555115	0.0015520897003254489
87.18633509470675	0.0015157753370805853
87.96163274098465	0.001480265478238662
88.74382466077064	0.0014455666010084042
89.53297216085144	0.0014116800892049822
90.32913709317893	0.0013785749841807896
91.13238185971927	0.0013462297368861777
91.9427694173424	0.0013146268895526303
92.76036328275842	0.0012837665969870125
93.58522753749382	0.001253638523314432
94.41742683291535	0.001224182573949588
95.25702639529666	0.0011953880499432582
96.10409203093191	0.0011672863338100896
96.95869013129156	0.0011398245074025733
97.82088767822702	0.0011129875606834974
98.69075224922157	0.001086786411909937
99.56835202268496	0.0010611716648388338
100.45375578329805	0.0010361671195273795
101.34703292740517	0.0010117738423202928
102.24825346845114	0.000987730951656572
103.15748804247018	0.0009644684912485943
104.07480791362154	0.0009417468307780889
105.00028497977654	0.0009195427309151077
105.93399177815155	0.000897844161160727
106.87600149099445	0.0008766356058639531
107.82638795132168	0.0008559004546691893
108.7852256487028	0.0008356308775934234
109.75258973510046	0.0008158212178606191
110.72855603075978	0.0007964404880710182
111.7132010301527	0.000777512463558097
112.70660190797106	0.0007589917158397636
113.7088365251766	0.0007410169576668472
114.71998343510468	0.000723502706013528
115.74012188961895	0.0007062650108665972
116.76933184532434	0.0006893683808923156
117.80769396983327	0.0006730084332875532
118.8552896480898	0.0006570890686583073
119.91220098874594	0.000641392241231169
120.97851083059848	0.0006261478953079887
122.054302749083	0.0006111557522968946
123.13966106282179	0.0005965393558789006
124.23467084023382	0.0005823590486853364
125.33941790620369	0.0005684672070548211
126.45398884880571	0.0005548424853460631
127.57847102609226	0.000541608926466414
128.71295257293994	0.0005286325890558825
129.85752240795918	0.0005159268280971914
131.01227024046077	0.000503604999679034
132.17728657748856	0.0004915509974546188
133.35266273091457	0.00047974668888248407
134.53849082459305	0.00046817915288520145
135.7348638015829	0.000456895598971535
136.94187543143136	0.00044594551053480773
138.1596203175255	0.00043524958865388954
139.38819390450416	0.0004247021392382539
140.62769248574006	0.00041447256412243316
141.87821321088873	0.0004045146100563582
143.13985409349988	0.00039476672766170634
144.4127140187015	0.00038521410455657465
145.69689275094936	0.00037590643292264463
146.99249094184836	0.0003668197631129318
148.2996101380383	0.0003579226865249408
149.61835278915459	0.00034927837574036906
150.94882225585948	0.00034079809058166544
152.29112281794028	0.0003325416304161854
153.64535968248407	0.00032445665022635614
155.01163899212537	0.00031656582585359047
156.39006783336214	0.0003088553136637028
157.78075424495105	0.0003013315977373767
159.1838072263745	0.00029398749028133355
160.59933674638592	0.00028681459415305915
162.02745375162547	0.0002798467676913181
163.46827017531768	0.0002729700326184011
164.9218989460462	0.00026633282165902856
166.38845399660156	0.0002598261517412163
167.86805027291317	0.00025342855717614554
169.3608037430576	0.0002472104229980625
170.8668314063502	0.0002411604308681497
172.38625130251177	0.00023523642111007156
173.91918252092202	0.00022945413127617003
175.46574520995554	0.0002237868013647377
177.02606058639503	0.00021826264773157865
178.60025094493454	0.00021287799520870135
180.18843966776345	0.00020762484427977337
181.79075123423948	0.00020250368999080568
183.40731123064143	0.0001974905668354503
185.03824636001414	0.00019259766417840005
186.68368445210135	0.00018783606899680575
188.34375447336078	0.00018316795334594212
190.01858653707424	0.00017861501775371036
191.70831191354773	0.0001741738417009207
193.41306304039614	0.00016983842184799825
195.1329735329261	0.00016561007574913774
196.86817819460717	0.00016146673974278713
198.61881302764039	0.00015742513226629765
200.38501524361342	0.00015349455856525707
202.16692327425739	0.00014965580378942432
203.96467678229874	0.00014590640926694085
205.77841667240165	0.00014222743798527113
207.60828510221472	0.00013865635930716821
209.45442549351148	0.00013516854349814055
211.31698254343465	0.00013176218152378716
213.19610223583265	0.0001284484194097667
215.0919318527038	0.00012521148334290746
217.00461998574235	0.00012203722315319251
218.93431654798025	0.00011894211051029551
220.8811727855401	0.00011593442293099866
222.8453412894879	0.0001129930226526761
224.82697600779625	0.00011012166408759107
226.82623225740554	0.00010731404889201046
228.84326673639993	0.00010458121850468165
230.87823753629135	0.00010191690924849723
232.93130415440572	0.00009931184690576105
235.00262750638643	0.00009677073434990801
237.09236993880901	0.00009429773855537602
239.2006952419008	0.00009187969033055562
241.3277686623816	0.00008951578213176907
243.47375691641395	0.00008721558763864625
245.63882820267327	0.0000849694246515336
247.82315221552602	0.00008277884098878184
250.02690015833244	0.00008064209732088316
252.25024475686786	0.00007855314845248371
254.4933602728554	0.0000765163440163832
256.7564225176277	0.00007453766461602872
259.0396088659051	0.00007259418475022741
261.34309826970133	0.00007071104802164589
263.66707127234423	0.00006887010778957694
266.0117100226289	0.00006706922715435395
268.37719828909724	0.00006531951615875323
270.76372147443556	0.0000636141734509743
273.17146663001006	0.00006194420583461513
275.60062247052554	0.0000603167559549533
278.05137938882035	0.00005873477397822514
280.5239294707834	0.00005718601129491884
283.0184665104123	0.000055678710302174525
285.53518602500543	0.000054208834266150716
288.0742852704805	0.00005277604526914926
290.63596325683807	0.00005137699477471863
293.22042076376243	0.000050012835658608895
295.82786035635246	0.00004868352917609903
298.45848640100235	0.00004738593374580033
301.11250508141734	0.000046124713491488914
303.7901244147782	0.000044891946389191285
306.49155426803907	0.00004369145146446998
309.21700637437954	0.000042522137386731397
311.966694349803	0.00004137882858273571
314.74083370987324	0.0000402648172834671
317.5396418866104	0.00003918072982271512
320.36333824553054	0.00003812265531160307
323.212144102844	0.000037091351282830055
326.0862827427945	0.000036087204635501695
328.98597943516353	0.00003510663149790118
331.9114614529298	0.00003415104180633514
334.8629580900759	0.00003322273976528325
337.840700679564	0.00003231621347791943
340.84492261146556	0.00003143244989599234
343.8758593512585	0.00003057201694886735
346.9337484582753	0.000029732144743380854
350.0188296043263	0.0000289148618762061
353.13134459248823	0.00002811796942819272
356.27153737604897	0.000027341586083961566
359.43965407763193	0.00002658573325090318
362.6359430084904	0.000025848655479540746
365.8606546879623	0.000025131004946327064
369.1140418631103	0.00002443151141766614
372.39635952852905	0.000023750099698165252
375.7078649463369	0.000023087425954666515
379.0488176663311	0.0000224395835787851
382.4194795463354	0.000021810648277028304
385.82011477272766	0.000021198423516487115
389.25098988113814	0.00002060121321553879
392.7123737773459	0.000020020829455523927
396.204537758352	0.00001945573289889854
399.72775553364903	0.000018904784483178932
403.2823032466656	0.000018368634086987274
406.86845949641406	0.000017847359858987546
410.4865053593309	0.000017340926346876953
414.13672441129853	0.00001684687113665017
417.819402749877	0.000016367233184644883
421.53482901672504	0.000015899680368250496
425.28329442022914	0.00001544503082115316
429.0650927583191	0.000015003750274264906
432.8805204414997	0.000014574350335441519
436.7298765160874	0.000014156118944855057
440.6134626876401	0.000013750028635375687
444.5315833446086	0.000013354823462874716
448.4845455821988	0.000012970979098480471
452.4726592264321	0.000012598328027254352
456.4962368584348	0.000012235255875684236
460.55559383893495	0.000011882650670560704
464.6510483329859	0.000011540300356804765
468.7829213348939	0.000011207388593698147
472.9515366933819	0.000010883850977894705
477.1572211369772	0.000010569172631414722
481.40030429960996	0.000010263387347492483
485.6811187464557	9.96673114628545e-6
489.99999999999807	9.678598695139062e-6
