1.0000e-03 6.8451e-02 -1.6337e-02 5.0314e-02 6.6562e-02
1.0233e-03 7.3873e-02 -1.7628e-02 5.4306e-02 7.1834e-02
1.0472e-03 7.9708e-02 -1.9017e-02 5.8602e-02 7.7508e-02
1.0717e-03 8.5989e-02 -2.0513e-02 6.3227e-02 8.3616e-02
1.0967e-03 9.2757e-02 -2.2124e-02 6.8212e-02 9.0198e-02
1.1223e-03 1.0005e-01 -2.3859e-02 7.3583e-02 9.7289e-02
1.1485e-03 1.0791e-01 -2.5730e-02 7.9377e-02 1.0494e-01
1.1753e-03 1.1637e-01 -2.7742e-02 8.5611e-02 1.1317e-01
1.2027e-03 1.2550e-01 -2.9912e-02 9.2337e-02 1.2204e-01
1.2308e-03 1.3532e-01 -3.2247e-02 9.9576e-02 1.3159e-01
1.2595e-03 1.4589e-01 -3.4760e-02 1.0737e-01 1.4187e-01
1.2889e-03 1.5726e-01 -3.7463e-02 1.1576e-01 1.5294e-01
1.3190e-03 1.6949e-01 -4.0367e-02 1.2478e-01 1.6482e-01
1.3498e-03 1.8262e-01 -4.3485e-02 1.3447e-01 1.7759e-01
1.3813e-03 1.9672e-01 -4.6833e-02 1.4487e-01 1.9131e-01
1.4135e-03 2.1185e-01 -5.0425e-02 1.5605e-01 2.0603e-01
1.4465e-03 2.2806e-01 -5.4270e-02 1.6801e-01 2.2180e-01
1.4803e-03 2.4544e-01 -5.8392e-02 1.8085e-01 2.3870e-01
1.5148e-03 2.6407e-01 -6.2809e-02 1.9462e-01 2.5683e-01
1.5502e-03 2.8403e-01 -6.7538e-02 2.0937e-01 2.7624e-01
1.5864e-03 3.0543e-01 -7.2606e-02 2.2518e-01 2.9706e-01
1.6234e-03 3.2837e-01 -7.8037e-02 2.4214e-01 3.1937e-01
1.6613e-03 3.5297e-01 -8.3859e-02 2.6034e-01 3.4330e-01
1.7000e-03 3.7936e-01 -9.0102e-02 2.7986e-01 3.6898e-01
1.7397e-03 4.0770e-01 -9.6802e-02 3.0084e-01 3.9655e-01
1.7803e-03 4.3809e-01 -1.0398e-01 3.2333e-01 4.2612e-01
1.8219e-03 4.7070e-01 -1.1169e-01 3.4748e-01 4.5785e-01
1.8644e-03 5.0568e-01 -1.1995e-01 3.7340e-01 4.9188e-01
1.9079e-03 5.4315e-01 -1.2879e-01 4.0116e-01 5.2833e-01
1.9525e-03 5.8330e-01 -1.3826e-01 4.3092e-01 5.6740e-01
1.9980e-03 6.2628e-01 -1.4839e-01 4.6280e-01 6.0922e-01
2.0447e-03 6.7227e-01 -1.5922e-01 4.9691e-01 6.5397e-01
2.0924e-03 7.2142e-01 -1.7080e-01 5.3338e-01 7.0180e-01
2.1412e-03 7.7398e-01 -1.8316e-01 5.7241e-01 7.5295e-01
2.1912e-03 8.3017e-01 -1.9637e-01 6.1414e-01 8.0763e-01
2.2423e-03 8.9024e-01 -2.1049e-01 6.5878e-01 8.6610e-01
2.2947e-03 9.5451e-01 -2.2558e-01 7.0654e-01 9.2864e-01
2.3482e-03 1.0232e+00 -2.4170e-01 7.5764e-01 9.9553e-01
2.4030e-03 1.0968e+00 -2.5893e-01 8.1235e-01 1.0671e+00
2.4591e-03 1.1754e+00 -2.7736e-01 8.7087e-01 1.1436e+00
2.5165e-03 1.2595e+00 -2.9704e-01 9.3348e-01 1.2255e+00
2.5753e-03 1.3492e+00 -3.1803e-01 1.0004e+00 1.3129e+00
2.6354e-03 1.4453e+00 -3.4047e-01 1.0719e+00 1.4063e+00
2.6969e-03 1.5476e+00 -3.6436e-01 1.1483e+00 1.5060e+00
2.7598e-03 1.6568e+00 -3.8984e-01 1.2298e+00 1.6124e+00
2.8242e-03 1.7734e+00 -4.1699e-01 1.3168e+00 1.7258e+00
2.8902e-03 1.8978e+00 -4.4595e-01 1.4097e+00 1.8470e+00
2.9576e-03 2.0305e+00 -4.7681e-01 1.5089e+00 1.9762e+00
3.0266e-03 2.1721e+00 -5.0969e-01 1.6147e+00 2.1141e+00
3.0973e-03 2.3232e+00 -5.4474e-01 1.7277e+00 2.2612e+00
3.1696e-03 2.4842e+00 -5.8205e-01 1.8483e+00 2.4180e+00
3.2436e-03 2.6559e+00 -6.2179e-01 1.9769e+00 2.5853e+00
3.3193e-03 2.8389e+00 -6.6410e-01 2.1140e+00 2.7635e+00
3.3967e-03 3.0338e+00 -7.0910e-01 2.2602e+00 2.9533e+00
3.4760e-03 3.2412e+00 -7.5692e-01 2.4159e+00 3.1554e+00
3.5572e-03 3.4623e+00 -8.0782e-01 2.5819e+00 3.3708e+00
3.6402e-03 3.6973e+00 -8.6186e-01 2.7585e+00 3.5998e+00
3.7251e-03 3.9479e+00 -9.1939e-01 2.9469e+00 3.8440e+00
3.8121e-03 4.2143e+00 -9.8047e-01 3.1474e+00 4.1036e+00
3.9011e-03 4.4979e+00 -1.0454e+00 3.3609e+00 4.3799e+00
3.9921e-03 4.7993e+00 -1.1142e+00 3.5881e+00 4.6737e+00
4.0853e-03 5.1196e+00 -1.1873e+00 3.8296e+00 4.9858e+00
4.1806e-03 5.4602e+00 -1.2649e+00 4.0866e+00 5.3178e+00
4.2782e-03 5.8219e+00 -1.3471e+00 4.3598e+00 5.6704e+00
4.3781e-03 6.2066e+00 -1.4344e+00 4.6506e+00 6.0453e+00
4.4803e-03 6.6148e+00 -1.5268e+00 4.9594e+00 6.4433e+00
4.5848e-03 7.0483e+00 -1.6248e+00 5.2875e+00 6.8659e+00
4.6918e-03 7.5084e+00 -1.7286e+00 5.6362e+00 7.3145e+00
4.8013e-03 7.9964e+00 -1.8384e+00 6.0063e+00 7.7904e+00
4.9134e-03 8.5141e+00 -1.9547e+00 6.3992e+00 8.2952e+00
5.0281e-03 9.0627e+00 -2.0776e+00 6.8161e+00 8.8303e+00
5.1454e-03 9.6447e+00 -2.2077e+00 7.2586e+00 9.3979e+00
5.2655e-03 1.0261e+01 -2.3453e+00 7.7279e+00 9.9994e+00
5.3884e-03 1.0915e+01 -2.4906e+00 8.2256e+00 1.0637e+01
5.5142e-03 1.1606e+01 -2.6440e+00 8.7527e+00 1.1311e+01
5.6429e-03 1.2338e+01 -2.8060e+00 9.3114e+00 1.2025e+01
5.7746e-03 1.3112e+01 -2.9770e+00 9.9034e+00 1.2781e+01
5.9094e-03 1.3932e+01 -3.1573e+00 1.0530e+01 1.3580e+01
6.0473e-03 1.4798e+01 -3.3476e+00 1.1193e+01 1.4426e+01
6.1885e-03 1.5714e+01 -3.5480e+00 1.1895e+01 1.5319e+01
6.3329e-03 1.6681e+01 -3.7591e+00 1.2638e+01 1.6263e+01
6.4807e-03 1.7703e+01 -3.9814e+00 1.3423e+01 1.7261e+01
6.6320e-03 1.8781e+01 -4.2152e+00 1.4252e+01 1.8313e+01
6.7868e-03 1.9920e+01 -4.4611e+00 1.5128e+01 1.9424e+01
6.9452e-03 2.1121e+01 -4.7199e+00 1.6054e+01 2.0597e+01
7.1073e-03 2.2386e+01 -4.9915e+00 1.7031e+01 2.1832e+01
7.2732e-03 2.3721e+01 -5.2769e+00 1.8062e+01 2.3135e+01
7.4429e-03 2.5126e+01 -5.5763e+00 1.9149e+01 2.4508e+01
7.6166e-03 2.6605e+01 -5.8903e+00 2.0295e+01 2.5952e+01
7.7944e-03 2.8162e+01 -6.2194e+00 2.1503e+01 2.7473e+01
7.9763e-03 2.9800e+01 -6.5643e+00 2.2775e+01 2.9072e+01
8.1625e-03 3.1523e+01 -6.9255e+00 2.4115e+01 3.0755e+01
8.3530e-03 3.3331e+01 -7.3031e+00 2.5523e+01 3.2521e+01
8.5480e-03 3.5232e+01 -7.6983e+00 2.7006e+01 3.4378e+01
8.7475e-03 3.7225e+01 -8.1109e+00 2.8563e+01 3.6326e+01
8.9517e-03 3.9317e+01 -8.5418e+00 3.0199e+01 3.8370e+01
9.1606e-03 4.1512e+01 -8.9919e+00 3.1919e+01 4.0515e+01
9.3744e-03 4.3810e+01 -9.4607e+00 3.3722e+01 4.2761e+01
9.5932e-03 4.6217e+01 -9.9494e+00 3.5613e+01 4.5113e+01
9.8171e-03 4.8736e+01 -1.0458e+01 3.7595e+01 4.7575e+01
1.0046e-02 5.1371e+01 -1.0987e+01 3.9672e+01 5.0150e+01
1.0281e-02 5.4122e+01 -1.1537e+01 4.1844e+01 5.2840e+01
1.0521e-02 5.7000e+01 -1.2109e+01 4.4120e+01 5.5654e+01
1.0766e-02 6.0000e+01 -1.2702e+01 4.6497e+01 5.8588e+01
1.1018e-02 6.3128e+01 -1.3316e+01 4.8979e+01 6.1646e+01
1.1275e-02 6.6391e+01 -1.3953e+01 5.1572e+01 6.4836e+01
1.1538e-02 6.9783e+01 -1.4611e+01 5.4274e+01 6.8155e+01
1.1807e-02 7.3315e+01 -1.5292e+01 5.7092e+01 7.1610e+01
1.2083e-02 7.6988e+01 -1.5995e+01 6.0027e+01 7.5202e+01
1.2365e-02 8.0803e+01 -1.6721e+01 6.3082e+01 7.8934e+01
1.2653e-02 8.4764e+01 -1.7469e+01 6.6260e+01 8.2810e+01
1.2949e-02 8.8873e+01 -1.8240e+01 6.9563e+01 8.6831e+01
1.3251e-02 9.3127e+01 -1.9032e+01 7.2989e+01 9.0994e+01
1.3560e-02 9.7525e+01 -1.9844e+01 7.6539e+01 9.5299e+01
1.3877e-02 1.0206e+02 -2.0676e+01 8.0209e+01 9.9741e+01
1.4201e-02 1.0675e+02 -2.1527e+01 8.4004e+01 1.0432e+02
1.4532e-02 1.1157e+02 -2.2397e+01 8.7922e+01 1.0905e+02
1.4871e-02 1.1655e+02 -2.3289e+01 9.1979e+01 1.1393e+02
1.5218e-02 1.2171e+02 -2.4203e+01 9.6183e+01 1.1897e+02
1.5573e-02 1.2704e+02 -2.5142e+01 1.0055e+02 1.2420e+02
1.5937e-02 1.3256e+02 -2.6105e+01 1.0507e+02 1.2961e+02
1.6309e-02 1.3824e+02 -2.7087e+01 1.0973e+02 1.3517e+02
1.6690e-02 1.4405e+02 -2.8082e+01 1.1451e+02 1.4086e+02
1.7079e-02 1.4997e+02 -2.9084e+01 1.1939e+02 1.4666e+02
1.7478e-02 1.5597e+02 -3.0088e+01 1.2435e+02 1.5254e+02
1.7886e-02 1.6206e+02 -3.1096e+01 1.2940e+02 1.5850e+02
1.8303e-02 1.6824e+02 -3.2108e+01 1.3455e+02 1.6457e+02
1.8730e-02 1.7454e+02 -3.3126e+01 1.3980e+02 1.7074e+02
1.9167e-02 1.8095e+02 -3.4150e+01 1.4515e+02 1.7702e+02
1.9615e-02 1.8746e+02 -3.5177e+01 1.5061e+02 1.8340e+02
2.0073e-02 1.9403e+02 -3.6200e+01 1.5613e+02 1.8984e+02
2.0541e-02 2.0062e+02 -3.7213e+01 1.6170e+02 1.9631e+02
2.1021e-02 2.0721e+02 -3.8208e+01 1.6727e+02 2.0278e+02
2.1511e-02 2.1379e+02 -3.9184e+01 1.7286e+02 2.0923e+02
2.2013e-02 2.2035e+02 -4.0142e+01 1.7845e+02 2.1567e+02
2.2527e-02 2.2693e+02 -4.1086e+01 1.8408e+02 2.2212e+02
2.3053e-02 2.3353e+02 -4.2017e+01 1.8974e+02 2.2860e+02
2.3591e-02 2.4015e+02 -4.2937e+01 1.9544e+02 2.3510e+02
2.4142e-02 2.4678e+02 -4.3841e+01 2.0116e+02 2.4161e+02
2.4705e-02 2.5340e+02 -4.4727e+01 2.0690e+02 2.4811e+02
2.5282e-02 2.6001e+02 -4.5593e+01 2.1264e+02 2.5460e+02
2.5872e-02 2.6657e+02 -4.6435e+01 2.1837e+02 2.6105e+02
2.6476e-02 2.7307e+02 -4.7251e+01 2.2407e+02 2.6743e+02
2.7094e-02 2.7947e+02 -4.8032e+01 2.2970e+02 2.7372e+02
2.7726e-02 2.8575e+02 -4.8777e+01 2.3526e+02 2.7989e+02
2.8373e-02 2.9189e+02 -4.9481e+01 2.4071e+02 2.8592e+02
2.9035e-02 2.9787e+02 -5.0143e+01 2.4606e+02 2.9180e+02
2.9713e-02 3.0369e+02 -5.0762e+01 2.5129e+02 2.9753e+02
3.0406e-02 3.0935e+02 -5.1342e+01 2.5641e+02 3.0310e+02
3.1116e-02 3.1486e+02 -5.1880e+01 2.6141e+02 3.0852e+02
3.1842e-02 3.2022e+02 -5.2380e+01 2.6632e+02 3.1379e+02
3.2586e-02 3.2544e+02 -5.2844e+01 2.7113e+02 3.1894e+02
3.3346e-02 3.3056e+02 -5.3279e+01 2.7587e+02 3.2398e+02
3.4124e-02 3.3561e+02 -5.3686e+01 2.8056e+02 3.2895e+02
3.4921e-02 3.4059e+02 -5.4071e+01 2.8521e+02 3.3386e+02
3.5736e-02 3.4554e+02 -5.4436e+01 2.8986e+02 3.3874e+02
3.6570e-02 3.5044e+02 -5.4781e+01 2.9448e+02 3.4357e+02
3.7424e-02 3.5536e+02 -5.5114e+01 2.9913e+02 3.4842e+02
3.8297e-02 3.6029e+02 -5.5437e+01 3.0381e+02 3.5328e+02
3.9191e-02 3.6527e+02 -5.5752e+01 3.0855e+02 3.5819e+02
4.0106e-02 3.7031e+02 -5.6062e+01 3.1336e+02 3.6316e+02
4.1042e-02 3.7546e+02 -5.6374e+01 3.1828e+02 3.6824e+02
4.2000e-02 3.8074e+02 -5.6691e+01 3.2333e+02 3.7345e+02
4.2980e-02 3.8617e+02 -5.7016e+01 3.2853e+02 3.7882e+02
4.3983e-02 3.9186e+02 -5.7361e+01 3.3397e+02 3.8443e+02
4.5010e-02 3.9787e+02 -5.7736e+01 3.3970e+02 3.9036e+02
4.6060e-02 4.0425e+02 -5.8145e+01 3.4577e+02 3.9666e+02
4.7135e-02 4.1105e+02 -5.8597e+01 3.5223e+02 4.0337e+02
4.8235e-02 4.1827e+02 -5.9086e+01 3.5908e+02 4.1048e+02
4.9361e-02 4.2584e+02 -5.9603e+01 3.6625e+02 4.1795e+02
5.0513e-02 4.3379e+02 -6.0151e+01 3.7378e+02 4.2579e+02
5.1692e-02 4.4210e+02 -6.0724e+01 3.8166e+02 4.3399e+02
5.2899e-02 4.5076e+02 -6.1319e+01 3.8986e+02 4.4253e+02
5.4134e-02 4.5975e+02 -6.1932e+01 3.9838e+02 4.5139e+02
5.5397e-02 4.6899e+02 -6.2552e+01 4.0715e+02 4.6051e+02
5.6690e-02 4.7843e+02 -6.3172e+01 4.1615e+02 4.6982e+02
5.8013e-02 4.8793e+02 -6.3771e+01 4.2522e+02 4.7920e+02
5.9367e-02 4.9739e+02 -6.4337e+01 4.3430e+02 4.8853e+02
6.0753e-02 5.0677e+02 -6.4863e+01 4.4333e+02 4.9778e+02
6.2171e-02 5.1583e+02 -6.5322e+01 4.5212e+02 5.0672e+02
6.3622e-02 5.2448e+02 -6.5704e+01 4.6059e+02 5.1527e+02
6.5107e-02 5.3249e+02 -6.5981e+01 4.6852e+02 5.2318e+02
6.6627e-02 5.3958e+02 -6.6125e+01 4.7568e+02 5.3019e+02
6.8182e-02 5.4561e+02 -6.6122e+01 4.8194e+02 5.3616e+02
6.9773e-02 5.5076e+02 -6.5995e+01 4.8742e+02 5.4127e+02
7.1402e-02 5.5511e+02 -6.5760e+01 4.9222e+02 5.4558e+02
7.3068e-02 5.5837e+02 -6.5387e+01 4.9606e+02 5.4882e+02
7.4773e-02 5.5991e+02 -6.4809e+01 4.9838e+02 5.5037e+02
7.6519e-02 5.5940e+02 -6.3996e+01 4.9888e+02 5.4991e+02
7.8305e-02 5.5716e+02 -6.2994e+01 4.9784e+02 5.4775e+02
8.0132e-02 5.5360e+02 -6.1851e+01 4.9560e+02 5.4428e+02
8.2003e-02 5.4890e+02 -6.0596e+01 4.9232e+02 5.3970e+02
8.3917e-02 5.4321e+02 -5.9249e+01 4.8813e+02 5.3413e+02
8.5875e-02 5.3673e+02 -5.7839e+01 4.8321e+02 5.2780e+02
8.7880e-02 5.2987e+02 -5.6410e+01 4.7793e+02 5.2108e+02
8.9931e-02 5.2295e+02 -5.4998e+01 4.7258e+02 5.1431e+02
9.2030e-02 5.1640e+02 -5.3647e+01 4.6753e+02 5.0790e+02
9.4178e-02 5.1061e+02 -5.2391e+01 4.6313e+02 5.0224e+02
9.6376e-02 5.0594e+02 -5.1269e+01 4.5973e+02 4.9766e+02
9.8625e-02 5.0272e+02 -5.0309e+01 4.5764e+02 4.9453e+02
1.0093e-01 5.0118e+02 -4.9528e+01 4.5708e+02 4.9304e+02
1.0328e-01 5.0145e+02 -4.8931e+01 4.5816e+02 4.9333e+02
1.0569e-01 5.0349e+02 -4.8510e+01 4.6087e+02 4.9537e+02
1.0816e-01 5.0714e+02 -4.8234e+01 4.6504e+02 4.9898e+02
1.1068e-01 5.1214e+02 -4.8080e+01 4.7046e+02 5.0392e+02
1.1327e-01 5.1796e+02 -4.7995e+01 4.7667e+02 5.0968e+02
1.1591e-01 5.2413e+02 -4.7931e+01 4.8321e+02 5.1576e+02
1.1862e-01 5.2996e+02 -4.7827e+01 4.8947e+02 5.2153e+02
1.2139e-01 5.3472e+02 -4.7618e+01 4.9475e+02 5.2624e+02
1.2422e-01 5.3779e+02 -4.7249e+01 4.9847e+02 5.2927e+02
1.2712e-01 5.3845e+02 -4.6666e+01 4.9996e+02 5.2995e+02
1.3009e-01 5.3643e+02 -4.5858e+01 4.9895e+02 5.2797e+02
1.3312e-01 5.3156e+02 -4.4822e+01 4.9529e+02 5.2320e+02
1.3623e-01 5.2398e+02 -4.3577e+01 4.8907e+02 5.1574e+02
1.3941e-01 5.1410e+02 -4.2169e+01 4.8068e+02 5.0603e+02
1.4266e-01 5.0256e+02 -4.0654e+01 4.7070e+02 4.9468e+02
1.4599e-01 4.9022e+02 -3.9099e+01 4.5992e+02 4.8254e+02
1.4940e-01 4.7801e+02 -3.7589e+01 4.4921e+02 4.7052e+02
1.5289e-01 4.6696e+02 -3.6204e+01 4.3956e+02 4.5965e+02
1.5645e-01 4.5815e+02 -3.5022e+01 4.3198e+02 4.5098e+02
1.6011e-01 4.5200e+02 -3.4066e+01 4.2689e+02 4.4492e+02
1.6384e-01 4.4883e+02 -3.3352e+01 4.2460e+02 4.4180e+02
1.6767e-01 4.4812e+02 -3.2817e+01 4.2460e+02 4.4109e+02
1.7158e-01 4.4921e+02 -3.2421e+01 4.2631e+02 4.4215e+02
1.7559e-01 4.5121e+02 -3.2093e+01 4.2888e+02 4.4411e+02
1.7968e-01 4.5301e+02 -3.1754e+01 4.3128e+02 4.4587e+02
1.8388e-01 4.5343e+02 -3.1324e+01 4.3236e+02 4.4627e+02
1.8817e-01 4.5136e+02 -3.0731e+01 4.3107e+02 4.4422e+02
1.9256e-01 4.4613e+02 -2.9924e+01 4.2672e+02 4.3905e+02
1.9706e-01 4.3787e+02 -2.8929e+01 4.1944e+02 4.3090e+02
2.0166e-01 4.2740e+02 -2.7813e+01 4.1002e+02 4.2057e+02
2.0636e-01 4.1585e+02 -2.6656e+01 3.9953e+02 4.0917e+02
2.1118e-01 4.0454e+02 -2.5544e+01 3.8924e+02 3.9802e+02
2.1611e-01 3.9463e+02 -2.4549e+01 3.8026e+02 3.8824e+02
2.2115e-01 3.8706e+02 -2.3715e+01 3.7350e+02 3.8076e+02
2.2631e-01 3.8217e+02 -2.3049e+01 3.6929e+02 3.7591e+02
2.3160e-01 3.7952e+02 -2.2531e+01 3.6723e+02 3.7326e+02
2.3700e-01 3.7808e+02 -2.2097e+01 3.6633e+02 3.7180e+02
2.4253e-01 3.7648e+02 -2.1663e+01 3.6528e+02 3.7019e+02
2.4819e-01 3.7349e+02 -2.1160e+01 3.6287e+02 3.6720e+02
2.5399e-01 3.6821e+02 -2.0541e+01 3.5822e+02 3.6197e+02
2.5991e-01 3.6074e+02 -1.9791e+01 3.5139e+02 3.5456e+02
2.6598e-01 3.5174e+02 -1.8979e+01 3.4305e+02 3.4566e+02
2.7219e-01 3.4248e+02 -1.8176e+01 3.3443e+02 3.3651e+02
2.7854e-01 3.3404e+02 -1.7438e+01 3.2659e+02 3.2816e+02
2.8504e-01 3.2734e+02 -1.6811e+01 3.2042e+02 3.2151e+02
2.9170e-01 3.2245e+02 -1.6292e+01 3.1602e+02 3.1665e+02
2.9850e-01 3.1875e+02 -1.5828e+01 3.1274e+02 3.1295e+02
3.0547e-01 3.1513e+02 -1.5370e+01 3.0954e+02 3.0933e+02
3.1260e-01 3.1063e+02 -1.4881e+01 3.0545e+02 3.0484e+02
3.1990e-01 3.0474e+02 -1.4341e+01 2.9998e+02 2.9898e+02
3.2736e-01 2.9768e+02 -1.3763e+01 2.9334e+02 2.9199e+02
3.3500e-01 2.9026e+02 -1.3185e+01 2.8633e+02 2.8464e+02
3.4282e-01 2.8345e+02 -1.2641e+01 2.7990e+02 2.7788e+02
3.5082e-01 2.7766e+02 -1.2139e+01 2.7445e+02 2.7213e+02
3.5901e-01 2.7282e+02 -1.1693e+01 2.6992e+02 2.6730e+02
3.6739e-01 2.6836e+02 -1.1275e+01 2.6575e+02 2.6285e+02
3.7597e-01 2.6351e+02 -1.0854e+01 2.6119e+02 2.5802e+02
3.8474e-01 2.5797e+02 -1.0417e+01 2.5592e+02 2.5250e+02
3.9372e-01 2.5192e+02 -9.9740e+00 2.5015e+02 2.4651e+02
4.0291e-01 2.4590e+02 -9.5172e+00 2.4437e+02 2.4053e+02
4.1232e-01 2.4039e+02 -9.0940e+00 2.3908e+02 2.3505e+02
4.2194e-01 2.3542e+02 -8.7046e+00 2.3433e+02 2.3011e+02
4.3179e-01 2.3071e+02 -8.3369e+00 2.2982e+02 2.2542e+02
4.4187e-01 2.2585e+02 -7.9753e+00 2.2515e+02 2.2059e+02
4.5218e-01 2.2071e+02 -7.6158e+00 2.2019e+02 2.1548e+02
4.6273e-01 2.1544e+02 -7.2453e+00 2.1508e+02 2.1024e+02
4.7353e-01 2.1036e+02 -6.8860e+00 2.1015e+02 2.0520e+02
4.8459e-01 2.0557e+02 -6.5483e+00 2.0551e+02 2.0045e+02
4.9590e-01 2.0098e+02 -6.2279e+00 2.0105e+02 1.9588e+02
5.0747e-01 1.9637e+02 -5.9179e+00 1.9656e+02 1.9131e+02
5.1931e-01 1.9169e+02 -5.6164e+00 1.9199e+02 1.8666e+02
5.3144e-01 1.8703e+02 -5.3176e+00 1.8743e+02 1.8204e+02
5.4384e-01 1.8250e+02 -5.0201e+00 1.8300e+02 1.7755e+02
5.5653e-01 1.7813e+02 -4.7375e+00 1.7872e+02 1.7322e+02
5.6952e-01 1.7383e+02 -4.4668e+00 1.7450e+02 1.6896e+02
5.8282e-01 1.6954e+02 -4.2063e+00 1.7029e+02 1.6471e+02
5.9642e-01 1.6530e+02 -3.9567e+00 1.6611e+02 1.6051e+02
6.1034e-01 1.6118e+02 -3.7180e+00 1.6205e+02 1.5643e+02
6.2458e-01 1.5711e+02 -3.4745e+00 1.5804e+02 1.5241e+02
6.3916e-01 1.5312e+02 -3.2421e+00 1.5411e+02 1.4848e+02
6.5408e-01 1.4922e+02 -3.0205e+00 1.5026e+02 1.4463e+02
6.6935e-01 1.4538e+02 -2.8089e+00 1.4645e+02 1.4083e+02
6.8497e-01 1.4161e+02 -2.6073e+00 1.4273e+02 1.3712e+02
7.0096e-01 1.3792e+02 -2.4153e+00 1.3906e+02 1.3347e+02
7.1732e-01 1.3427e+02 -2.2233e+00 1.3544e+02 1.2988e+02
7.3406e-01 1.3068e+02 -2.0376e+00 1.3188e+02 1.2635e+02
7.5119e-01 1.2717e+02 -1.8611e+00 1.2840e+02 1.2290e+02
7.6873e-01 1.2373e+02 -1.6935e+00 1.2498e+02 1.1953e+02
7.8667e-01 1.2037e+02 -1.5344e+00 1.2163e+02 1.1622e+02
8.0503e-01 1.1708e+02 -1.3835e+00 1.1835e+02 1.1299e+02
8.2382e-01 1.1384e+02 -1.2369e+00 1.1513e+02 1.0981e+02
8.4305e-01 1.1065e+02 -1.0938e+00 1.1196e+02 1.0670e+02
8.6272e-01 1.0754e+02 -9.5837e-01 1.0886e+02 1.0366e+02
8.8286e-01 1.0451e+02 -8.3032e-01 1.0583e+02 1.0069e+02
9.0347e-01 1.0154e+02 -7.0938e-01 1.0287e+02 9.7786e+01
9.2455e-01 9.8652e+01 -5.9529e-01 9.9979e+01 9.4960e+01
9.4613e-01 9.5826e+01 -4.8716e-01 9.7151e+01 9.2198e+01
9.6822e-01 9.3033e+01 -3.8137e-01 9.4366e+01 8.9482e+01
9.9081e-01 9.0310e+01 -2.8181e-01 9.1647e+01 8.6834e+01
1.0139e+00 8.7653e+01 -1.8822e-01 8.8991e+01 8.4249e+01
1.0376e+00 8.5075e+01 -1.0038e-01 8.6409e+01 8.1740e+01
1.0618e+00 8.2550e+01 -1.8016e-02 8.3877e+01 7.9282e+01
1.0866e+00 8.0102e+01 5.9077e-02 8.1420e+01 7.6900e+01
1.1120e+00 7.7677e+01 1.3288e-01 7.8994e+01 7.4551e+01
1.1379e+00 7.5316e+01 2.0220e-01 7.6631e+01 7.2265e+01
1.1645e+00 7.3017e+01 2.6681e-01 7.4327e+01 7.0040e+01
1.1917e+00 7.0776e+01 3.2692e-01 7.2079e+01 6.7869e+01
1.2195e+00 6.8601e+01 3.8275e-01 6.9894e+01 6.5763e+01
1.2479e+00 6.6482e+01 4.3446e-01 6.7761e+01 6.3709e+01
1.2771e+00 6.4413e+01 4.8262e-01 6.5684e+01 6.1710e+01
1.3069e+00 6.2375e+01 5.2725e-01 6.3639e+01 5.9746e+01
1.3374e+00 6.0399e+01 5.6834e-01 6.1656e+01 5.7842e+01
1.3686e+00 5.8480e+01 6.0602e-01 5.9726e+01 5.5991e+01
1.4005e+00 5.6613e+01 6.4044e-01 5.7846e+01 5.4190e+01
1.4332e+00 5.4802e+01 6.7179e-01 5.6021e+01 5.2443e+01
1.4667e+00 5.3043e+01 7.0021e-01 5.4247e+01 5.0747e+01
1.5009e+00 5.1307e+01 7.2553e-01 5.2502e+01 4.9081e+01
1.5359e+00 4.9629e+01 7.4833e-01 5.0814e+01 4.7469e+01
1.5718e+00 4.7990e+01 7.6845e-01 4.9162e+01 4.5894e+01
1.6085e+00 4.6413e+01 7.8644e-01 4.7571e+01 4.4379e+01
1.6460e+00 4.4874e+01 8.0203e-01 4.6016e+01 4.2900e+01
1.6844e+00 4.3388e+01 8.1563e-01 4.4513e+01 4.1471e+01
1.7237e+00 4.1927e+01 8.2657e-01 4.3039e+01 4.0071e+01
1.7640e+00 4.0508e+01 8.3558e-01 4.1607e+01 3.8712e+01
1.8051e+00 3.9130e+01 8.4279e-01 4.0216e+01 3.7393e+01
1.8473e+00 3.7802e+01 8.4852e-01 3.8872e+01 3.6120e+01
1.8904e+00 3.6508e+01 8.5255e-01 3.7561e+01 3.4880e+01
1.9345e+00 3.5263e+01 8.5533e-01 3.6299e+01 3.3686e+01
1.9797e+00 3.4044e+01 8.5619e-01 3.5064e+01 3.2520e+01
2.0259e+00 3.2856e+01 8.5539e-01 3.3862e+01 3.1385e+01
2.0732e+00 3.1709e+01 8.5355e-01 3.2700e+01 3.0289e+01
2.1216e+00 3.0599e+01 8.5065e-01 3.1574e+01 2.9227e+01
2.1711e+00 2.9525e+01 8.4677e-01 3.0483e+01 2.8200e+01
2.2217e+00 2.8485e+01 8.4195e-01 2.9425e+01 2.7206e+01
2.2736e+00 2.7479e+01 8.3618e-01 2.8402e+01 2.6244e+01
2.3267e+00 2.6494e+01 8.2889e-01 2.7402e+01 2.5304e+01
2.3810e+00 2.5543e+01 8.2095e-01 2.6435e+01 2.4397e+01
2.4365e+00 2.4624e+01 8.1243e-01 2.5500e+01 2.3519e+01
2.4934e+00 2.3738e+01 8.0340e-01 2.4597e+01 2.2673e+01
2.5516e+00 2.2879e+01 7.9379e-01 2.3721e+01 2.1853e+01
2.6112e+00 2.2051e+01 7.8378e-01 2.2875e+01 2.1062e+01
2.6721e+00 2.1243e+01 7.7264e-01 2.2051e+01 2.0292e+01
2.7345e+00 2.0460e+01 7.6105e-01 2.1253e+01 1.9546e+01
2.7983e+00 1.9706e+01 7.4923e-01 2.0483e+01 1.8826e+01
2.8636e+00 1.8976e+01 7.3711e-01 1.9737e+01 1.8131e+01
2.9304e+00 1.8275e+01 7.2487e-01 1.9019e+01 1.7461e+01
2.9988e+00 1.7597e+01 7.1241e-01 1.8324e+01 1.6814e+01
3.0688e+00 1.6938e+01 6.9939e-01 1.7649e+01 1.6186e+01
3.1405e+00 1.6300e+01 6.8602e-01 1.6996e+01 1.5578e+01
3.2138e+00 1.5685e+01 6.7259e-01 1.6365e+01 1.4992e+01
3.2888e+00 1.5092e+01 6.5913e-01 1.5757e+01 1.4427e+01
3.3655e+00 1.4520e+01 6.4568e-01 1.5169e+01 1.3881e+01
3.4441e+00 1.3969e+01 6.3223e-01 1.4603e+01 1.3356e+01
3.5245e+00 1.3436e+01 6.1866e-01 1.4054e+01 1.2848e+01
3.6067e+00 1.2919e+01 6.0477e-01 1.3523e+01 1.2355e+01
3.6909e+00 1.2421e+01 5.9094e-01 1.3010e+01 1.1880e+01
3.7771e+00 1.1942e+01 5.7728e-01 1.2516e+01 1.1423e+01
3.8652e+00 1.1480e+01 5.6373e-01 1.2040e+01 1.0983e+01
3.9554e+00 1.1035e+01 5.5032e-01 1.1581e+01 1.0559e+01
4.0478e+00 1.0607e+01 5.3706e-01 1.1138e+01 1.0150e+01
4.1422e+00 1.0191e+01 5.2351e-01 1.0708e+01 9.7532e+00
4.2389e+00 9.7900e+00 5.1016e-01 1.0294e+01 9.3715e+00
4.3379e+00 9.4039e+00 4.9698e-01 9.8947e+00 9.0034e+00
4.4391e+00 9.0330e+00 4.8404e-01 9.5106e+00 8.6496e+00
4.5427e+00 8.6763e+00 4.7131e-01 9.1407e+00 8.3092e+00
4.6487e+00 8.3333e+00 4.5880e-01 8.7847e+00 7.9816e+00
4.7572e+00 8.0009e+00 4.4627e-01 8.4399e+00 7.6646e+00
4.8683e+00 7.6805e+00 4.3386e-01 8.1074e+00 7.3591e+00
4.9819e+00 7.3722e+00 4.2169e-01 7.7872e+00 7.0651e+00
5.0982e+00 7.0763e+00 4.0979e-01 7.4795e+00 6.7826e+00
5.2172e+00 6.7914e+00 3.9811e-01 7.1829e+00 6.5106e+00
5.3389e+00 6.5180e+00 3.8671e-01 6.8979e+00 6.2494e+00
5.4636e+00 6.2543e+00 3.7545e-01 6.6230e+00 5.9976e+00
5.5911e+00 5.9994e+00 3.6427e-01 6.3575e+00 5.7544e+00
5.7216e+00 5.7546e+00 3.5335e-01 6.1020e+00 5.5206e+00
5.8551e+00 5.5194e+00 3.4270e-01 5.8565e+00 5.2960e+00
5.9918e+00 5.2937e+00 3.3231e-01 5.6206e+00 5.0804e+00
6.1316e+00 5.0768e+00 3.2217e-01 5.3936e+00 4.8730e+00
6.2747e+00 4.8686e+00 3.1228e-01 5.1755e+00 4.6739e+00
6.4212e+00 4.6670e+00 3.0245e-01 4.9646e+00 4.4814e+00
6.5711e+00 4.4734e+00 2.9286e-01 4.7618e+00 4.2964e+00
6.7244e+00 4.2878e+00 2.8355e-01 4.5671e+00 4.1190e+00
6.8814e+00 4.1095e+00 2.7448e-01 4.3800e+00 3.9485e+00
7.0420e+00 3.9386e+00 2.6566e-01 4.2004e+00 3.7849e+00
7.2064e+00 3.7745e+00 2.5709e-01 4.0278e+00 3.6278e+00
7.3745e+00 3.6162e+00 2.4864e-01 3.8614e+00 3.4764e+00
7.5467e+00 3.4639e+00 2.4039e-01 3.7012e+00 3.3308e+00
7.7228e+00 3.3179e+00 2.3238e-01 3.5475e+00 3.1911e+00
7.9031e+00 3.1780e+00 2.2461e-01 3.4000e+00 3.0571e+00
8.0875e+00 3.0438e+00 2.1707e-01 3.2584e+00 2.9286e+00
8.2763e+00 2.9151e+00 2.0976e-01 3.1225e+00 2.8053e+00
8.4695e+00 2.7914e+00 2.0262e-01 2.9918e+00 2.6868e+00
8.6671e+00 2.6722e+00 1.9562e-01 2.8659e+00 2.5726e+00
8.8694e+00 2.5580e+00 1.8884e-01 2.7452e+00 2.4632e+00
9.0764e+00 2.4486e+00 1.8228e-01 2.6294e+00 2.3584e+00
9.2883e+00 2.3438e+00 1.7592e-01 2.5183e+00 2.2578e+00
9.5051e+00 2.2434e+00 1.6977e-01 2.4119e+00 2.1615e+00
9.7269e+00 2.1471e+00 1.6381e-01 2.3097e+00 2.0691e+00
9.9540e+00 2.0541e+00 1.5795e-01 2.2111e+00 1.9800e+00
1.0186e+01 1.9653e+00 1.5230e-01 2.1168e+00 1.8948e+00
1.0424e+01 1.8801e+00 1.4682e-01 2.0263e+00 1.8130e+00
1.0667e+01 1.7984e+00 1.4152e-01 1.9394e+00 1.7346e+00
1.0916e+01 1.7205e+00 1.3642e-01 1.8565e+00 1.6598e+00
1.1171e+01 1.6456e+00 1.3147e-01 1.7766e+00 1.5878e+00
1.1432e+01 1.5738e+00 1.2665e-01 1.7001e+00 1.5189e+00
1.1699e+01 1.5048e+00 1.2198e-01 1.6266e+00 1.4526e+00
1.1972e+01 1.4386e+00 1.1745e-01 1.5560e+00 1.3890e+00
1.2251e+01 1.3754e+00 1.1309e-01 1.4886e+00 1.3283e+00
1.2537e+01 1.3150e+00 1.0889e-01 1.4239e+00 1.2702e+00
1.2830e+01 1.2571e+00 1.0483e-01 1.3621e+00 1.2145e+00
1.3129e+01 1.2016e+00 1.0089e-01 1.3027e+00 1.1611e+00
1.3436e+01 1.1482e+00 9.7053e-02 1.2455e+00 1.1097e+00
1.3749e+01 1.0973e+00 9.3375e-02 1.1910e+00 1.0608e+00
1.4070e+01 1.0485e+00 8.9815e-02 1.1387e+00 1.0138e+00
1.4398e+01 1.0019e+00 8.6388e-02 1.0887e+00 9.6893e-01
1.4735e+01 9.5730e-01 8.3088e-02 1.0408e+00 9.2601e-01
1.5078e+01 9.1458e-01 7.9896e-02 9.9493e-01 8.8484e-01
1.5430e+01 8.7354e-01 7.6794e-02 9.5087e-01 8.4534e-01
1.5791e+01 8.3431e-01 7.3805e-02 9.0870e-01 8.0755e-01
1.6159e+01 7.9672e-01 7.0920e-02 8.6826e-01 7.7133e-01
1.6536e+01 7.6089e-01 6.8152e-02 8.2968e-01 7.3679e-01
1.6922e+01 7.2668e-01 6.5489e-02 7.9280e-01 7.0379e-01
1.7317e+01 6.9396e-01 6.2924e-02 7.5751e-01 6.7223e-01
1.7721e+01 6.6246e-01 6.0427e-02 7.2354e-01 6.4185e-01
1.8135e+01 6.3240e-01 5.8026e-02 6.9111e-01 6.1286e-01
1.8558e+01 6.0365e-01 5.5715e-02 6.6007e-01 5.8512e-01
1.8991e+01 5.7621e-01 5.3493e-02 6.3041e-01 5.5863e-01
1.9435e+01 5.4999e-01 5.1356e-02 6.0204e-01 5.3331e-01
1.9888e+01 5.2498e-01 4.9306e-02 5.7498e-01 5.0915e-01
2.0352e+01 5.0094e-01 4.7316e-02 5.4894e-01 4.8593e-01
2.0828e+01 4.7796e-01 4.5399e-02 5.2406e-01 4.6374e-01
2.1314e+01 4.5599e-01 4.3554e-02 5.0026e-01 4.4252e-01
2.1811e+01 4.3506e-01 4.1785e-02 4.7755e-01 4.2229e-01
2.2320e+01 4.1507e-01 4.0086e-02 4.5586e-01 4.0296e-01
2.2841e+01 3.9594e-01 3.8450e-02 4.3508e-01 3.8446e-01
2.3374e+01 3.7772e-01 3.6880e-02 4.1526e-01 3.6683e-01
2.3920e+01 3.6017e-01 3.5355e-02 3.9620e-01 3.4986e-01
2.4478e+01 3.4348e-01 3.3895e-02 3.7805e-01 3.3372e-01
2.5049e+01 3.2753e-01 3.2493e-02 3.6069e-01 3.1829e-01
2.5634e+01 3.1231e-01 3.1147e-02 3.4411e-01 3.0355e-01
2.6232e+01 2.9778e-01 2.9854e-02 3.2828e-01 2.8948e-01
2.6845e+01 2.8394e-01 2.8615e-02 3.1317e-01 2.7607e-01
2.7471e+01 2.7067e-01 2.7418e-02 2.9870e-01 2.6322e-01
2.8112e+01 2.5799e-01 2.6267e-02 2.8486e-01 2.5094e-01
2.8769e+01 2.4588e-01 2.5161e-02 2.7164e-01 2.3921e-01
2.9440e+01 2.3434e-01 2.4102e-02 2.5903e-01 2.2803e-01
3.0127e+01 2.2335e-01 2.3088e-02 2.4701e-01 2.1737e-01
3.0830e+01 2.1284e-01 2.2112e-02 2.3551e-01 2.0718e-01
3.1550e+01 2.0280e-01 2.1174e-02 2.2452e-01 1.9744e-01
3.2286e+01 1.9321e-01 2.0272e-02 2.1402e-01 1.8814e-01
3.3040e+01 1.8406e-01 1.9407e-02 2.0399e-01 1.7927e-01
3.3811e+01 1.7533e-01 1.8577e-02 1.9442e-01 1.7080e-01
3.4600e+01 1.6703e-01 1.7783e-02 1.8530e-01 1.6273e-01
3.5408e+01 1.5910e-01 1.7022e-02 1.7660e-01 1.5503e-01
3.6234e+01 1.5153e-01 1.6291e-02 1.6828e-01 1.4768e-01
3.7080e+01 1.4429e-01 1.5586e-02 1.6033e-01 1.4066e-01
3.7945e+01 1.3739e-01 1.4912e-02 1.5275e-01 1.3395e-01
3.8831e+01 1.3081e-01 1.4265e-02 1.4551e-01 1.2756e-01
3.9737e+01 1.2455e-01 1.3646e-02 1.3861e-01 1.2147e-01
4.0665e+01 1.1857e-01 1.3053e-02 1.3203e-01 1.1567e-01
4.1614e+01 1.1289e-01 1.2487e-02 1.2576e-01 1.1014e-01
4.2585e+01 1.0745e-01 1.1940e-02 1.1976e-01 1.0485e-01
4.3579e+01 1.0225e-01 1.1415e-02 1.1403e-01 9.9794e-02
4.4596e+01 9.7309e-02 1.0914e-02 1.0858e-01 9.4989e-02
4.5637e+01 9.2597e-02 1.0434e-02 1.0338e-01 9.0405e-02
4.6702e+01 8.8115e-02 9.9750e-03 9.8424e-02 8.6043e-02
4.7792e+01 8.3845e-02 9.5356e-03 9.3700e-02 8.1884e-02
4.8908e+01 7.9764e-02 9.1133e-03 8.9187e-02 7.7912e-02
5.0049e+01 7.5870e-02 8.7080e-03 8.4879e-02 7.4122e-02
5.1218e+01 7.2160e-02 8.3200e-03 8.0772e-02 7.0510e-02
5.2413e+01 6.8633e-02 7.9496e-03 7.6866e-02 6.7075e-02
5.3636e+01 6.5275e-02 7.5952e-03 7.3142e-02 6.3803e-02
5.4888e+01 6.2079e-02 7.2564e-03 6.9596e-02 6.0688e-02
5.6169e+01 5.9031e-02 6.9315e-03 6.6212e-02 5.7716e-02
5.7480e+01 5.6117e-02 6.6192e-03 6.2979e-02 5.4877e-02
5.8822e+01 5.3343e-02 6.3205e-03 5.9899e-02 5.2174e-02
6.0195e+01 5.0704e-02 6.0350e-03 5.6966e-02 4.9601e-02
6.1600e+01 4.8195e-02 5.7623e-03 5.4175e-02 4.7153e-02
6.3038e+01 4.5808e-02 5.5018e-03 5.1519e-02 4.4824e-02
6.4509e+01 4.3537e-02 5.2528e-03 4.8989e-02 4.2608e-02
6.6014e+01 4.1364e-02 5.0131e-03 4.6571e-02 4.0488e-02
6.7555e+01 3.9296e-02 4.7839e-03 4.4267e-02 3.8471e-02
6.9132e+01 3.7327e-02 4.5647e-03 4.2072e-02 3.6549e-02
7.0746e+01 3.5458e-02 4.3557e-03 3.9987e-02 3.4724e-02
7.2397e+01 3.3679e-02 4.1558e-03 3.8000e-02 3.2986e-02
7.4087e+01 3.1989e-02 3.9653e-03 3.6113e-02 3.1336e-02
7.5816e+01 3.0375e-02 3.7821e-03 3.4309e-02 2.9759e-02
7.7585e+01 2.8837e-02 3.6069e-03 3.2592e-02 2.8258e-02
7.9396e+01 2.7375e-02 3.4395e-03 3.0957e-02 2.6829e-02
8.1249e+01 2.5986e-02 3.2796e-03 2.9402e-02 2.5471e-02
8.3146e+01 2.4665e-02 3.1271e-03 2.7922e-02 2.4180e-02
8.5086e+01 2.3410e-02 2.9815e-03 2.6516e-02 2.2953e-02
8.7072e+01 2.2216e-02 2.8422e-03 2.5177e-02 2.1785e-02
8.9105e+01 2.1075e-02 2.7084e-03 2.3898e-02 2.0669e-02
9.1184e+01 1.9991e-02 2.5808e-03 2.2682e-02 1.9609e-02
9.3313e+01 1.8962e-02 2.4590e-03 2.1527e-02 1.8603e-02
9.5490e+01 1.7984e-02 2.3429e-03 2.0428e-02 1.7646e-02
9.7719e+01 1.7056e-02 2.2321e-03 1.9385e-02 1.6737e-02
1.0000e+02 1.6174e-02 2.1263e-03 1.8392e-02 1.5873e-02
