0.000010100000000000005	62.09390056415253
0.000010189813457795877	62.63249583157856
0.000010280425574720605	63.170876104366215
0.00001037184345278781	63.71786165848386
0.00001046407425716529	64.26824676829231
0.000010557125216736457	64.82362359928648
0.000010651003624667081	65.38483802393034
0.000010745716838976756	65.9476980198992
0.00001084127228311575	66.51654587174855
0.000010937677446546777	67.09022313207181
0.000011034939885331955	67.66878362471041
0.000011133067222725169	68.25313359598702
0.00001123206714976941	68.84350446325665
0.000011331947425899729	69.43955573409788
0.000011432715879551343	70.03812483015088
0.000011534380408773153	70.64164321333077
0.000011636948981846925	71.25449178217887
0.00001174042963791166	71.86847259912673
0.000011844830487593838	72.48794802988247
0.000011950159713643045	73.11460117189249
0.000012056425571573264	73.74810198203149
0.000012163636390310075	74.38326624069434
0.000012271800572843288	75.02291939662065
0.000012380926596885729	75.66991932810585
0.00001249102301553753	76.32371326482954
0.000012602098457956664	76.98477158021723
0.000012714161630035213	77.65121258438649
0.000012827221315081656	78.32028495211571
0.000012941286374509442	78.99713290497925
0.000013056365748531354	79.67637136072014
0.000013172468456860405	80.36473653025314
0.000013289603599416613	81.06046582007984
0.000013407780357040384	81.75815541648574
0.00001352700799221203	82.4620954846793
0.00001364729584977767	83.17796659596458
0.000013768653357681831	83.89653800878048
0.000013891090027706203	84.61713764980738
0.000014014615456215319	85.35063792336616
0.000014139239324908628	86.08582640497826
0.000014264971401579264	86.8288330274418
0.000014391821540879791	87.5808124211959
0.0000145197996850944	88.33617841008301
0.000014648915864918335	89.09633206996294
0.000014779180200244018	89.8654458541059
0.000014910602900954138	90.64398442583183
0.000015043194267722072	91.42638180927057
0.000015176964692819019	92.21325912763297
0.000015311924660928744	93.00788804819989
0.00001544808474996913	93.81238991232648
0.000015585455631921448	94.62449059248286
0.000015724048073666725	95.4407211538253
0.000015863872937829552	96.26271018450319
0.000016004941183629664	97.09540769066469
0.000016147263867740686	97.93211225283531
0.00001629085214515697	98.7799712352565
0.00001643571727006765	99.63328555624723
0.000016581870596738946	100.49198392922183
0.00001672932358040401	101.35975983255553
0.000016878087778160652	102.23650953101057
0.000017028174849877402	103.11927754564076
0.000017179596559107126	104.00786097676473
0.000017332364774009253	104.90346505149847
0.000017486491468279893	105.80992165525116
0.000017641988722090213	106.72325652597884
0.000017798868723033486	107.64712274329229
0.000017957143767080063	108.57626156820339
0.000018116826259541358	109.51259912810231
0.00001827792871604203	110.4593570783689
0.00001844046376350086	111.4138300889391
0.000018604444141120647	112.37559873396305
0.00001876988270138641	113.34481147777534
0.000018936792411073024	114.32114284337645
0.000019105186352261253	115.3139065475268
0.00001927507772336334	116.3057888161908
0.00001944647984015738	117.31209439554915
0.00001961940613683087	118.32746738866432
0.000019793870167033913	119.3425324541901
0.000019969885604941226	120.37282066644212
0.00002014746624632421	121.41554653029895
0.000020326626009631934	122.46243154746587
0.00002050737893708229	123.51816083170132
0.000020689739195762483	124.58768389361805
0.00002087372107873934	125.66450856310021
0.00002105933900617979	126.74465728459309
0.00002124660752648083	127.8371828240371
0.000021435541317410043	128.9426443949669
0.00002162615518725591	130.05094429081308
0.000021818464075988345	131.17867607310833
0.000022012483056429924	132.31607090102926
0.000022208227335436955	133.45384760177166
0.00002240571225509165	134.6040896715585
0.000022604953293904477	135.76628573911225
0.000022805966068027227	136.93870926644007
0.000023008766332477253	138.11834071066662
0.00002321336998237201	139.3099336008912
0.000023419793054175194	140.52143979093756
0.000023628051726953336	141.72443212321772
0.000023838162323644168	142.9533331095888
0.000024050141312335872	144.1893937932847
0.00002426400530755768	145.43525506671307
0.00002447977107158239	146.6881439701401
0.000024697455515739837	147.95595659952238
0.000024917075701742687	149.23495357033397
0.000025138648843023383	150.51587666604814
0.000025362192306083596	151.81703837716478
0.000025587723611855248	153.12440642274214
0.000025815260437073646	154.4530651606191
0.000026044820615663255	155.78996900914902
0.000026276422140135128	157.13781049478743
0.000026510083162997463	158.49095578193027
0.000026745821998178196	159.85327597508194
0.000026983657122460306	161.2312112505326
0.000027223607176930292	162.62342513285432
0.00002746569096843887	164.03553815900352
0.000027709927471075345	165.44508171415484
0.000027956335827654613	166.87091199609725
0.000028204935351217415	168.32005143323948
0.000028455745526544383	169.76917084109743
0.000028708786011682838	171.22769187134134
0.00002896407663948794	172.7087063869653
0.000029221637419176757	174.20407335645527
0.00002948148853789691	175.7071237333299
0.000029743650362308637	177.21936350338015
0.00003000814344018095	178.7498271883295
0.00003027498850200251	180.29942527450694
0.00003054420646260599	181.85018744658728
0.00003081581842280779	183.42037084058137
0.00003108984567106147	185.00977550337356
0.00003136630968512662	186.60671226203
0.00003164523213375216	188.21585531463953
0.000031926634878374474	189.8438700403067
0.00003221053997483128	191.48580074569026
0.000032496969675089866	193.13763457100436
0.000032785946428991654	194.79829659151153
0.000033077492886011257	196.4858777252524
0.00003337163189703215	198.1797471042185
0.000033668386516137507	199.88575037377726
0.00003396778000241694	201.61601094624223
0.000034269835821789865	203.3567421535921
0.00003457457764884456	205.1125715703817
0.00003488202936869353	206.8791854693444
0.00003519221507884602	208.6713597398353
0.00003550515909109624	210.4719446230331
0.000035820885933429366	212.28523944760482
0.00003613942035194351	214.11858107434446
0.000036460787312789704	215.96843491762885
0.000036785012004128534	217.8307091531949
0.00003711211983810412	219.71111794118286
0.00003744213645283636	221.61200945685306
0.00003777508771442984	223.5196390451215
0.00003811099971900172	225.45376440011947
0.00003844989879472658	227.3984122566534
0.000038791811503900416	229.35626751979547
0.00003913676464502237	231.33825488674844
0.00003948478525489491	233.34168097392782
0.00003983590061074346	235.35723487158853
0.00004019013823235371	237.38599246425196
0.00004054752588422921	239.42863874256912
0.00004090809157776686	241.49428681395884
0.000041271863573452946	243.58342909566386
0.000041638870383077904	245.68795893318662
0.00004200914077197081	247.80928154587644
0.00004238270376125441	249.9500949845528
0.00004275958863011947	252.1076728311961
0.00004313982491811948	254.28220583459637
0.000043523442427486374	256.4801881145319
0.00004391047122546579	258.69268977529316
0.00004430094164667431	260.9197447632416
0.00004469488429547639	263.17501909884317
0.00004509233004838364	265.45392538965814
0.000045493310056474615	267.74262465047156
0.00004589785574783617	270.0458995275989
0.00004630599883002728	272.3784880927217
0.00004671777129256355	274.7356653282577
0.00004713320540942521	277.1007819289319
0.000047552333741585964	279.49736851101005
0.000047975189139565684	281.91078203308973
0.000048401804746004914	284.34529458682033
0.00004883221399826228	286.79731497503377
0.00004926645063103583	289.27623581557714
0.00004970454867900642	291.77593585649123
0.000050146542479505995	294.2886935289619
0.00005059246667520818	296.8280897756662
0.00005104235621684411	299.38558045243724
0.00005149624636594157	301.9708695755552
0.00005195417269758844	304.5849284283973
0.00005241617110322154	307.21012675927415
0.000052882277793439496	309.8612859269983
0.00005335252930084056	312.5391603246517
0.0000538269624828866	315.2349039608308
0.00005430561452479123	317.9531474112182
0.00005478852294243502	320.6994453169342
0.00005527572558530517	323.4657100476516
0.0000557672606394628	326.26707200959356
0.000056263166630535555	329.0802956883177
0.00005676348242673692	331.92420771115235
0.000057268247241913305	334.7868882711176
0.00005777750063861679	337.6760727248451
0.00005829128253120673	340.5957521044753
0.00005880963318897741	343.53066355548066
0.00005933259323931493	346.49609119739523
0.000059860203670881267	349.4784577398524
0.000060392505836826514	352.5020564888424
0.00006092954145803086	355.5512553647985
0.0000614713526263737	358.6137837411141
0.00006201798180803362	361.7082919119352
0.0000625694718468159	364.83505250219974
0.00006312586596751135	367.9799356134483
0.00006368720777928384	371.15216739178936
0.00006425354127908797	374.36196258344785
0.00006482491085511825	377.59560452517013
0.0000654013612902873	380.848655770156
0.00006598293776573658	384.13385797316784
0.00006656968586437736	387.45087285258137
0.00006716165157446298	390.7942274948413
0.00006775888129319421	394.1676916948014
0.00006836142183035478	397.57242106857876
0.00006896932041198116	400.99901569747
0.0000695826246840636	404.4576306844029
0.00007020138271628026	407.957671936361
0.00007082564300576559	411.4761545442951
0.00007145545448091052	415.0227316096045
0.00007209086650519839	418.6095449500924
0.0000727319288810729	422.2286156988895
0.00007337869185384246	425.86898616632715
0.00007403120611561799	429.5383347349269
0.00007468952280928557	433.25020289660733
0.00007535369353251596	436.9949813676444
0.00007602377034180762	440.7643286632737
0.00007669980575656786	444.5618353207921
0.00007738185276322817	448.40136243049636
0.00007806996481939814	452.2728378605544
0.00007876419585805493	456.1770233410721
0.0000794646002917701	460.11432133510607
0.00008017123301697513	464.0792212554243
0.00008088414941826371	468.0928654645971
0.0000816034053727324	472.12786516379157
0.00008232905725436045	476.2041609429849
0.00008306116193842862	480.3144038781364
0.00008379977680597661	484.4564748294337
0.00008454495974830009	488.6380355538587
0.00008529676917148897	492.8556725729274
0.00008605526400100475	497.1065065517988
0.0000868205036862985	501.39874989805116
0.00008759254820547151	505.72071710649254
0.00008837145806997497	510.082188692471
0.00008915729432935409	514.4882424014834
0.00008995011857603167	518.9314267270936
0.00009074999295013684	523.410109550968
0.00009155698014437491	527.924711292097
0.00009237114340894069	532.4778663192884
0.00009319254655647702	537.0729024174116
0.00009402125396707504	541.7098384052384
0.00009485733059332145	546.3888071869167
0.00009570084196538803	551.1010205989014
0.000096551854196169	555.8509873963418
0.00009741043398646233	560.6432121505466
0.00009827664863019706	565.4830406666621
0.00009915056601970873	570.3659145232306
0.0001000322546510602	575.2984252943181
0.00010092178362940978	580.2711971092533
0.00010181922267442802	585.2421028346188
0.0001027246421257625	590.2981675540764
0.00010363811294855064	595.4126218801798
0.00010455970673898118	600.519665602267
0.00010548949572990696	605.7036860599255
0.00010642755279650574	610.9580134038584
0.00010737395146199158	616.2233802202234
0.00010832876590337868	621.5282251093234
0.00010929207095729373	626.9212802459219
0.00011026394212584308	632.3152072918334
0.00011124445558252881	637.7508340486781
0.00011223368817822053	643.2551414093714
0.00011323171744717812	648.8037217001313
0.00011423862161312825	654.4065618627943
0.00011525447959539671	660.068633062253
0.00011627937101509239	665.7562571518396
0.0001173133762013495	671.4817783222919
0.0001183565761976219	677.3044983196318
0.00011940905276803665	683.141199803892
0.00012047088840380194	689.032324834866
0.00012154216632967185	694.9892198058292
0.00012262297051047075	700.9624507518895
0.00012371338565767362	706.9797255152532
0.00012481349723604513	713.0707508068297
0.00012592339147033866	719.2289547689023
0.00012704315535205495	725.4428179763958
0.00012817287664625975	731.7094479254284
0.00012931264389846216	738.0068442483581
0.00013046254644155596	744.3713190835779
0.0001316226744028206	750.8056212635074
0.00013279311871098475	757.2786170153831
0.00013397397110335443	763.7984443533325
0.0001351653241330016	770.3923243087073
0.00013636727117602015	777.044113948481
0.0001375799064388425	783.7299217615114
0.0001388033249656252	790.4983183093127
0.0001400376226456974	797.3372689173596
0.00014128289622107598	804.2015700023371
0.00014253924329404952	811.1428028896867
0.00014380676233482633	818.1323244570431
0.00014508555268925432	825.1805761223292
0.0001463757145866055	832.2914031251056
0.00014767734914743373	839.456566297151
0.00014899055839149927	846.7010877115996
0.00015031544524576445	854.0276709282097
0.0001516521135524623	861.393580900661
0.00015300066807723476	868.7988584815711
0.00015436121451734345	876.2856256713843
0.00015573385950995463	883.8338147387095
0.00015711871064049776	891.4550424033457
0.0001585158764510973	899.1455994475564
0.00015992546644907912	906.8911900056721
0.0001613475911155553	914.7239643364331
0.0001627823619140826	922.6094099295099
0.00016422989129939773	930.539162273515
0.00016569029272623357	938.5677148457233
0.00016716368065820917	946.6599245221404
0.0001686501705768034	954.843913499466
0.00017014987899040404	963.0754996995931
0.00017166292344344142	971.344999461132
0.0001731894225256005	979.715764387956
0.0001747294958811148	988.1565692247566
0.00017628326421814607	996.693635779445
0.00017785084931824262	1005.2917189216029
0.00017943237404588691	1013.9604711564283
0.0001810279623581229	1022.6946505578352
0.0001826377393142738	1031.4880419604483
0.00018426183108574305	1040.3768495830286
0.0001859003649659024	1049.3533486172548
0.00018755346938007097	1058.3720270930507
0.00018922127389557985	1067.5020646057976
0.00019090390923192692	1076.6968803156253
0.00019260150727102283	1085.9782898442172
0.00019431420106752852	1095.3298486535823
0.00019604212485928305	1104.764594796882
0.0001977854140778239	1114.2773487055913
0.00019954420535900388	1123.8603838908043
0.00020131863655369945	1133.543286965126
0.00020310884673861414	1143.3540651530866
0.00020491497622718153	1153.235068261532
0.00020673716658055994	1163.1733258701868
0.00020857556061873076	1173.1053586976732
0.00021043030243168926	1183.1984348327483
0.00021230153739074087	1193.3858128473905
0.00021418941215989393	1203.6667745072125
0.00021609407470735386	1214.0834109207672
0.00021801567431712328	1224.5487224809592
0.00021995436160069949	1235.0007580897175
0.0002219102885088823	1245.6526390858899
0.00022388360834368055	1256.4020718842037
0.00022587447577033034	1267.2538800339973
0.00022788304682941623	1278.1695599876036
0.00022990947894910025	1289.1697995267014
0.00023195393095746324	1300.2785223898422
0.00023401656309495226	1311.4704817636396
0.00023609753702693917	1322.7444790690838
0.00023819701585639248	1334.1583112528913
0.00024031516413666187	1345.5859687618447
0.00024245214788437482	1357.1690395002497
0.00024460813459244727	1368.7759996853426
0.0002467832932432142	1380.585864849204
0.00024897779432167267	1392.4750961008133
0.0002511918098288429	1404.410429139591
0.0002534255132952524	1416.5039875790403
0.0002556790797945336	1428.7083988710806
0.0002579526859571493	1441.019692154469
0.0002602465099842329	1453.3510650782846
0.0002625607316615589	1465.9416238030205
0.00026489553237363245	1478.5056650821532
0.0002672510951179052	1491.1974241972657
0.0002696276045191208	1504.0355418776494
0.0002720252468437822	1516.95566858251
0.00027444421001475455	1530.021074217507
0.00027688468362599037	1543.2270947393342
0.000279346858957393	1556.418153580096
0.0002818309289898073	1569.785989013993
0.00028433708842014367	1583.335439383171
0.0002868655336766411	1596.939340298231
0.00028941646293426115	1610.6375273440233
0.0002919900761302198	1624.4752738785423
0.00029458657497965894	1638.4196969363104
0.00029720616299145757	1652.4739990792261
0.0002998490454841815	1666.7015873137352
0.0003025154296021742	1681.014609002482
0.0003052055243317955	1695.520417693352
0.0003079195405178001	1709.9837136384167
0.00031065769087986204	1724.6980770464313
0.0003134201900292483	1739.540169044036
0.00031620725448564105	1754.4303095268724
0.00031901910269410645	1769.4955204438825
0.00032185595504221476	1784.7325694717888
0.0003247180338773172	1800.0613852628874
0.00032760556352397116	1815.489119404496
0.00033051877030152094	1831.1141768491514
0.0003334578825418403	1846.8090951578804
0.00033642313060722374	1862.6678269481633
0.0003394147469084465	1878.6412128423317
0.0003424329659229774	1894.7344200877299
0.00034547802421335775	1911.0057090302903
0.000348550160445743	1927.3892468008485
0.0003516496154086082	1943.9293395506684
0.0003547766320316223	1960.5305544367152
0.000357931455404685	1977.3339807773918
0.0003611143327971412	1994.2592391842793
0.00036432551367715743	2011.412809430765
0.00036756524973127655	2028.6611094801488
0.0003708337948841455	2045.9939889302022
0.0003741314053184138	2063.570660152756
0.0003774583394948177	2081.248140348669
0.00038081485817243366	2099.0078224492763
0.0003842012244291183	2117.039233539449
0.00038761770368212726	2135.2132892237537
0.00039106456370891814	2153.4226915799036
0.00039454207466813984	2171.8650996171336
0.0003980505091208035	2190.487411368593
0.0004015901420516501	2209.204984234728
0.0004051612508906994	2228.1394708178664
0.0004087641155349959	2247.206134670788
0.00041239901837054806	2266.407332194082
0.00041606624429445726	2285.848909857004
0.0004197660807372524	2305.397334110193
0.00042349881768541457	2325.1136354841897
0.00042726474770410713	2344.958499562895
0.0004310641659601062	2364.9666726664973
0.00043489737024493503	2385.2154203314694
0.00043876466099820606	2405.6325571347293
0.00044266634133116476	2426.159645632479
0.00044660271705045226	2446.94236009063
0.00045057409668206977	2467.8352564439215
0.0004545807914955617	2488.8774420978216
0.00045862311552841405	2510.06886271756
0.0004627013856106639	2531.5447071852445
0.00046681592138973706	2553.227923069647
0.0004709670453554977	2574.973352189366
0.00047515508286552613	2596.9328862038965
0.00047938036217061935	2619.062714516624
0.0004836432144405185	2641.4642909576773
0.0004879439737898672	2663.9449893424576
0.0004922829773043947	2686.705801227377
0.0004966605650673411	2709.586767416368
0.0005010770801861089	2732.6502575918817
0.0005055328688191558	2755.975192379267
0.0005100282802031285	2779.435719899154
0.00051456366668023	2803.088214335364
0.0005191393837258419	2826.969767639092
0.0005237557899763805	2851.096865996199
0.0005284132472574095	2875.2810612336684
0.0005331121206119974	2899.736101781457
0.0005378527783293295	2924.409755405719
0.0005426355919735754	2949.299161318871
0.0005474609364130068	2974.437535521518
0.0005523291898493853	2999.733480977192
0.0005572407338476003	3025.2286061834716
0.0005621959533655773	3050.8824993113503
0.0005671952367844495	3076.8366898883164
0.0005722389759390005	3102.969404621063
0.0005773275661483724	3129.338808391529
0.0005824614062470522	3155.917008263516
0.0005876408986161313	3182.6789682445938
0.0005928664492148437	3209.6584403637903
0.0005981384676123829	3236.8837769922743
0.0006034573670200064	3264.414151196866
0.0006088235643234188	3292.0748967468276
0.0006142374801154485	3319.955263404806
0.0006196995387290126	3348.067708301793
0.0006252101682703755	3376.452990571232
0.0006307698006527024	3405.066734895201
0.0006363788716299141	3433.88671372579
0.0006420378208308373	3462.949688374977
0.000647747091793664	3492.260855628589
0.000653507132000715	3521.868407948632
0.0006593183929135125	3551.5703471577913
0.000665181330008164	3581.6522763740613
0.0006710964028110646	3611.9039562559096
0.0006770640749349102	3642.4182643914833
0.0006830848141150363	3673.222350274199
0.0006891590922460787	3704.2572441441775
0.0006952873854189591	3735.548309853457
0.0007014701739581995	3767.0539081868124
0.0007077079424595722	3798.790329533913
0.0007140011798280775	3830.7971138018793
0.0007203503793162654	3863.1207584854233
0.000726756038562896	3895.702724682196
0.0007332186596319426	3928.5142894617525
0.0007397387490519425	3961.614820194123
0.0007463168178557005	3995.005109106403
0.0007529533816203381	4028.5981549184917
0.0007596489605077068	4062.4380336602444
0.0007664040793051568	4096.583941879187
0.0007732192674666682	4131.071679380756
0.0007800950591543487	4165.793449278956
0.0007870319932803026	4200.750384104128
0.0007940306135488659	4236.065667468998
0.0008010914684992232	4271.682285154493
0.000808215111548401	4307.5071539053315
0.0008154021010346432	4343.647449651397
0.000822653000261172	4380.01037396376
0.0008299683775403415	4416.704368288248
0.0008373488062381767	4453.781846936193
0.0008447948648193158	4491.038122859687
0.0008523071368923482	4528.601322501279
0.000859886211255557	4566.479864476449
0.0008675326819430673	4604.66088353917
0.0008752471482714081	4643.2032676377
0.0008830302148864814	4682.000222536819
0.0008908824918109562	4721.101602277004
0.0008988045944920802	4760.5223608978395
0.0009067971438499177	4800.210439484055
0.000914860766326015	4840.246215165178
0.0009229960939325031	4880.587216886196
0.0009312037643016288	4921.251385999473
0.0009394844207357349	4962.2592093884205
0.000947838712257679	5003.5557032628085
0.0009562672936617047	5045.1955411384015
0.0009647708255647609	5087.178113841088
0.0009733499744582806	5129.452885338032
0.0009820054127604224	5172.076152617785
0.0009907378188687675	5214.960193473614
0.0009995478772134956	5258.34407304804
0.001008436278311028	5302.113478074791
0.0010174037188181492	5346.044379478883
0.0010264509015866083	5390.339420150732
0.0010355785357182114	5434.921301068753
0.0010447873366203945	5479.989645679133
0.0010540780260622983	5524.9263421505175
0.001063451332231339	5570.5919056870935
0.001072907989790283	5616.753698717749
0.001082448739934826	5663.254970271952
0.0010920743304516916	5709.947133361464
0.001101785515777235	5756.868776965755
0.0011115830570565788	5804.505621111069
0.0011214677222032687	5852.130815914947
0.0011314402859594615	5900.254024586809
0.0011415015299566466	5949.110157352998
0.0011516522427769133	5998.129410864157
0.0011618932200147527	6047.162255976943
0.0011722252643394176	6096.715731931249
0.001182649185557835	6146.950304539014
0.0011931658006780759	6197.453936691231
0.0012037759339733904	6248.194816267345
0.0012144804170468179	6299.289340740569
0.0012252800888963584	6350.938103689391
0.0012361757959807374	6402.654089195022
0.0012471683922857478	6455.056513044577
0.001258258739391185	6507.824124437556
0.0012694477065383729	6560.843597273314
0.0012807361706982999	6614.473810216331
0.0012921250166403465	6668.550160744265
0.0013036151370016365	6722.719084599098
0.001315207432357	6777.376893335698
0.0013269028112895568	6832.62557138866
0.001338702190461931	6888.0163889675705
0.0013506064946881	6943.836669528942
0.0013626166570058736	7000.297603488994
0.0013747336187500284	7057.11458870591
0.0013869583296260862	7114.127165930837
0.0013992917477847514	7171.713907341236
0.0014117348398970068	7229.9724990428085
0.0014242885812298847	7288.351767322662
0.001436953955722899	7346.823023369585
0.0014497319560651707	7406.293776521123
0.0014626235837732302	7465.907583350437
0.0014756298492695152	7525.934842913448
0.0014887517719615643	7586.7449906248485
0.001501990380321922	7647.747362569034
0.0015153467119687404	7709.059595371565
0.00152882181374711	7770.929605004885
0.0015424167418111097	7833.157481780925
0.0015561325617065864	7895.94168601704
0.0015699703484546672	7959.050787178531
0.0015839311866360257	8022.693765200392
0.0015980161704758785	8086.895974090748
0.001612226403929757	8151.382336222099
0.0016265630007700294	8216.18985810666
0.001641027084673198	8281.66578300999
0.001655619789307968	8347.444032350082
0.0016703422584241105	8413.6297963454
0.0016851956459420958	8480.404089721344
0.0017001811160435437	8547.6362256552
0.0017152998432624677	8615.484058529828
0.0017305530125773325	8683.82823276025
0.00174594181950393	8752.501072456356
0.0017614674701890865	8821.6813174257
0.0017771311815051902	8891.123334026552
0.0017929341811455724	8960.930201733507
0.001808877707720732	9031.562856947885
0.001824963010855414	9102.648498983643
0.0018411913512865515	9174.174132577558
0.001857564000962088	9246.13834069644
0.001874082243140658	9318.496059827814
0.0018907473724921753	9391.242055572871
0.0019075606951993041	9464.482157548182
0.0019245235290598353	9538.573403785314
0.0019416372035899719	9612.689648383715
0.0019589030601285403	9687.64040784737
0.001976322451942112	9763.15755472293
0.0019938967443310783	9838.807336527392
0.002011627314736655	9914.971855740483
0.0020295155528488474	9991.975566084693
0.002047562860715368	10069.336416301967
0.002065770652851534	10146.82171187246
0.002084140356351123	10225.339460605272
0.0021026734109982357	10303.960811986928
0.0021213712693801375	10383.36397360225
0.0021402353970011146	10463.142970983507
0.002159267272397332	10543.360294254278
0.0021784683872527267	10624.165147358119
0.002197840246515913	10705.358507232471
0.0022173843685181454	10786.945454848734
0.002237102285092319	10869.37201013408
0.002256995541693033	10952.054396373233
0.002277065697517718	11035.358242115297
0.0022973143256288524	11119.243203633167
0.0023177430130772426	11203.393441991688
0.002338353361026422	11288.063191687106
0.002359146984878145	11373.431435760069
0.0023801255143990003	11459.3596349396
0.002401290593848144	11545.677443054128
0.0024226438821061866	11631.957390801645
0.002444187052805196	11719.327380493709
0.002465921794459885	11807.491742820872
0.002487849810599951	11895.517265427105
0.0025099728199035956	11984.471225658905
0.002532292556332229	12074.464077474495
0.0025548107692663848	12164.18282751615
0.0025775292236428172	12253.892771931083
0.0026004497000928464	12345.483441018809
0.0026235739950819163	12436.838288541083
0.0026469039210503973	12529.035984951446
0.002670441306555644	12621.120346608272
0.0026941879964153185	12714.098552197793
0.002718145851851974	12807.642653606474
0.00274231675063894	12901.510021308291
0.0027667025872474996	12995.776225731317
0.0027913052729953715	13090.389605184508
0.002816126736196517	13185.893080142094
0.0028411689223122832	13282.240114913384
0.0028664337941038736	13378.478913885503
0.0028919233317861942	13475.833741877297
0.002917639533183056	13573.15402654002
0.0029435844138837623	13671.095416810283
0.002969760007401083	13769.524265494016
0.0029961683653306486	13868.034153909424
0.003022811557511736	13967.831992050149
0.0030496916721895065	14068.428220488668
0.003076810816178679	14168.677515175032
0.003104171115028657	14269.199974746252
0.0031317747131901215	14370.304072438308
0.0031596237741831224	14472.347837764433
0.0031877204807666333	14574.772478169121
0.0032160670351096435	14677.624240009502
0.003244665658963757	14781.221356309758
0.00327351859383733	14884.906642061567
0.003302628101171153	14989.336860530475
0.0033319964625157105	15094.798604401321
0.003361625979709986	15200.427262190828
0.003391518975061889	15305.814840609024
0.0034216777915302703	15411.883873812152
0.0034521047929085584	15518.522328722467
0.003482802364010026	15625.45768259481
0.0035137729108547203	15733.225507244097
0.0035450188608580234	15841.6860725484
0.003576542663020922	15950.25481992846
0.0036083467881219515	16058.648606542194
0.003640433728910852	16168.006666729349
0.003672806000303942	16278.317860105542
0.0037054661395812447	16389.04439179091
0.003738416706585339	16499.71937783877
0.003771660283922004	16610.666818014437
0.003805199477162641	16722.303616491332
0.0038390369150484885	16833.903951919805
0.003873175249696657	16946.40810029166
0.003907617156808012	17059.86823828747
0.003942365335876867	17172.683659222785
0.003977422510402583	17286.80782373287
0.004012791428103021	17400.93832907041
0.004048474861129913	17514.777266016656
0.004084475606286125	17629.829356957896
0.004120796485244886	17745.45038194677
0.004157440344770922	17861.293277268527
0.004194410056943593	17976.866320167574
0.004231708519382002	18093.409129001993
0.0042693386554720995	18209.87736511746
0.004307303414595815	18327.189037504257
0.0043456057723622364	18445.01999524571
0.00438424873084081	18562.644958255718
0.004423235318796654	18680.590560492157
0.004462568591927941	18799.239102101496
0.004502251633105401	18917.97886883388
0.004542287552613947	19037.85948310109
0.004582679488396467	19156.509549181377
0.004623430606299748	19275.89725732238
0.004664544100322628	19396.267846319362
0.004706023192866327	19516.971643483732
0.004747871134987014	19637.704323706665
0.004790091206650617	19758.398663536977
0.004832686716989919	19879.340038269638
0.004875661004563888	20000.944968592565
0.004919017437619376	20122.757126851564
0.004962759414355102	20244.569575653564
0.005006890363188002	20366.31019830691
0.005051413743021938	20488.51082294271
0.0050963330435188125	20611.247157760743
0.005141651785372064	20734.07366203803
0.005187373520582622	20857.093939940558
0.005233501832737307	20980.765416963583
0.005280040337289705	21103.4721023202
0.005326992681843534	21227.13812370241
0.0053743625464385564	21351.05404270881
0.005422153643838985	21474.844665878743
0.005470369719824501	21598.636766230138
0.00551901455348384	21722.39540920526
0.005568091957510986	21846.37947870419
0.005617605778504001	21970.949055728794
0.005667559897266533	22094.70971835919
0.005717958229111956	22219.615847861212
0.0057688047241702695	22344.385358854972
0.00582010336769769	22468.339931992774
0.005871858180389016	22592.689288712812
0.00592407321869275	22717.524030793
0.005976752575129064	22842.367697345995
0.006029900378610528	22967.30402990742
0.0060835207947657465	23092.069791053356
0.0061376180262658515	23216.848035103678
0.006192196313153898	23340.66064249968
0.0062472599331771855	23465.11203645318
0.0063028132021225635	23590.05702779535
0.006358860474154658	23714.24772917205
0.006415406142157172	23838.456507126633
0.0064724546380771795	23963.034619779883
0.006530010433272496	24086.703128454
0.006588078038862133	24210.52460708673
0.006646662006079887	24334.26855469404
0.00670576692663103	24457.997870999716
0.006765397433052218	24580.916571435995
0.006825558199074574	24704.384707391775
0.006886253939990011	24827.66236243683
0.006947489413020799	24950.450953475676
0.00700926941769245	25073.03907232612
0.007071598796209865	25194.66991227164
0.007134482433836875	25316.38593342843
0.007197925259279139	25438.12266080552
0.0072619322450704436	25559.955170573074
0.007326508407962436	25680.86105371969
0.007391658809317852	25801.651403170406
0.007457388555507182	25921.986923346547
0.007523702798308917	26041.675618109253
0.007590606735313341	26161.12821843486
0.007658105610329895	26279.8343956844
0.007726204713798182	26398.51484821633
0.007794909383202643	26516.19664168606
0.007864225003490861	26633.83643274076
0.007934157007495647	26750.812274228414
0.008004710876360855	26867.561124310218
0.008075892139970982	26983.810754393715
0.008147706377384576	27099.02285442319
0.008220159217271553	27213.718166082414
0.008293256338354309	27328.145338602557
0.008367003469852845	27440.728885627228
0.008441406391933798	27554.406429258855
0.008516470936163485	27666.415969591588
0.00859220298596496	27778.08047720945
0.008668608477079178	27888.59199773984
0.008745693398030186	27998.04811345001
0.008823463790594512	28107.36603529118
0.008901925750274715	28215.73375364791
0.008981085426777129	28323.167090819064
0.009060949024493859	28430.796889207908
0.009141522802989107	28536.634432137642
0.009222813077489737	28641.329354654295
0.009304826219380273	28745.1546946545
0.009387568656702285	28848.12579073862
0.009471046874658193	28950.188023570205
0.009555267416119574	29051.32661420021
0.009640236882139963	29151.6299003782
0.009725961932472276	29250.960162991785
0.009812449286090737	29348.493891988222
0.009899705721717524	29445.04586586994
0.009987738078354071	29541.058784095236
0.010076553255817099	29635.911722860204
0.010166158215279395	29728.9957277616
0.010256559979815458	29820.602146218174
0.010347765634951902	29911.70779355896
0.010439782329222836	30002.436699229154
0.010532617274730148	30090.49237986286
0.010626277747708777	30176.72401611207
0.010720771089097	30263.04562800523
0.010816104705111844	30347.217877976025
0.010912286067829506	30429.888424457393
0.01100932271577105	30510.91881143363
0.011107222254493242	30590.3267960203
0.01120599235718467	30669.40031382631
0.011305640765267133	30746.557971499733
0.011406175289002451	30821.366168351233
0.011507603808104555	30894.384448525794
0.011609934272357122	30967.185262468076
0.011713174702236658	31037.46493136975
0.011817333189541125	31105.53061363886
0.011922417898024156	31172.540441972018
0.012028437064034954	31237.999522396516
0.012135398997163777	31301.408690568995
0.012243312080893277	31363.549901480394
0.012352184773255566	31423.019746654885
0.012462025607495143	31481.20221669891
0.012572843192737703	31537.805117093638
0.012684646214664948	31592.380829341062
0.012797443436195294	31645.07004310608
0.01291124369817073	31696.16663947473
0.013026055920049741	31745.156237009094
0.013141889100606393	31791.33288312443
0.013258752318635636	31835.866396571
0.013376654733664926	31877.74007572395
0.013495605586672062	31917.700519151447
0.013615614200809532	31954.341360113216
0.013736689982135217	31988.68053377307
0.013858842420349633	32020.826550943686
0.013982081089539704	32050.09984470716
0.014106415648929206	32077.010836475987
0.014231855843635767	32101.87940916389
0.014358411505434723	32123.14459111364
0.0144860925535297	32142.672249093706
0.014614908995330064	32160.363953519398
0.014744870927235271	32176.209612575385
0.014875988535426259	32190.94834059289
0.015008272096663736	32203.793738385608
0.015141731979093718	32214.83387044442
0.015276378643060142	32225.671117268583
0.015412222641924735	32234.683705296127
0.015549274622894151	32242.815851210864
0.015687545327854536	32250.126670305486
0.01582704559421337	32255.818296908
0.015967786355748952	32258.94134987476
0.01610977864346734	32259.984330209045
0.016253033586466948	32258.448639675964
0.016397562412810814	32253.48214889597
0.01654337645040669	32245.718405033196
0.016690487127894806	32234.31140680495
0.016838905975543706	32219.37330923611
0.016988644626153935	32200.044519291765
0.017139714815969806	32176.15725025757
0.01729212838559925	32147.565548175706
0.01744589728094192	32115.049167073066
0.017601033554125404	32079.07558486139
0.017757549364449895	32039.47603376836
0.017915456979341212	31996.457518968968
0.0180747687753123	31949.443535643233
0.018235497238933255	31900.048760770358
0.01839765496781007	31848.058640893385
0.018561254671571915	31793.186108900918
0.018726309172867342	31735.547278863036
0.01889283140836932	31675.198843842132
0.01906083442978915	31612.613998441833
0.019230331404899444	31547.885703142823
0.019401335618566252	31479.546194452283
0.019573860473790197	31408.582919452794
0.01974791949275705	31335.041586929958
0.019923526317897566	31257.16816806825
0.020100694712956738	31175.417759411626
0.020279438564072563	31090.228611336905
0.020459771880864498	31000.777392884134
0.020641708797531366	30906.54282385736
0.020825263573959283	30808.362429548062
0.021010450596839272	30706.559864668492
0.021197284380794885	30600.651179019653
0.0213857795695198	30490.62570584699
0.02157595093692565	30376.830611187757
0.021767813388299865	30259.73001515381
0.021961381961473996	30139.347624920567
0.02215667182800232	30016.10011800852
0.022353698294350983	29890.632131691607
0.02255247680309765	29762.819706317932
0.02275302293414197	29632.606687491385
0.02295535240592655	29501.020005480354
0.023159481076669056	29367.522421638314
0.023365424945605087	29232.080849686983
0.023573200154242212	29094.383573539653
0.02378282298762505	28954.436584495274
0.023994309875611783	28812.946558245592
0.02420767739416174	28670.0902106933
0.024422942266634697	28524.782321162074
0.024640121365101592	28377.471184494418
0.024859231711666933	28228.680365865304
0.025080290479802935	28077.916787727532
0.02530331499569563	27924.687230202715
0.02552832273960274	27769.89004050732
0.025755331347223825	27613.307354472705
0.02598435861108252	27454.501164208712
0.02621542248192109	27294.103503117287
0.026448541070107325	27131.440044248866
0.026683732647054127	26965.649985042928
0.026921015646651433	26798.82659898321
0.027160408666711117	26630.032386523842
0.027401930470424638	26458.722331609202
0.027645599987833665	26285.02556416715
0.02789143631731375	26109.244792614107
0.028139458727071333	25931.37157760909
0.028389686656653784	25751.325801124076
0.02864213971847316	25569.613196497547
0.028896837699343342	25386.202120742324
0.02915380056203091	25200.44365312003
0.029413048446819745	25013.27005797769
0.02967460167308971	24825.29794345363
0.02993848074090908	24635.44630271685
0.030204706332641402	24444.49847053069
0.030473299314566493	24253.468031003944
0.030744280738516035	24060.119786352625
0.03101767184352328	23866.50228279579
0.03129349405748814	23671.874278746927
0.03157176899885621	23477.162332979533
0.03185251847831362	23281.6092002895
0.03213576450049628	23085.55772492708
0.03242152926571444	22889.705291875507
0.032709835171693104	22694.532767516026
0.03300070481532704	22499.628500299586
0.03329416099445239	22303.829996153607
0.03359022670963301	22109.812510504104
0.033888925165963646	21916.156759932062
0.03419027977488853	21722.17785172366
0.03449431415603616	21529.811042295896
0.03480105213907095	21338.7876102065
0.03511051776556049	21148.20679392075
0.03542273529086033	20959.055179439416
0.03573772918601486	20771.803137913816
0.0360555241396751	20583.85835022601
0.036376145060034254	20399.035071381357
0.03669961707677939	20214.29089282711
0.03702596554306164	20032.098540196046
0.03735521603748275	19851.140553316265
0.037687394366100385	19671.391171288866
0.03802252656445057	19493.639355966297
0.038360638899588066	19317.780259306557
0.03870175787214565	19143.69923260084
0.039045910218410605	18971.075607228846
0.03939312291242077	18800.734507117573
0.03974342316807849	18631.82801503529
0.040096838441283415	18464.923719583727
0.040453396432084884	18300.34405029389
0.04081312508685248	18137.977697159615
0.041176052600466986	17977.809105592958
0.041542207418529625	17819.92514112226
0.04191161823959215	17664.051460510553
0.04228431401740592	17509.900602650596
0.04266032396319104	17358.334683761113
0.0430396775479264	17210.314701905576
0.04342240450465894	17064.61942145878
0.043808534830834626	16921.126987940013
0.04419809879064938	16780.92571065205
0.04459112691742084	16644.153941402157
0.04498765001598213	16509.81587471051
0.04538769916509558	16378.149315308878
0.04579130571988933	16250.25725227532
0.0461985013143142	16126.121173511614
0.04660931786362368	16004.662469135303
0.04702378756687515	15885.885958004668
0.047441942909453326	15769.671023184235
0.047863816665617016	15656.589279647122
0.04828944190106719	15546.755034665961
0.04871885197553925	15438.71852886439
0.04915208054541739	15332.336714284704
0.049589161566372365	15228.713293161798
0.05003012929602335	15127.917115960681
0.050475018296622404	15028.008163429175
0.05092386343776404	14930.298728995474
0.05137669989911754	14835.09639716451
0.05183356317318493	14741.611970171649
0.052294489068082504	14649.745210044193
0.05275951371034715	14559.697670382246
0.053228673547768536	14471.53608756458
0.05370200535224505	14384.151485178596
0.054179546222666596	14298.649032855157
0.054661333587822034	14214.08718451757
0.05514740520933253	14130.452950819958
0.05563779918461186	14047.805546946309
0.0561325539498517	13966.001965096622
0.056631708283034925	13884.834139871275
0.05713530130697418	13803.6514154995
0.057643372492378976	13722.504704620678
0.05815596166094898	13641.393347497493
0.058673108988494926	13560.24228940374
0.05919485500808818	13478.43251885884
0.059721240613236866	13396.215646750716
0.06025230706109173	13314.09752515438
0.060788095975679496	13231.387122240943
0.06132864935116495	13146.979961656316
0.061874009555143154	13061.607424064843
0.06242421933195922	12975.469442632955
0.06297932180605945	12887.478629448062
0.06353936048537046	12798.529062632377
0.06410437926471002	12707.410020317066
0.06467442242922714	12614.082603714289
0.06524953465787266	12518.554654803038
0.065829761026902	12420.226094679956
0.06641514701340714	12319.267868673776
0.06700573849888193	12215.664488293009
0.06760158177281776	12109.416114101969
0.06820272353633135	12000.246234282846
0.06880921090582591	11889.916272903487
0.06942109141668311	11778.186773984344
0.07003841302698972	11664.486379212129
0.07066122412129562	11549.789511911109
0.07128957351440678	11434.603754334259
0.07192351045521105	11317.067975725537
0.07256308463053779	11197.147454032207
0.07320834616905308	11074.314872239891
0.07385934564518773	10947.850288136895
0.07451613408310206	10817.255472855217
0.0751787629606848	10682.498350901758
0.07584728421358732	10543.864947832997
0.07652175023929522	10401.987998086997
0.07720221390123416	10257.67989472443
0.07788872853291415	10111.436753831793
0.0785813479421087	9963.643870357264
0.07928012641507319	9814.948585073282
0.07998511872079925	9665.67793501627
0.080696380115307	9515.868245459566
0.08141396634597703	9365.645444469894
0.08213793365591851	9215.353700499983
0.08286833878837851	9065.18474141945
0.08360523899118898	8915.105511714732
0.08434869202125322	8765.474666317901
0.08509875614907396	8616.776998627442
0.08585549016331911	8469.375680671308
0.08661895337543088	8323.577706749687
0.08738920562427314	8179.695630409971
0.0881663072808227	8037.939360981192
0.08895031925290049	7898.570207031451
0.08974130298994502	7761.946160357591
0.09053932048782974	7628.3519157696155
0.0913444342937209	7498.013213201281
0.09215670751098116	7371.252276858482
0.09297620380411424	7248.243728838238
0.09380298740375595	7129.077017103595
0.094637123111708	7014.086453855737
0.09547867630601653	6903.382775650054
0.0963277129460975	6796.97679241846
0.09718429957790516	6695.123767326776
0.09804850333914888	6598.064509079653
0.09892039196455492	6505.59074871446
0.09980003379117469	6417.707171237397
0.10068749776374222	6334.319267583793
0.10158285344007648	6255.728120368494
0.10248617099653454	6181.275389712977
0.10339752123351056	6111.0977800087085
0.10431697558098618	6045.221321190833
0.10524460610412854	5982.771485239942
0.10618048550893808	5924.27681638654
0.1071246871479484	5868.632260510604
0.10807728502597397	5816.603245624693
0.10903835380591187	5767.304361323288
0.11000796881459313	5720.372707519077
0.11098620604868611	5675.431377208114
0.11197314218065439	5632.0709097238505
0.11296885456476465	5589.977879035042
0.11397342124315103	5548.90265274639
0.11498692095193054	5508.65747043043
0.11600943312737544	5467.984945804302
0.11704103791213888	5427.432547302055
0.11808181616153561	5386.224017989674
0.11913184944988078	5343.895447219043
0.12019122007688188	5300.05479422818
0.12126001107409073	5254.607752523805
0.12233830621141074	5207.419752787227
0.12342619000366194	5157.740969101247
0.12452374771720665	5105.452716971225
0.1256310653766307	5050.380475147142
0.12674822977148784	4992.304539612043
0.1278753284631	4931.601193063441
0.1290124497914222	4868.005412187057
0.1301596828819654	4801.332134841975
0.1313171176527816	4731.96133038013
0.1324848448215129	4660.216554669013
0.1336629559125	4585.887156479401
0.13485154326395732	4509.145316634847
0.1360507000352096	4430.943662978868
0.13726052021399288	4351.042211791448
0.13848109862382274	4269.681392074501
0.13971253093142438	4187.539132168723
0.14095491365423296	4104.994161532453
0.14220834416795627	4022.0995920251594
0.1434729207142087	3939.315267138565
0.14474874240821056	3857.6398845079702
0.14603590924655566	3777.2244148250848
0.14733452211505071	3698.2467703732195
0.14864468279662052	3621.084895417938
0.14996649397928738	3546.3837587540443
0.1513000592642187	3474.3851570040424
0.1526454831738464	3405.46465493385
0.15400287116006103	3340.2021734394375
0.15537232961247463	3278.675565263779
0.15675396586676169	3220.7067112334857
0.1581478882130696	3166.328936133382
0.1595542059045083	3115.9428744215847
0.1609730291657124	3069.410914193866
0.16240446920147958	3026.563329446231
0.16384863820548862	2986.9316985800083
0.16530564936909056	2950.1059990459294
0.16677561689018267	2916.003882167353
0.16825865598215792	2884.3924533333834
0.16975488288293453	2854.686151421342
0.17126441486406846	2826.4151018980106
0.17278737023994262	2799.456002532266
0.17432386837704242	2773.359317823427
0.17587402970330923	2747.729383712437
0.17743797571758133	2722.1083527452115
0.1790158289991159	2696.090163911097
0.18060771321719563	2669.384654396498
0.18221375314082383	2641.5223140625744
0.18383407464850116	2612.2348193557136
0.18546880473809388	2581.1923632450093
0.18711807153678686	2548.2436112592045
0.1887820043111249	2513.0521219364036
0.19046073347714676	2475.7418871589994
0.19215439061060427	2436.423344136758
0.19386310845727758	2395.184307255496
0.19558702094337702	2352.385279758934
0.1973262631860422	2308.088685140426
0.19908097150393136	2262.9067800692796
0.2008512834279046	2217.269247406491
0.20263733771180584	2171.2754536138627
0.20443927434333528	2125.3987058989533
0.2062572345550238	2080.222728397229
0.2080913608353015	2035.9321271400925
0.20994179693966455	1992.7383035467356
0.21180868790194515	1951.2787749194426
0.2136921800456759	1911.4344421146814
0.21559242099556147	1873.720096035705
0.2175095596890461	1838.11888358021
0.21944374638798975	1804.8682454494203
0.2213951326904442	1774.0044519482365
0.2233638715425338	1745.411835495023
0.22535011725044587	1718.972687369594
0.2273540254925219	1694.4949030302973
0.22937575333146193	1671.6661264057211
0.2314154592266338	1650.4163201490558
0.2334733030464916	1630.1562145699097
0.23554944608110875	1610.7086157548497
0.23764405105481637	1591.5849904443073
0.23975728213896055	1572.4915994733428
0.24188930496476654	1553.193868670634
0.24404028663632357	1533.4007028503415
0.24621039574368087	1512.8397606743142
0.24839980237606007	1491.232398319948
0.2506086781351898	1468.5988167510197
0.2528371961487516	1444.8220052457423
0.2550855310839528	1420.144410349783
0.2573538591612153	1394.592915942503
0.2596423581679857	1368.3819797032406
0.26195120747267336	1341.7068371805121
0.2642805880387056	1314.7404155376596
0.2666306824387142	1287.896447659424
0.26900167486884236	1261.47116662722
0.2713937511631841	1235.6026328643509
0.27380709880834875	1210.5480308175354
0.2762419069581541	1186.3835445410984
0.27869836644845536	1163.4467052462612
0.2811766698120986	1141.8336386445435
0.28367701129401474	1121.462107897331
0.2861995868664424	1102.3382407018867
0.2887445942442865	1084.419195234863
0.29131223290061825	1067.5545700862717
0.2939027040823055	1051.5389152124412
0.2965162108257901	1036.1790084223576
0.29915295797299746	1021.1856139142419
0.3018131521873953	1006.3961865801199
0.3044970019701901	991.6345202115656
0.30720471767666724	976.7036352126765
0.30993651153268226	961.4813575320853
0.31269259765129026	945.8746260269887
0.31547319204953145	929.8559181847932
0.31827851266536067	913.4270906854192
0.32110877937472737	896.6992160346467
0.3239642140088127	879.7426670993889
0.3268450403714121	862.6816614512736
0.32975148425648076	845.699524589093
0.3326837734658269	828.9738550119687
0.33564213782696994	812.6578300285515
0.3386268092111526	796.9081961217566
0.3416380215515127	781.7874817700565
0.34467601086142247	767.2634654702584
0.34774101525298207	753.4261286614974
0.3508332749556868	740.2001554955251
0.35395303233525377	727.5408866395951
0.3571005319126165	715.4089141560497
0.3602760203830941	703.6853913186001
0.363479746635722	692.2227985083108
0.36671196177276444	680.8634765371127
0.3699729191293902	669.5638092155988
0.37326287429353305	658.1897539176574
0.37658208512592267	646.7647182223191
0.37993081178029287	635.2264073111287
0.38330931672377677	623.5954230475738
0.3867178647574734	611.9598624323496
0.39015672303720655	600.3544391478648
0.3936261610944625	588.8210657785139
0.3971264508575129	577.4768254449972
0.400657866672733	566.4268941488178
0.40422068532609895	555.6707530908265
0.4078151860648872	545.2798164007836
0.411441650619556	535.2402561790504
0.4151003632258316	525.5292407559026
0.4187916106469843	516.1378422505062
0.422515682196302	507.0155492512685
0.42627286975977124	498.10330884108305
0.43006346781894894	489.32687130993594
0.4338877734740483	480.66852486336467
0.437746086467223	472.0320640883545
0.44163870920605786	463.4514487358495
0.4455659467872767	454.91317042673654
0.44952810702064866	446.407966914111
0.4535255004531205	437.9756448677914
0.4575584403931501	429.6405542769575
0.4616272429352684	421.4448650014669
0.46573222698485256	413.4264059210077
0.4698737142831181	405.6087839579283
0.47405202943234237	397.9983655681383
0.47826749992129974	390.5777960535274
0.4825204561509353	383.3459305959529
0.4868112314602587	376.2935905847606
0.49114016215246786	369.3824442916372
0.49550758752131413	362.58325699618575
0.49991384987768844	355.89467182720654
0.5043592945764578	349.26785789230695
0.5088442700435271	342.7072677590346
0.5133691278031534	336.23324583344134
0.517934222505496	329.848902687992
0.5225399119544105	323.5541700002975
0.5271865571354982	317.3709649704346
0.5318745222443932	311.31833179782996
0.5366041747153137	305.3805925554989
0.5413758852498576	299.5953087437039
0.5461900278460547	293.92313189252417
0.5510469798276872	288.3713132254788
0.5559471218738552	282.9366765370665
0.560890838048822	277.5978406984625
0.5658785158321081	272.336935034921
0.5709105461488683	267.149451453787
0.5759873234005287	262.0404926209605
0.5811092454956961	257.02212128927664
0.5862767138813525	252.07723600709798
0.5914901335743115	247.2140997076459
0.5967499131929701	242.45530013386897
0.6020564649893323	237.79167455144875
0.6074102048813176	233.2229175456806
0.6128115524853672	228.7455608307881
0.6182609311493245	224.34667577255064
0.6237587679856242	220.0273894213441
0.6293054939047611	215.78774356174497
0.6349015436490706	211.6341751521782
0.6405473558268004	207.54457366285004
0.6462433729464845	203.54122880036016
0.6519900414516333	199.6085984142577
0.657787811755717	195.73835569320184
0.6636371382774755	191.94020908513258
0.6695384794765319	188.21389804329263
0.6754922978893219	184.55157926071175
0.6814990601653547	180.9578312276252
0.6875592371037793	177.44282433116098
0.6936733036902937	173.97975979295836
0.6998417391343641	170.5749546268442
0.7060650269067932	167.24081943990447
0.7123436547776099	163.96948482394285
0.7186781148542957	160.7553343881791
0.7250689036203646	157.60438919050526
0.7315165219742663	154.5026847110311
0.7380214752686544	151.46747188190898
0.7445842733499912	148.4887486510151
0.7512054305985051	145.5619213462612
0.7578854659685152	142.69473979672495
0.7646249030290962	139.87987897764543
0.771424270005125	137.11411412438062
0.7782840998186713	134.40318884695435
0.7852049301307765	131.74231908353914
0.792187303383591	129.1268639512061
0.7992317668428849	126.56617471353593
0.806338872640952	124.05326738109281
0.8135091778198738	121.59171719568364
0.8207432443751886	119.16911904811184
0.8280416392999365	116.79304806570136
0.8354049346290939	114.46896379196974
0.8428337074844195	112.18591189385788
0.8503285401196761	109.94531380381493
0.857890019966278	107.74912815601895
0.8655187396793218	105.59619451390373
0.8732152971840471	103.48330308222923
0.8809802957226971	101.41109709484994
0.8888143439017947	99.37940329424674
0.8967180557398547	97.38568031756002
0.9046920507154972	95.43007679062458
0.9127369538160134	93.51444637275819
0.9208533955863389	91.63501427388817
0.9290420121784854	89.79108069067136
0.9373034454013964	87.98254573032885
0.9456383427712464	86.21019210416
0.9540473575622029	84.47177945070659
0.9625311488576165	82.76757906220291
0.9710903816016894	81.09751510002846
0.9797257266515883	79.45915861764453
0.9884378608300193	77.85137566443636
0.9972274669782883	76.27611520326383
1.006095234009807	74.7304682174651
1.0150418569641029	73.21262669046942
1.02406803706128	71.72316031138465
1.0331744817569934	70.27408259338017
1.0423619047978916	68.85085701558842
1.0516310262775541	67.44466952174648
1.0609825726929432	66.07127433687572
1.0704172770013305	64.73311285740019
1.0799358786777595	63.40824297480843
1.0895391237729963	62.11989828132372
1.0992277649720001	60.84646280106845
1.1090025616529293	59.60391412623629
1.118864279946645	58.38842813463055
1.1288136927967756	57.194782075879395
1.1388515800202812	56.02390266841763
1.1489787283685895	54.87486967724134
1.1591959315892537	53.74900730569061
1.1695039904881586	52.65199520278198
1.1799037129923005	51.56596992614362
1.1903959142130953	50.50697238943152
1.2009814165102792	49.46966372185111
1.2116610495563578	48.4512079093243
1.2224356504016285	47.45589722825636
1.2333060635398005	46.480100739181765
1.2442731409741694	45.51725463003028
1.2553377422844114	44.578951637394326
1.2665007346939388	43.65836903949196
1.2777629931378869	42.75995127842524
1.289125400331683	41.87327414799799
1.3005888468402254	41.00471798289403
1.3121542311476997	40.15941111000612
1.3238224597279826	39.329419246970204
1.3355944471157062	38.510788399033444
1.3474711159779293	37.71185004804519
1.3594533971864482	36.92718088382123
1.3715422298907733	36.16232750513152
1.3837385615917193	35.411205096936136
1.396043348215686	34.672247279986166
1.408457554189565	33.95004897736425
1.4209821525163453	33.24290407690474
1.4336181248513693	32.54990640598021
1.446366461579264	31.87249213643214
1.4592281618915848	31.206883849894115
1.4722042338651093	30.55702237179487
1.4852956945408669	29.91872000020913
1.4985035700038434	29.29093864025754
1.5118288954633983	28.67766987975538
1.525272715334419	28.078934414673004
1.53883608331916	27.49158678820431
1.552520062489851	26.913602543647805
1.5663257253719973	26.346578368543558
1.5802541540284614	25.793711581084338
1.594306440144265	25.25279192880958
1.6084836851121447	24.72407922472824
1.622787000118897	24.201584397719596
1.6372175062324485	23.691852151665056
1.6517763344897427	23.19369150241317
1.6664646259853808	22.705028162637223
1.6812835319610495	22.226973688668718
1.6962342138957731	21.75843512521647
1.7113178435969258	21.298963605019843
1.7265356032920989	20.849201267700302
1.7418886857217373	20.40909819211757
1.757378294232646	19.977418400265194
1.7730056428722971	19.55420743187526
1.788771956483976	19.139543881441895
1.804678470802802	18.733777363223
1.8207264325525614	18.337578183817307
1.8369170995434414	17.950039456331197
1.8532517407706093	17.567990897757028
1.8697316365136616	17.19446093520116
1.8863580784369944	16.828375920478113
1.9031323696910145	16.470387065459004
1.9200558250143054	16.120831433197107
1.9371297708366462	15.778523109177291
1.9543555453829993	15.442343796841422
1.9717344987783874	15.113024794637216
1.989267993153704	14.791750968178013
2.006957402752499	14.476640995951625
2.02480411403866	14.166260820066562
2.042809525805107	13.864255691385232
2.0609750492834182	13.568342264203192
2.0793021082544243	13.27812505773963
2.0977921391598318	12.994157767697626
2.116446591214777	12.716400057120346
2.135266926521443	12.444664378382445
2.1542546201836266	12.17827371308143
2.1734111604223814	11.9168682250629
2.19273804869265	11.661817162788854
2.2122367998009334	11.411123780334561
2.231908942024046	11.165814608306688
2.2517560172288684	10.926551793517408
2.2717795809932237	10.692055556464897
2.291981202727788	10.461827680062967
2.312362465799088	10.23701183075896
2.3329249676536272	10.016568396203988
2.3536703199430624	9.801431777454734
2.3746001486505524	9.589743531247775
2.395716094218166	9.383397879959542
2.4170198116754884	9.181070672132956
2.4385129707693247	8.982683248194203
2.46019725609456	8.788985970983195
2.4820743672262253	8.599522585290917
2.5041460188526696	8.41376167977825
2.5264139409099893	8.231543227011207
2.5488798787176	8.053514256770615
2.571545593115021	7.879588691607848
2.5944128605999164	7.709068443253742
2.6174834734672987	7.541679634240677
2.640759239950041	7.378208763422856
2.664241984360567	7.218655829897463
2.68793354723387	7.061922428281739
2.711835785471756	6.908291211107178
2.73595057248837	6.758678634699938
2.760279798357066	6.611828174901999
2.7848253699585057	6.468169614435378
2.8095892111301537	6.327745899831187
2.8345732628170475	6.1900363765018245
2.8597794832239116	6.055035591881842
2.8852098479686723	5.923220972229675
2.9108663502372636	5.79448521792278
2.9367510009398887	5.668135697363568
2.9628658288685914	5.544522242111738
2.9892128808563068	5.4236296877990995
3.015794221937269	5.305284099086731
3.042611935508853	5.189448586804413
3.0696681234949024	5.076063782776094
3.096964906510432	4.965064705888153
3.1245044240278745	4.856555489464025
3.152288834544756	4.750538117440537
3.1803203157528537	4.646400373524545
3.208601064708921	4.5447767719626295
3.2371332980068446	4.445366525381442
3.2659192519514195	4.347982952770544
3.294961182733585	4.252570609126421
3.3242613666072955	4.15931670574274
3.353822100067919	4.0681377291979945
3.3836457000322073	3.978771762281188
3.4137345040199394	3.8913987514351325
3.4440908703370785	3.8059500640466846
3.4747171782606596	3.722184399372269
3.5056158282252508	3.640412717401608
3.5367892420110776	3.5603186007049414
3.568239862933882	3.482008148435515
3.599970156036373	3.4054619020510137
3.631982608281486	3.3304932424979397
3.6642797287472515	3.257087158498388
3.6968640488235005	3.185204829131201
3.7297381224102484	3.115088432186996
3.7629045261178473	3.0463718694628468
3.796365859468981	2.9792066301180116
3.830124745102358	2.9134698307094333
3.8641838289783164	2.849112054949386
3.8985457805861885	2.78617262548793
3.9332132931535106	2.724619073605257
3.9681890838571623	2.664354280992507
4.003475894036276	2.6053589593531497
4.039076489407156	2.5477588733112224
4.074993660279995	2.4913855284809485
4.111230221777619	2.4361699894400077
4.147789014056116	2.3821984645282246
4.184672902527414	2.3294347912293407
4.221884778083925	2.2778122807325554
4.25942755732506	2.227308151741734
4.297304182785892	2.1778469314963425
4.335517623167747	2.1294387765806264
4.37407087357088	2.082185444989602
4.4129669557292655	2.0358868416395217
4.452208918247381	1.9906978885850874
4.4917998368392125	1.9464537562469797
4.531742814569259	1.9031423184519916
4.5720409820958	1.8608460339646586
4.61269749791625	1.8194562755838382
4.653715548614688	1.7789104088656986
4.695098349111677	1.7393087371939346
4.736849142916173	1.7005395433285495
4.778971202379808	1.6625900453878941
4.821467828953345	1.6255438745745379
4.86434235344541	1.589312845492702
4.907598136283621	1.5538433557125888
4.951238567777899	1.5191543826295613
4.9952670683862666	1.4852018441659407
5.039687088982863	1.4519802362909136
5.084502111128483	1.4196348500770146
5.1297156473434296	1.3878532954443341
5.1753312413827866	1.3568104097857097
5.22135246851424	1.3264624592294183
5.267782935798229	1.2967718608991998
5.314626282370717	1.2677533218586967
5.361886179728403	1.2393611700848788
5.409566332016454	1.211552268923428
5.457670476318892	1.1844469113091296
5.5062023829514315	1.157900230456371
5.55516585575706	1.1319396181134231
5.6045647324041	1.1065679341412253
5.654402884687071	1.0817353567629533
5.7046842188301214	1.0574435458684066
5.755412675793159	1.0337095441873112
5.806592231580811	1.0104971315080025
5.858226897553972	0.987768830535752
5.91032072074428	0.965560494364344
5.962877784171284	0.9438761232705711
6.0159022071624335	0.9226409756123692
6.069398145676017	0.9018743399557306
6.123369792626811	0.8815644972985155
6.177821378214803	0.8617177854916109
6.232757170256658	0.8423167936117304
6.288181474520298	0.8233173374174729
6.344098635062351	0.8047635265767736
6.400513034568591	0.7866484404804224
6.457429094697529	0.7688911953836078
6.5148512764268816	0.7515523707574915
6.572784080403292	0.7345887636854413
6.631232047295055	0.7180092804402941
6.690199758147963	0.701806833265238
6.749691834744448	0.6859428996540369
6.809712939965732	0.6704306402070993
6.87026777815739	0.6552912911312985
6.931361095497972	0.6404636045535523
6.992997680371087	0.6259894097477159
7.055182363740668	0.6118286532023893
7.1179200195295795	0.5979684771223482
7.181215565001713	0.5844290003798844
7.245073961147292	0.5712053401120052
7.309500213071795	0.5582683944524266
7.374499370388208	0.5456132541287748
7.440076527612767	0.5332403785329968
7.506236824564346	0.5211558676009753
7.572985446767201	0.5093255881117486
7.64032762585751	0.4977660332519302
7.708268639993311	0.4864782542180531
7.776813814268291	0.47543623195467416
7.845968521129111	0.46463521980669714
7.915738180796454	0.454086652806772
7.986128261689948	0.4437682020400008
8.057144280856653	0.4336836607806631
8.12879180440358	0.42382360102394034
8.201076447933916	0.4141780357846961
8.274003876987107	0.4047542651757074
8.34757980748303	0.3955489240587585
8.421810006169867	0.3865450444351424
8.496700291076218	0.3777409623224492
8.572256531966985	0.369143732075618
8.64848465080354	0.36072880578409955
8.725390622207833	0.352505993088756
8.802980473930623	0.3444749439616536
8.88126028732403	0.33661895816732906
8.960236197818062	0.3289417023612625
9.039914395401622	0.3214391629719066
9.120301125107533	0.31410173731399355
9.201402687502137	0.3069283589909756
9.283225439179065	0.29992161320385297
9.36577579325741	0.2930736894723919
9.449060219884489	0.28637555273886894
9.53308524674283	0.279834188706202
9.617857459561918	0.2734357386342123
9.70338350263432	0.2671806940706289
9.7896700793364	0.26107309786675265
9.876723952653844	0.25509924157903685
9.964551945711582	0.2492530136787751
10.053160942308724	0.2435549554275738
10.142557887457947	0.23798077294536515
10.232749787929967	0.23253195439994861
10.323743712802656	0.22719825331595364
10.415546794015052	0.22199580190272064
10.508166226926477	0.21690991113594446
10.601609270880346	0.2119273423427602
10.69588324977327	0.207052230802008
10.790995552629042	0.20230142302447982
10.886953634177706	0.19768749211266554
10.983765015439987	0.19313591313172884
11.08143728431662	0.1886883660265149
11.179978096183232	0.1843623478479203
11.279395174490196	0.1801375445923725
11.379696311368122	0.1760074021518215
11.480889368238527	0.1719525589240582
11.58298227642995	0.16798661368333925
11.685983037799723	0.1641468947378696
11.78989972536098	0.16035865845259029
11.894740483915562	0.1566568547279065
12.000513530692317	0.1530590841704112
12.107227155991092	0.14954109212485425
12.214889723832664	0.14609787715781347
12.323509672614117	0.1427227454533204
12.433095515770413	0.13942867355645705
12.543655842441472	0.13622963965401075
12.655199318145538	0.133100449880363
12.767734685458295	0.13002744729527427
12.881270764698028	0.12702053630853838
12.995816454617103	0.12409098564352136
13.111380733099248	0.12122961495867095
13.227972657863388	0.11843501266723719
13.345601367173508	0.11569463209992742
13.464276080554813	0.11301187373900384
13.58400609951651	0.11040791282335712
13.704800808280647	0.10786936267459789
13.826669674517836	0.1053640794129287
13.949622250089101	0.10292677887252481
14.073668171794719	0.10055583879312249
14.198817162129457	0.09823636142780966
14.32507903004453	0.09596254455110198
14.452463671716579	0.09373340647206359
14.580981071323123	0.09156089663323586
14.710641301825271	0.08945097195007481
14.841454525757149	0.08737086581611979
14.973430996022342	0.08534626195368968
15.106581056697683	0.0833740387747854
15.240915143843786	0.08144168460346457
15.376443786323229	0.07955611232471764
15.51317760662556	0.07771258134652573
15.651127321700068	0.07591046980186805
15.790303743795675	0.07415141021709666
15.930717781308289	0.07242728578035222
16.07238043963599	0.07074770587219024
16.21530282204138	0.06910022486029022
16.359496130522047	0.06750354511403298
16.504971666688448	0.06593207889082443
16.651740832649658	0.0643999982637815
16.79981513190721	0.06290647800910813
16.949206170256517	0.061444478640498804
17.099925656696733	0.060016789847615465
17.251985404348247	0.058618625877326504
17.405397331378786	0.05726116449302779
17.56017346193745	0.05592190210008495
17.716325927097046	0.05462138714487392
17.87386696580512	0.05335395002875362
18.032808925842982	0.05211221342334019
18.193164264793698	0.05089705935399156
18.354945551018425	0.04971128162679965
18.51816546464139	0.048554092421919264
18.682836798543953	0.04742450032505965
18.848972459367044	0.046321509664821535
19.016585468523008	0.045238660959044295
19.18568896321596	0.04418598553397417
19.356296197471657	0.043155051794890986
19.52842054317625	0.04214560814735209
19.70207549112423	0.04116344001782921
19.877274652076064	0.04020566431217468
20.0540317578247	0.03926538809243807
20.23236066227207	0.0383478626743826
20.412275342514867	0.037450808992593766
20.593789899939885	0.036578374164589485
20.776918561329556	0.03572345364671938
20.96167567997671	0.03488924833360313
21.148075736809854	0.034073612963037646
21.336133341527862	0.033275759615623825
21.52586323374533	0.032498541163408404
21.717280284147716	0.03173915431193583
21.91039949565677	0.030996216269649105
22.105236004606695	0.030270691595039412
22.301805081930215	0.029563867380450654
22.50012213435573	0.028870481850399917
22.700202705614775	0.028193538628295624
22.90206247766017	0.027533050132282934
23.105717271895436	0.0268879731074685
23.31118305041452	0.026259153915713238
23.518475917253202	0.02564376163717937
23.72761211965097	0.025042862399916842
23.938608049324746	0.024453544954560136
24.151480243753497	0.02387961239141916
24.366245387474308	0.023320902465434373
24.58292031339037	0.022774849500322426
24.801522004089975	0.022240120335373235
25.02206759317787	0.02171786500114283
25.244574366618046	0.021208654575475435
25.469059764088446	0.0207100705893457
25.695541380348146	0.020223096601947498
25.924036966616068	0.01974783352004612
26.15456443196263	0.019283138925478203
26.387141844713074	0.0188304586974276
26.62178743386395	0.01838802530037638
26.858519590511722	0.017954863152937164
27.097356869294103	0.017532521004062575
27.33831798984465	0.01712108577246907
27.581421838259608	0.016718795629640185
27.826687468578488	0.016325368740250777
28.074134104277363	0.015941314678002853
28.3237811397754	0.015564455485088578
28.575648141955327	0.01519772869505273
28.829754851696634	0.014840882298301983
29.08612118542324	0.014491483912414355
29.344767236664097	0.014149409626327455
29.605713277628436	0.013815609082510233
29.868979760794527	0.013490006347802688
30.134587320512537	0.013172505801420726
30.402556774622184	0.01286136649334675
30.67290912608398	0.01255702356290048
30.94566556462578	0.012261352351413483
31.22084746840343	0.011972093375508171
31.498476405676186	0.011688755048734683
31.77857413649758	0.011413688130788625
32.06116261442048	0.011143824522794079
32.34626398821825	0.010880517726537186
32.633900603620226	0.010623124236097544
32.92409500506359	0.010372332221134277
33.21686993746014	0.010127366908844046
33.51224834797886	0.009887826827965296
33.81025338784486	0.009653658555168067
34.11090841415347	0.00942498176252642
34.41423699170134	0.009202101150727976
34.72026289483321	0.008984707397200878
35.02901010930516	0.008771436429429492
35.34050283416496	0.008564023545905363
35.65476548364824	0.008361401887880652
35.9718226890926	0.008163136147194057
36.29169930086759	0.007969483272189158
36.614420390322934	0.007780586827458535
36.94001125175336	0.0075963188439645895
37.26849740438092	0.007416459313627245
37.59990459435564	0.007240480238176788
37.934258796772866	0.007068764324637257
38.27158621770967	0.006900775484340683
38.61191329627859	0.00673703631026484
38.955266706699696	0.006577071206002644
39.30167336039175	0.00642093402232897
39.65116040808093	0.006268564860988788
40.003755241929376	0.0061194873649860065
40.359485497681604	0.0059740108050449795
40.71837905683102	0.0058319353151543175
41.080464048805055	0.005693499251198788
41.44576885316963	0.005557999805496136
41.81432210185403	0.0054257792545890455
42.18615268139441	0.005296791775470072
42.56128973519844	0.005170782380879392
42.93976266582922	0.005047612952205014
43.32160113730964	0.004927305243713697
43.70683507744788	0.0048100207700090426
44.09549468018248	0.004695411688249964
44.48761040794956	0.004583742165596831
44.88321299406972	0.004474544374455805
45.28233344515745	0.004367803429178456
45.68500304355112	0.004263575616847314
46.091253349764614	0.004161932263320851
46.50111620496153	0.0040627206562623966
46.91462373345016	0.003965671955275263
47.33180834520199	0.00387110471930312
47.7527027383916	0.0037785373108499528
48.17733990195926	0.003688340338152506
48.60575311819717	0.00360022081633389
49.03797596535735	0.0035141533480577327
49.474042320284134	0.003430186241525504
49.913986361068694	0.0033482180952611675
50.357842569728454	0.0032681227218365606
50.80564573490948	0.0031899083502260287
51.257430954612886	0.003113571337499361
51.71323363894634	0.0030391539242771927
52.17308951289878	0.002966392203416341
52.637034619141055	0.002895409343552314
53.10510532085067	0.002826090388079086
53.577338304561515	0.0027583302172311933
54.05377058304002	0.0026921999545201887
54.534439498185336	0.002627715057286177
55.0193827239569	0.0025646810779053147
55.50863826932651	0.002503032776618217
56.002244481258046	0.0024430711488207225
56.50024004771276	0.002384427275116131
57.00266400068127	0.00232720919223581
57.5095557192435	0.0022713550317256482
58.020954932654355	0.0022167618411083868
58.536901723458335	0.002163485552521832
59.05743653063081	0.0021115156231417487
59.58260015274727	0.002060645635001654
60.11243375118175	0.002011126943399852
60.646978853332136	0.0019627814358324958
61.1862773558759	0.0019155336614812169
61.73037152805298	0.0018694137241970137
62.279304014979544	0.0018243869993827997
62.83311784099012	0.0017804583077548617
63.391856413009414	0.00173758302961397
63.955563523955256	0.0016956381876815395
64.5242833561701	0.0016548134686278587
65.0980604848848	0.0016149076483421355
65.67693988171187	0.0015759621355061217
66.26096691817011	0.0015379478248399344
66.8501873692414	0.0015008104713020109
67.4446474169576	0.0014645705281724855
68.04439365402112	0.001429185741792227
68.64947308745589	0.0013945840644060306
69.25993314229243	0.001360858019220532
69.87582166528466	0.0013280304335808286
70.4971869286596	0.0012958736413406574
71.1240776339018	0.0012644635590449947
71.75654291556941	0.0012338207592669371
72.39463234514616	0.0012039363024468717
73.03839593492634	0.0011747808706824446
73.68788414193423	0.0011463244425263064
74.34314787187978	0.001118547694918234
75.00423848314745	0.0010914241998994894
75.6712077908226	0.0010649209690463191
76.34410807075169	0.0010390704921405586
77.0229920636404	0.001013845861817478
77.70791297918703	0.0009892355252800124
78.39892450025253	0.000965204666188332
79.09608078706903	0.0009417313934234396
79.79943648148372	0.0009188185166880883
80.50904671124269	0.0008964602209027227
81.22496709431063	0.0008746373794178674
81.94725374323102	0.0008533322881938166
82.67596326952378	0.0008325353573522154
83.41115278812184	0.0008122507958380939
84.15287992184884	0.0007924458512250924
84.90120280593419	0.0007731134410125745
85.65618009257078	0.0007542510186222985
86.4178709555115	0.0007358416198452342
87.18633509470675	0.0007178741613793893
87.96163274098465	0.0007003231288687795
88.74382466077064	0.000683188799776453
89.53297216085144	0.0006664807589426343
90.32913709317893	0.0006501663841317215
91.13238185971927	0.0006342433764069217
91.9427694173424	0.0006187047940890905
92.76036328275842	0.0006035426627648327
93.58522753749382	0.000588754396326159
94.41742683291535	0.000574316088985452
95.25702639529666	0.000560212328409842
96.10409203093191	0.0005464566171500251
96.95869013129156	0.0005330403843187542
97.82088767822702	0.0005199440421610675
98.69075224922157	0.000507157526914201
99.56835202268496	0.0004946693614226019
100.45375578329805	0.00048249828215534384
101.34703292740517	0.00047063100946599163
102.24825346845114	0.00045895341249652355
103.15748804247018	0.0004476648051478389
104.07480791362154	0.00043664299504650493
105.00028497977654	0.0004258840034670356
105.93399177815155	0.00041538366787357677
106.87600149099445	0.0004051260750261986
107.82638795132168	0.0003951084619337722
108.7852256487028	0.0003853312369834511
109.75258973510046	0.00037577973741357516
110.72855603075978	0.0003664547397878239
111.7132010301527	0.0003573476246805353
112.70660190797106	0.00034844564968871907
113.7088365251766	0.00033981227173362263
114.71998343510468	0.00033141515207603357
115.74012188961895	0.00032315932105369735
116.76933184532434	0.0003150729941344978
117.80769396983327	0.00030725652411866064
118.8552896480898	0.0002996539204004863
119.91220098874594	0.00029215794548051644
120.97851083059848	0.00028490207184274255
122.054302749083	0.0002777579695518516
123.13966106282179	0.0002707997100201724
124.23467084023382	0.0002640630040786225
125.33941790620369	0.0002574738417045415
126.45398884880571	0.00025101168268071403
127.57847102609226	0.0002447349314853559
128.71295257293994	0.00023860259858670446
129.85752240795918	0.00023260131086590475
131.01227024046077	0.0002267835940711995
132.17728657748856	0.00022109553968145934
133.35266273091457	0.00021552701103487
134.53849082459305	0.0002100860194495952
135.7348638015829	0.00020478618467970253
136.94187543143136	0.00019963862947334118
138.1596203175255	0.00019462272052534504
139.38819390450416	0.0001896873760824148
140.62769248574006	0.0001848910470158897
141.87821321088873	0.00018023041434093797
143.13985409349988	0.00017567902824103368
144.4127140187015	0.0001712225613934902
145.69689275094936	0.00016687859697822255
146.99249094184836	0.00016264685666228355
148.2996101380383	0.00015851437981558543
149.61835278915459	0.00015449043228607802
150.94882225585948	0.00015055273279285914
152.29112281794028	0.00014672704211484146
153.64535968248407	0.0001429803567266083
155.01163899212537	0.00013932917505205748
156.39006783336214	0.00013577048264747443
157.78075424495105	0.00013230093110301824
159.1838072263745	0.00012891139249274154
160.59933674638592	0.00012560131278633628
162.02745375162547	0.0001223926878841991
163.46827017531768	0.00011923390543902267
164.9218989460462	0.00011618129030070168
166.38845399660156	0.0001131987838102635
167.86805027291317	0.00011027464592602866
169.3608037430576	0.00010743169443342684
170.8668314063502	0.00010466559271771278
172.38625130251177	0.00010196178542961289
173.91918252092202	0.00009932566770244663
175.46574520995554	0.00009674536124558348
177.02606058639503	0.00009423300283846486
178.60025094493454	0.00009178676976741961
180.18843966776345	0.00008940282481168726
181.79075123423948	0.00008708112320074036
183.40731123064143	0.00008481157695871355
185.03824636001414	0.00008259979561541123
186.68368445210135	0.00008044952929415546
188.34375447336078	0.00007834340474765249
190.01858653707424	0.00007629299177811377
191.70831191354773	0.00007429367274733655
193.41306304039614	0.00007234547614594355
195.1329735329261	0.00007044735268051654
196.86817819460717	0.00006858977002735554
198.61881302764039	0.00006678021351154476
200.38501524361342	0.00006502250289622555
202.16692327425739	0.00006330776534709341
203.96467678229874	0.00006163444705889949
205.77841667240165	0.000059995831192629553
207.60828510221472	0.00005840593406417696
209.45442549351148	0.00005685677328213272
211.31698254343465	0.00005534448343133949
213.19610223583265	0.000053874722925659886
215.0919318527038	0.00005244119258001818
217.00461998574235	0.00005103798251644969
218.93431654798025	0.00004967224839700566
220.8811727855401	0.00004834464039719316
222.8453412894879	0.00004704870665848843
224.82697600779625	0.00004578488123047509
226.82623225740554	0.0000445520775717091
228.84326673639993	0.00004335370804045255
230.87823753629135	0.000042186307935742856
232.93130415440572	0.000041046518661438484
235.00262750638643	0.00003993593129326577
237.09236993880901	0.000038855493973302705
239.2006952419008	0.00003780181434816475
241.3277686623816	0.00003677247885028399
243.47375691641395	0.00003577242019951641
245.63882820267327	0.00003479751094990944
247.82315221552602	0.00003384828935723998
250.02690015833244	0.0000329233145967282
252.25024475686786	0.0000320199831487718
254.4933602728554	0.00003114063472919205
256.7564225176277	0.000030287605648620204
259.0396088659051	0.000029451204506989393
261.34309826970133	0.000028641886920648092
263.66707127234423	0.00002785201196537953
266.0117100226289	0.000027079774437547873
268.37719828909724	0.000026330128355493545
270.76372147443556	0.0000256011709146706
273.17146663001006	0.000024888598451516563
275.60062247052554	0.000024194651445531456
278.05137938882035	0.000023521860770234462
280.5239294707834	0.00002286412236673184
283.0184665104123	0.00002222489389305432
285.53518602500543	0.000021602363811086526
288.0742852704805	0.00002099633343864928
290.63596325683807	0.00002040533615630644
293.22042076376243	0.000019830305930667848
295.82786035635246	0.000019271290967283808
298.45848640100235	0.000018726282998710668
301.11250508141734	0.000018197146688482418
303.7901244147782	0.000017680634948277472
306.49155426803907	0.000017179077936171547
309.21700637437954	0.000016691248445907564
311.966694349803	0.000016214749661008628
314.74083370987324	0.00001575156961615406
317.5396418866104	0.00001530184580131322
320.36333824553054	0.000014863265516502078
323.212144102844	0.000014436392766053004
326.0862827427945	0.000014022019456651416
328.98597943516353	0.000013617782224929682
331.9114614529298	0.000013225063377366365
334.8629580900759	0.000012844055040605152
337.840700679564	0.00001247222904817883
340.84492261146556	0.00001211055215345959
343.8758593512585	0.000011759224917879574
346.9337484582753	0.000011416685994388504
350.0188296043263	0.000011084060541543302
353.13134459248823	0.000010760038538222616
356.27153737604897	0.000010445328305622789
359.43965407763193	0.00001013965054243503
362.6359430084904	9.84211141396908e-6
365.8606546879623	9.55287808458121e-6
369.1140418631103	9.27152037952464e-6
372.39635952852905	8.998066833598307e-6
375.7078649463369	8.73269895597287e-6
379.0488176663311	8.473811511393469e-6
382.4194795463354	8.223025031327553e-6
385.82011477272766	7.979460609471325e-6
389.25098988113814	7.742259079071447e-6
392.7123737773459	7.512208964832439e-6
396.204537758352	7.288668612624502e-6
399.72775553364903	7.0712316690718154e-6
403.2823032466656	6.860120548362388e-6
406.86845949641406	6.655146287917552e-6
410.4865053593309	6.456357525953294e-6
414.13672441129853	6.262878655480935e-6
417.819402749877	6.075458888667739e-6
421.53482901672504	5.893000629603439e-6
425.28329442022914	5.7159786245347424e-6
429.0650927583191	5.544517973339316e-6
432.8805204414997	5.377921632143616e-6
436.7298765160874	5.215949318270677e-6
440.6134626876401	5.058985752086378e-6
444.5315833446086	4.906449013543282e-6
448.4845455821988	4.758579584133404e-6
452.4726592264321	4.615397161908267e-6
456.4962368584348	4.4760378456056344e-6
460.55559383893495	4.340869133312208e-6
464.6510483329859	4.209868422269027e-6
468.7829213348939	4.082751031558988e-6
472.9515366933819	3.959462040022377e-6
477.1572211369772	3.839677322981465e-6
481.40030429960996	3.7235483576540966e-6
485.6811187464557	3.6109664323154254e-6
489.99999999999807	3.5018456907732547e-6