0.000010100000000000005	54.18371975610546
0.000010189813457795877	54.65370303674776
0.000010280425574720605	55.12349871108879
0.00001037184345278781	55.600803434628816
0.00001046407425716529	56.081074642372826
0.000010557125216736457	56.565701672859305
0.000010651003624667081	57.05542264233156
0.000010745716838976756	57.54657955280963
0.00001084127228311575	58.04296152250717
0.000010937677446546777	58.54355767935756
0.000011034939885331955	59.04841499055098
0.000011133067222725169	59.55832425512575
0.00001123206714976941	60.073487410036776
0.000011331947425899729	60.59360733840657
0.000011432715879551343	61.11592434470988
0.000011534380408773153	61.64256014541068
0.000011636948981846925	62.17733755364909
0.00001174042963791166	62.71310297224732
0.000011844830487593838	63.25366304242176
0.000011950159713643045	63.80048645078505
0.000012056425571573264	64.35328519861366
0.000012163636390310075	64.90753548727818
0.000012271800572843288	65.46570282983984
0.000012380926596885729	66.03028103769448
0.00001249102301553753	66.60078775827994
0.000012602098457956664	67.17763344385916
0.000012714161630035213	67.75917611420113
0.000012827221315081656	68.34301493712441
0.000012941286374509442	68.93363880860629
0.000013056365748531354	69.52634865538327
0.000013172468456860405	70.12702255825737
0.000013289603599416613	70.73412246161848
0.000013407780357040384	71.34293294695817
0.00001352700799221203	71.9571976526621
0.00001364729584977767	72.5818734985114
0.000013768653357681831	73.20890565287834
0.000013891090027706203	73.83770765828525
0.000014014615456215319	74.4777668766815
0.000014139239324908628	75.11929924134515
0.000014264971401579264	75.76765378911091
0.000014391821540879791	76.42383806132877
0.0000145197996850944	77.08297750831116
0.000014648915864918335	77.74629472199243
0.000014779180200244018	78.41743062421938
0.000014910602900954138	79.09679068456508
0.000015043194267722072	79.77951798030195
0.000015176964692819019	80.46615450937033
0.000015311924660928744	81.15955515931799
0.00001544808474996913	81.86157103250473
0.000015585455631921448	82.57021770392907
0.000015724048073666725	83.28246814852479
0.000015863872937829552	83.99974348758442
0.000016004941183629664	84.72636314288863
0.000016147263867740686	85.45647939297385
0.00001629085214515697	86.19632909489725
0.00001643571727006765	86.94093917655096
0.000016581870596738946	87.69024743259645
0.00001672932358040401	88.44747682689936
0.000016878087778160652	89.21253683912305
0.000017028174849877402	89.98284849063208
0.000017179596559107126	90.75823472926572
0.000017332364774009253	91.53974724751099
0.000017486491468279893	92.33072978451148
0.000017641988722090213	93.12771436194703
0.000017798868723033486	93.93388869134526
0.000017957143767080063	94.74466394776029
0.000018116826259541358	95.56172088801902
0.00001827792871604203	96.38787075882055
0.00001844046376350086	97.2207528637891
0.000018604444141120647	98.06000120800073
0.00001876988270138641	98.90574534283212
0.000018936792411073024	99.75770125400724
0.000019105186352261253	100.62399617811379
0.00001927507772336334	101.4895219535804
0.00001944647984015738	102.36763364544726
0.00001961940613683087	103.25365764782993
0.000019793870167033913	104.13941294995973
0.000019969885604941226	105.03845211293348
0.00002014746624632421	105.94834448759518
0.000020326626009631934	106.8618661787082
0.00002050737893708229	107.78310546048074
0.000020689739195762483	108.71638132229688
0.00002087372107873934	109.65602863564033
0.00002105933900617979	110.59857654824046
0.00002124660752648083	111.55192458856122
0.000021435541317410043	112.51656073158632
0.00002162615518725591	113.4836736238763
0.000021818464075988345	114.46774296284988
0.000022012483056429924	115.46024436640158
0.000022208227335436955	116.4530789961099
0.00002240571225509165	117.45679102411115
0.000022604953293904477	118.47093422304384
0.000022805966068027227	119.49400199967418
0.000023008766332477253	120.52335947258072
0.00002321336998237201	121.56315461584806
0.000023419793054175194	122.62032629171401
0.000023628051726953336	123.67006869586542
0.000023838162323644168	124.74241923500536
0.000024050141312335872	125.82101739362778
0.00002426400530755768	126.90816763922885
0.00002447977107158239	128.00145026114944
0.000024697455515739837	129.1077554667943
0.000024917075701742687	130.22382023416773
0.000025138648843023383	131.34156575670406
0.000025362192306083596	132.4769716853917
0.000025587723611855248	133.61779332027783
0.000025815260437073646	134.77719341351715
0.000026044820615663255	135.94378826821506
0.000026276422140135128	137.1199274082291
0.000026510083162997463	138.30069469578058
0.000026745821998178196	139.48946809298752
0.000026983657122460306	140.69186735810857
0.000027223607176930292	141.90672627016838
0.00002746569096843887	143.1389493624585
0.000027709927471075345	144.36893031093086
0.000027956335827654613	145.6131232106784
0.000028204935351217415	146.8776558986302
0.000028455745526544383	148.14217110957506
0.000028708786011682838	149.41489026516382
0.00002896407663948794	150.70723744788629
0.000029221637419176757	152.0121087172935
0.00002948148853789691	153.3236846008826
0.000029743650362308637	154.64327923600493
0.00003000814344018095	155.97877623110054
0.00003027498850200251	157.33097008510887
0.00003054420646260599	158.68417973230405
0.00003081581842280779	160.0543365208844
0.00003108984567106147	161.44126596991566
0.00003136630968512662	162.8347679974489
0.00003164523213375216	164.23892135261943
0.000031926634878374474	165.65954230780366
0.00003221053997483128	167.0923064785239
0.000032496969675089866	168.53371220570705
0.000032785946428991654	169.98282149997047
0.000033077492886011257	171.45542066618466
0.00003337163189703215	172.93350701536835
0.000033668386516137507	174.42218151255378
0.00003396778000241694	175.9320231611284
0.000034269835821789865	177.4510015852378
0.00003457457764884456	178.98315484990093
0.00003488202936869353	180.52471875625926
0.00003519221507884602	182.08858688407088
0.00003550515909109624	183.65979419288115
0.000035820885933429366	185.24209231727247
0.00003613942035194351	186.84188347087405
0.000036460787312789704	188.45608334114166
0.000036785012004128534	190.08112136386288
0.00003711211983810412	191.7219837688528
0.00003744213645283636	193.3807195959319
0.00003777508771442984	195.0453351301091
0.00003811099971900172	196.73307112078808
0.00003844989879472658	198.42998914687627
0.000038791811503900416	200.13843208179
0.00003913676464502237	201.86793291891576
0.00003948478525489491	203.61614138651208
0.00003983590061074346	205.3749326973838
0.00004019013823235371	207.14524567851808
0.00004054752588422921	208.92767805924314
0.00004090809157776686	210.73018202271248
0.000041271863573452946	212.55318725690177
0.000041638870383077904	214.38961981904725
0.00004200914077197081	216.24070591681237
0.00004238270376125441	218.1087998947421
0.00004275958863011947	219.99152265494024
0.00004313982491811948	221.88904064666278
0.000043523442427486374	223.80702069988297
0.00004391047122546579	225.73767050382344
0.00004430094164667431	227.6810196804694
0.00004469488429547639	229.64899332770153
0.00004509233004838364	231.6375884438807
0.000045493310056474615	233.63472900061515
0.00004589785574783617	235.64458838007775
0.00004630599883002728	237.68002716213365
0.00004671777129256355	239.73692225215655
0.00004713320540942521	241.80074531006113
0.000047552333741585964	243.89202937273072
0.000047975189139565684	245.9979967847839
0.000048401804746004914	248.12237541362407
0.00004883221399826228	250.26203154696515
0.00004926645063103583	252.42516127149025
0.00004970454867900642	254.6064231253402
0.000050146542479505995	256.7990791951227
0.00005059246667520818	259.01498033913725
0.00005104235621684411	261.246670857017
0.00005149624636594157	263.5026185646759
0.00005195417269758844	265.7836710132462
0.00005241617110322154	268.07444387954484
0.000052882277793439496	270.38787042068844
0.00005335252930084056	272.72460892730766
0.0000538269624828866	275.0769403042967
0.00005430561452479123	277.4489052356577
0.00005478852294243502	279.84535075359133
0.00005527572558530517	282.2592195159958
0.0000557672606394628	284.70371445773793
0.000056263166630535555	287.1585600506261
0.00005676348242673692	289.6401845868262
0.000057268247241913305	292.13818673085893
0.00005777750063861679	294.6593164278215
0.00005829128253120673	297.2070562900678
0.00005880963318897741	299.7680878073809
0.00005933259323931493	302.3557480463835
0.000059860203670881267	304.95818933599145
0.000060392505836826514	307.596610243702
0.00006092954145803086	310.2573700700592
0.0000614713526263737	312.92976135105073
0.00006201798180803362	315.6300585089979
0.0000625694718468159	318.35849943921056
0.00006312586596751135	321.10275425956945
0.00006368720777928384	323.8708737921958
0.00006425354127908797	326.6717715210027
0.00006482491085511825	329.4934781568012
0.0000654013612902873	332.33212154198515
0.00006598293776573658	335.19882016466414
0.00006656968586437736	338.0932788373749
0.00006716165157446298	341.0107218444974
0.00006775888129319421	343.9544387447773
0.00006836142183035478	346.9254379400009
0.00006896932041198116	349.915516972886
0.0000695826246840636	352.9335372821524
0.00007020138271628026	355.9877065511227
0.00007082564300576559	359.05796793201307
0.00007145545448091052	362.15274481231916
0.00007209086650519839	365.28263225695224
0.0000727319288810729	368.44066783187225
0.00007337869185384246	371.61728975417986
0.00007403120611561799	374.81919825314077
0.00007468952280928557	378.05820976256524
0.00007535369353251596	381.325939131314
0.00007602377034180762	384.615107501545
0.00007669980575656786	387.92884801031823
0.00007738185276322817	391.27925597608504
0.00007806996481939814	394.6575423620879
0.00007876419585805493	398.0643718616184
0.0000794646002917701	401.50009566816743
0.00008017123301697513	404.95990519178986
0.00008088414941826371	408.4622494579191
0.0000816034053727324	411.98322874284827
0.00008232905725436045	415.54024339395363
0.00008306116193842862	419.1268806712952
0.00008379977680597661	422.7412913939802
0.00008454495974830009	426.39016128396895
0.00008529676917148897	430.07051170826594
0.00008605526400100475	433.7798301326601
0.0000868205036862985	437.52528278208973
0.00008759254820547151	441.2966727749865
0.00008837145806997497	445.1025346819714
0.00008915729432935409	448.9472993923413
0.00008995011857603167	452.8244646518496
0.00009074999295013684	456.73260625926014
0.00009155698014437491	460.67209107680617
0.00009237114340894069	464.6452178802736
0.00009319254655647702	468.6548905268853
0.00009402125396707504	472.7011254388045
0.00009485733059332145	476.7840385901931
0.00009570084196538803	480.89596134721194
0.000096551854196169	485.04082809298353
0.00009741043398646233	489.22256955982033
0.00009827664863019706	493.4458505486847
0.00009915056601970873	497.70669333875065
0.0001000322546510602	502.01084980078787
0.00010092178362940978	506.35013846223393
0.00010181922267442802	510.6877987885933
0.0001027246421257625	515.0997696924974
0.00010363811294855064	519.5626919541355
0.00010455970673898118	524.0191476875551
0.00010548949572990696	528.5427740853958
0.00010642755279650574	533.1277509751695
0.00010737395146199158	537.7223610511288
0.00010832876590337868	542.3514201063473
0.00010929207095729373	547.0574522995846
0.00011026394212584308	551.7642453702032
0.00011124445558252881	556.5074260460177
0.00011223368817822053	561.3105381112997
0.00011323171744717812	566.1522831997048
0.00011423862161312825	571.0413760127088
0.00011525447959539671	575.9821544373348
0.00011627937101509239	580.9452306044774
0.0001173133762013495	585.9413761734284
0.0001183565761976219	591.0223384123735
0.00011940905276803665	596.1155010816275
0.00012047088840380194	601.2561543081277
0.00012154216632967185	606.4541990640554
0.00012262297051047075	611.6664988033389
0.00012371338565767362	616.9172316539542
0.00012481349723604513	622.2323199760135
0.00012592339147033866	627.6060291058076
0.00012704315535205495	633.0283070852399
0.00012817287664625975	638.4966298897084
0.00012931264389846216	643.9917997907513
0.00013046254644155596	649.5455031079144
0.0001316226744028206	655.1601385006003
0.00013279311871098475	660.8085383440948
0.00013397397110335443	666.497803949021
0.0001351653241330016	672.2516886489406
0.00013636727117602015	678.0561059688201
0.0001375799064388425	683.8902079502965
0.0001388033249656252	689.796377731011
0.0001400376226456974	695.7641137416297
0.00014128289622107598	701.7539709061283
0.00014253924329404952	707.8109595840481
0.00014380676233482633	713.9100855157583
0.00014508555268925432	720.0604599848501
0.0001463757145866055	726.265438386785
0.00014767734914743373	732.5178311472982
0.00014899055839149927	738.8394727696265
0.00015031544524576445	745.2327224089609
0.0001516521135524623	751.6602890577418
0.00015300066807723476	758.1222083671411
0.00015436121451734345	764.6552364013477
0.00015573385950995463	771.2418618689172
0.00015711871064049776	777.8922216342327
0.0001585158764510973	784.6030790017672
0.00015992546644907912	791.3619592653953
0.0001613475911155553	798.1969170531127
0.0001627823619140826	805.0778364206809
0.00016422989129939773	811.9974184186174
0.00016569029272623357	819.0032145828269
0.00016716368065820917	826.0645586895141
0.0001686501705768034	833.2059904422116
0.00017014987899040404	840.3889561385223
0.00017166292344344142	847.6050057261798
0.0001731894225256005	854.909420429362
0.0001747294958811148	862.2749527940451
0.00017628326421814607	869.7244842274367
0.00017785084931824262	877.2272594935565
0.00017943237404588691	884.7917014663732
0.0001810279623581229	892.4132359954758
0.0001826377393142738	900.0864396724588
0.00018426183108574305	907.8429046539042
0.0001859003649659024	915.6758902030203
0.00018755346938007097	923.5456821396311
0.00018922127389557985	931.5126472542452
0.00019090390923192692	939.5361386607132
0.00019260150727102283	947.6351928879651
0.00019431420106752852	955.7954602788029
0.00019604212485928305	964.0283179712371
0.0001977854140778239	972.329246229979
0.00019954420535900388	980.69150285227
0.00020131863655369945	989.1409054108857
0.00020310884673861414	997.7018932900971
0.00020491497622718153	1006.3241603775847
0.00020673716658055994	1014.9963885652735
0.00020857556061873076	1023.6631852197593
0.00021043030243168926	1032.4705101148668
0.00021230153739074087	1041.3601240377652
0.00021418941215989393	1050.331400258498
0.00021609407470735386	1059.4210678989652
0.00021801567431712328	1068.553210259546
0.00021995436160069949	1077.673768212778
0.0002219102885088823	1086.968713536585
0.00022388360834368055	1096.3487838560045
0.00022587447577033034	1105.818188257383
0.00022788304682941623	1115.3433281765206
0.00022990947894910025	1124.9422559847953
0.00023195393095746324	1134.6358477823474
0.00023401656309495226	1144.402072961951
0.00023609753702693917	1154.239885642426
0.00023819701585639248	1164.1997200212504
0.00024031516413666187	1174.171618929286
0.00024245214788437482	1184.2791333824757
0.00024460813459244727	1194.4074944390725
0.0002467832932432142	1204.712912837513
0.00024897779432167267	1215.0875873313453
0.0002511918098288429	1225.5024911740231
0.0002534255132952524	1236.0554645574916
0.0002556790797945336	1246.7051697403424
0.0002579526859571493	1257.4481417240077
0.0002602465099842329	1268.2086359260127
0.0002625607316615589	1279.1952987818656
0.00026489553237363245	1290.1588228031305
0.0002672510951179052	1301.2337952514604
0.0002696276045191208	1312.4364822309144
0.0002720252468437822	1323.7107317047548
0.00027444421001475455	1335.1117536442046
0.00027688468362599037	1346.6354781770215
0.000279346858957393	1358.1461476431905
0.0002818309289898073	1369.8110748070324
0.00028433708842014367	1381.6344816761268
0.0002868655336766411	1393.5054033415822
0.00028941646293426115	1405.4586007554753
0.0002919900761302198	1417.53357992834
0.00029458657497965894	1429.7016468729885
0.00029720616299145757	1441.965596198696
0.0002998490454841815	1454.380757526105
0.0003025154296021742	1466.8704697741632
0.0003052055243317955	1479.5284107657105
0.0003079195405178001	1492.1492555644145
0.00031065769087986204	1504.9891852810174
0.0003134201900292483	1517.9405731821514
0.00031620725448564105	1530.9338896174024
0.00031901910269410645	1544.0799752678245
0.00032185595504221476	1557.3760096046008
0.0003247180338773172	1570.752121574609
0.00032760556352397116	1584.2145517538945
0.00033051877030152094	1597.8491693499227
0.0003334578825418403	1611.5447493518257
0.00033642313060722374	1625.3832758166548
0.0003394147469084465	1639.3218517941548
0.0003424329659229774	1653.3649863100607
0.00034547802421335775	1667.5635179829865
0.000348550160445743	1681.8600004003154
0.0003516496154086082	1696.2930956077537
0.0003547766320316223	1710.779527942987
0.000357931455404685	1725.4424134609692
0.0003611143327971412	1740.2116123031387
0.00036432551367715743	1755.180039881521
0.00036756524973127655	1770.2311311446028
0.0003708337948841455	1785.3560287824268
0.0003741314053184138	1800.6936632395334
0.0003774583394948177	1816.1192662547298
0.00038081485817243366	1831.6166011434823
0.0003842012244291183	1847.3510513063993
0.00038761770368212726	1863.2099763739197
0.00039106456370891814	1879.0997470759116
0.00039454207466813984	1895.192842831057
0.0003980505091208035	1911.4429263477957
0.0004015901420516501	1927.7761376338362
0.0004051612508906994	1944.2986321168555
0.0004087641155349959	1960.936467913234
0.00041239901837054806	1977.6917012986576
0.00041606624429445726	1994.6566951132843
0.0004197660807372524	2011.714926588036
0.00042349881768541457	2028.9196516900308
0.00042726474770410713	2046.2365642911511
0.0004310641659601062	2063.6959844750577
0.00043489737024493503	2081.365335069
0.00043876466099820606	2099.181626347733
0.00044266634133116476	2117.0938652185932
0.00044660271705045226	2135.2291687356114
0.00045057409668206977	2153.4606208640025
0.0004545807914955617	2171.822347233885
0.00045862311552841405	2190.3143005074558
0.0004627013856106639	2209.05444810431
0.00046681592138973706	2227.97555329454
0.0004709670453554977	2246.9509494900294
0.00047515508286552613	2266.113179154844
0.00047938036217061935	2285.4240127544585
0.0004836432144405185	2304.9719801520487
0.0004879439737898672	2324.5889936296066
0.0004922829773043947	2344.4504408191115
0.0004966605650673411	2364.416739585669
0.0005010770801861089	2384.542314530665
0.0005055328688191558	2404.8960328130333
0.0005100282802031285	2425.3680747274857
0.00051456366668023	2446.007633149694
0.0005191393837258419	2466.8470750641463
0.0005237557899763805	2487.9007866303386
0.0005284132472574095	2509.004325863543
0.0005331121206119974	2530.3442122883744
0.0005378527783293295	2551.8748675674
0.0005426355919735754	2573.593795472718
0.0005474609364130068	2595.5299808185396
0.0005523291898493853	2617.603669587274
0.0005572407338476003	2639.8511699892147
0.0005621959533655773	2662.2372183102434
0.0005671952367844495	2684.8853150837977
0.0005722389759390005	2707.689199601252
0.0005773275661483724	2730.6996274031417
0.0005824614062470522	2753.892258928111
0.0005876408986161313	2777.245247617458
0.0005928664492148437	2800.7880460727083
0.0005981384676123829	2824.5453950975566
0.0006034573670200064	2848.5689300337312
0.0006088235643234188	2872.7062351093628
0.0006142374801154485	2897.03519096916
0.0006196995387290126	2921.5666680513054
0.0006252101682703755	2946.3362334923117
0.0006307698006527024	2971.305165022872
0.0006363788716299141	2996.454066798848
0.0006420378208308373	3021.8150174230927
0.000647747091793664	3047.392551894101
0.000653507132000715	3073.2287238099593
0.0006593183929135125	3099.1472671256774
0.000665181330008164	3125.397403120702
0.0006710964028110646	3151.795674400751
0.0006770640749349102	3178.423127424737
0.0006830848141150363	3205.303453460436
0.0006891590922460787	3232.3851949594305
0.0006952873854189591	3259.6904850240007
0.0007014701739581995	3287.182988973522
0.0007077079424595722	3314.8769222945643
0.0007140011798280775	3342.806788337261
0.0007203503793162654	3371.013161759425
0.000726756038562896	3399.4449610047513
0.0007332186596319426	3428.0771223438733
0.0007397387490519425	3456.9614508945156
0.0007463168178557005	3486.0986382942256
0.0007529533816203381	3515.4127663102695
0.0007596489605077068	3544.94229664705
0.0007664040793051568	3574.7388854169776
0.0007732192674666682	3604.833772422246
0.0007800950591543487	3635.132892893822
0.0007870319932803026	3665.6372354588225
0.0007940306135488659	3696.4542923545073
0.0008010914684992232	3727.534312533686
0.000808215111548401	3758.7960705485
0.0008154021010346432	3790.3330901455215
0.000822653000261172	3822.064394425743
0.0008299683775403415	3854.084611491451
0.0008373488062381767	3886.4394793511096
0.0008447948648193158	3918.9503853648007
0.0008523071368923482	3951.729135127717
0.000859886211255557	3984.7830753472895
0.0008675326819430673	4018.100980107752
0.0008752471482714081	4051.734236496959
0.0008830302148864814	4085.58965467187
0.0008908824918109562	4119.710738606448
0.0008988045944920802	4154.110537994296
0.0009067971438499177	4188.743625928874
0.000914860766326015	4223.680141407489
0.0009229960939325031	4258.883024078228
0.0009312037643016288	4294.367930478747
0.0009394844207357349	4330.1527384454785
0.000947838712257679	4366.189468823187
0.0009562672936617047	4402.525831323645
0.0009647708255647609	4439.161295056228
0.0009733499744582806	4476.051762082355
0.0009820054127604224	4513.246358859694
0.0009907378188687675	4550.668538143776
0.0009995478772134956	4588.526913252893
0.001008436278311028	4626.721733175147
0.0010174037188181492	4665.057506796327
0.0010264509015866083	4703.711064818006
0.0010355785357182114	4742.614955495031
0.0010447873366203945	4781.94337487186
0.0010540780260622983	4821.156947625843
0.001063451332231339	4861.006576662267
0.001072907989790283	4901.289258999042
0.001082448739934826	4941.868211661302
0.0010920743304516916	4982.613775637294
0.001101785515777235	5023.559625344942
0.0011115830570565788	5065.129610894122
0.0011214677222032687	5106.689469405702
0.0011314402859594615	5148.683944404693
0.0011415015299566466	5191.318024644403
0.0011516522427769133	5234.094489028468
0.0011618932200147527	5276.882856259535
0.0011722252643394176	5320.125580661283
0.001182649185557835	5363.96268949912
0.0011931658006780759	5408.034631571089
0.0012037759339733904	5452.313648115445
0.0012144804170468179	5496.901311388632
0.0012252800888963584	5541.972665215481
0.0012361757959807374	5587.102729833548
0.0012471683922857478	5632.831848459444
0.001258258739391185	5678.879691783325
0.0012694477065383729	5725.14737022892
0.0012807361706982999	5771.948051311599
0.0012921250166403465	5819.138100612267
0.0013036151370016365	5866.4089909521535
0.001315207432357	5914.106554976472
0.0013269028112895568	5962.319788596482
0.001338702190461931	6010.657120734138
0.0013506064946881	6059.369278716882
0.0013626166570058736	6108.640554580778
0.0013747336187500284	6158.222599112858
0.0013869583296260862	6207.975393180808
0.0013992917477847514	6258.229290734361
0.0014117348398970068	6309.069537449884
0.0014242885812298847	6360.015166349346
0.001436953955722899	6411.0411445928985
0.0014497319560651707	6462.93939206997
0.0014626235837732302	6514.962554742585
0.0014756298492695152	6567.34659255448
0.0014887517719615643	6620.413887867757
0.001501990380321922	6673.649012738344
0.0015153467119687404	6727.15462256093
0.00152882181374711	6781.147058629896
0.0015424167418111097	6835.451876346173
0.0015561325617065864	6890.242260829732
0.0015699703484546672	6945.316261382534
0.0015839311866360257	7000.856243115177
0.0015980161704758785	7056.8843336688615
0.001612226403929757	7113.160494411867
0.0016265630007700294	7169.717021200345
0.001641027084673198	7226.856932922749
0.001655619789307968	7284.260780459998
0.0016703422584241105	7342.020359372508
0.0016851956459420958	7400.293632560507
0.0017001811160435437	7458.966561644485
0.0017152998432624677	7518.176899379657
0.0017305530125773325	7577.820495520217
0.00174594181950393	7637.751033628544
0.0017614674701890865	7698.12449214585
0.0017771311815051902	7758.726525813001
0.0017929341811455724	7819.647089244804
0.001808877707720732	7881.288417037597
0.001824963010855414	7943.3251934152395
0.0018411913512865515	8005.7460823306055
0.001857564000962088	8068.549851433066
0.001874082243140658	8131.69718078263
0.0018907473724921753	8195.183506961299
0.0019075606951993041	8259.101185724845
0.0019245235290598353	8323.761788243317
0.0019416372035899719	8388.44438969999
0.0019589030601285403	8453.855413436371
0.001976322451942112	8519.76088531347
0.0019938967443310783	8585.782298880227
0.002011627314736655	8652.253098679937
0.0020295155528488474	8719.45642338608
0.002047562860715368	8786.9716188654
0.002065770652851534	8854.595630321932
0.002084140356351123	8923.120833928844
0.0021026734109982357	8991.736676678864
0.0021213712693801375	9061.03500122232
0.0021402353970011146	9130.661540807978
0.002159267272397332	9200.670833634284
0.0021784683872527267	9271.193089166969
0.002197840246515913	9342.054636408366
0.0022173843685181454	9413.259915907829
0.002237102285092319	9485.198155413633
0.002256995541693033	9557.359927535894
0.002277065697517718	9630.064306774506
0.0022973143256288524	9703.276094774852
0.0023177430130772426	9776.719680414973
0.002338353361026422	9850.616930741577
0.002359146984878145	9925.124045008255
0.0023801255143990003	10000.120134399838
0.002401290593848144	10075.456553192209
0.0024226438821061866	10150.760273812153
0.002444187052805196	10227.01558151303
0.002465921794459885	10303.964467290789
0.002487849810599951	10380.792560255808
0.0025099728199035956	10458.431243899777
0.002532292556332229	10536.976918679886
0.0025548107692663848	10615.283789942625
0.0025775292236428172	10693.583381068418
0.0026004497000928464	10773.524636020386
0.0026235739950819163	10853.260522664086
0.0026469039210503973	10933.732374526124
0.002670441306555644	11014.105768697626
0.0026941879964153185	11095.259652956121
0.002718145851851974	11176.907848299456
0.00274231675063894	11258.83862999943
0.0027667025872474996	11341.117958313733
0.0027913052729953715	11423.700761402852
0.002816126736196517	11507.060847220357
0.0028411689223122832	11591.157619571864
0.0028664337941038736	11675.16047815784
0.0028919233317861942	11760.137830132793
0.002917639533183056	11845.085605001099
0.0029435844138837623	11930.575990827792
0.002969760007401083	12016.492370627306
0.0029961683653306486	12102.480082365537
0.003022811557511736	12189.592398436736
0.0030496916721895065	12277.40210353875
0.003076810816178679	12364.909698592099
0.003104171115028657	12452.656353240503
0.0031317747131901215	12540.91128682116
0.0031596237741831224	12629.98696859674
0.0031877204807666333	12719.395760400037
0.0032160670351096435	12809.178039043658
0.003244665658963757	12899.611545534503
0.00327351859383733	12990.122771854501
0.003302628101171153	13081.284896609763
0.0033319964625157105	13173.348052570023
0.003361625979709986	13265.557708173123
0.003391518975061889	13357.557822103496
0.0034216777915302703	13450.153519270474
0.0034521047929085584	13543.247049430584
0.003482802364010026	13636.60059998721
0.0035137729108547203	13730.681596084436
0.0035450188608580234	13825.368117518286
0.003576542663020922	13920.150031665627
0.0036083467881219515	14014.78025473281
0.003640433728910852	14110.253047779686
0.003672806000303942	14206.558716552803
0.0037054661395812447	14303.227939655017
0.003738416706585339	14399.85327803989
0.003771660283922004	14496.717521359371
0.003805199477162641	14594.184543849813
0.0038390369150484885	14691.620921900512
0.003873175249696657	14789.847299461537
0.003907617156808012	14888.909245986268
0.003942365335876867	14987.409783052912
0.003977422510402583	15087.053815249099
0.004012791428103021	15186.704705659215
0.004048474861129913	15286.102481385335
0.004084475606286125	15386.560426747232
0.004120796485244886	15487.51633192421
0.004157440344770922	15588.667327964724
0.004194410056943593	15689.584289542996
0.004231708519382002	15791.349145765476
0.0042693386554720995	15893.050469227768
0.004307303414595815	15995.489506974776
0.0043456057723622364	16098.383389298038
0.00438424873084081	16201.099146212668
0.004423235318796654	16304.096448746253
0.004462568591927941	16407.7090026242
0.004502251633105401	16511.402954473822
0.004542287552613947	16616.09444570643
0.004582679488396467	16719.713783303974
0.004623430606299748	16823.978829131855
0.004664544100322628	16929.103676382914
0.004706023192866327	17034.521339022314
0.004747871134987014	17139.966245644657
0.004790091206650617	17245.379766842547
0.004832686716989919	17351.01102707083
0.004875661004563888	17457.223622227084
0.004919017437619376	17563.61931279605
0.004962759414355102	17670.017528200922
0.005006890363188002	17776.35537146256
0.005051413743021938	17883.097089879037
0.0050963330435188125	17990.308820877322
0.005141651785372064	18097.60173563682
0.005187373520582622	18205.06631905328
0.005233501832737307	18313.10189256127
0.005280040337289705	18420.297992319305
0.005326992681843534	18528.33415767469
0.0053743625464385564	18636.59121511037
0.005422153643838985	18744.74173210142
0.005470369719824501	18852.896424169856
0.00551901455348384	18961.024859258392
0.005568091957510986	19069.353075314313
0.005617605778504001	19178.195450454277
0.005667559897266533	19286.334876713714
0.005717958229111956	19395.477385984923
0.0057688047241702695	19504.503926707417
0.00582010336769769	19612.822455379304
0.005871858180389016	19721.48901377371
0.00592407321869275	19830.582768994675
0.005976752575129064	19939.687888350898
0.006029900378610528	20048.877548419674
0.0060835207947657465	20157.92203849541
0.0061376180262658515	20266.98123055002
0.006192196313153898	20375.20135709941
0.0062472599331771855	20483.983071847226
0.0063028132021225635	20593.199725724593
0.006358860474154658	20701.762048733508
0.006415406142157172	20810.344369523267
0.0064724546380771795	20919.253418795568
0.006530010433272496	21027.372798161054
0.006588078038862133	21135.63020218255
0.006646662006079887	21243.824500938328
0.00670576692663103	21352.010701079522
0.006765397433052218	21459.49399460218
0.006825558199074574	21567.461818500167
0.006886253939990011	21675.268318437484
0.006947489413020799	21782.652920535853
0.00700926941769245	21889.86767336444
0.007071598796209865	21996.251949129753
0.007134482433836875	22102.71596554141
0.007197925259279139	22209.203545911507
0.0072619322450704436	22315.780352549737
0.007326508407962436	22421.553855640675
0.007391658809317852	22527.232310293857
0.007457388555507182	22632.519595480564
0.007523702798308917	22737.248189245
0.007590606735313341	22841.776817324462
0.007658105610329895	22945.660019336636
0.007726204713798182	23049.52717394898
0.007794909383202643	23152.52889908023
0.007864225003490861	23255.500612479176
0.007934157007495647	23357.899387740672
0.008004710876360855	23460.10688712532
0.008075892139970982	23561.885540716798
0.008147706377384576	23662.76542870671
0.008220159217271553	23763.201382249485
0.008293256338354309	23863.410660628222
0.008367003469852845	23962.017649736303
0.008441406391933798	24061.58769199037
0.008516470936163485	24159.709065292205
0.00859220298596496	24257.537174695117
0.008668608477079178	24354.366607771215
0.008745693398030186	24450.28270853815
0.008823463790594512	24546.0866071044
0.008901925750274715	24641.069335724755
0.008981085426777129	24735.244853250468
0.009060949024493859	24829.600907297794
0.009141522802989107	24922.400846758817
0.009222813077489737	25014.21215266901
0.009304826219380273	25105.27343177962
0.009387568656702285	25195.59823639518
0.009471046874658193	25285.139020806728
0.009555267416119574	25373.88303600794
0.009640236882139963	25461.907599878825
0.009725961932472276	25549.0925898452
0.009812449286090737	25634.718867282256
0.009899705721717524	25719.49824964663
0.009987738078354071	25803.817598465404
0.010076553255817099	25887.134724674015
0.010166158215279395	25968.917858478053
0.010256559979815458	26049.421640528963
0.010347765634951902	26129.49952541498
0.010439782329222836	26209.26006609035
0.010532617274730148	26286.69729624793
0.010626277747708777	26362.553163115866
0.010720771089097	26438.499942130682
0.010816104705111844	26512.58150330607
0.010912286067829506	26585.363808996903
0.01100932271577105	26656.72605936766
0.011107222254493242	26726.683928860704
0.01120599235718467	26796.362870806817
0.011305640765267133	26864.381404760294
0.011406175289002451	26930.36081892337
0.011507603808104555	26994.790153849073
0.011609934272357122	27059.043571281563
0.011713174702236658	27121.108333671305
0.011817333189541125	27181.25296402208
0.011922417898024156	27240.48964552193
0.012028437064034954	27298.386110996238
0.012135398997163777	27354.50631939706
0.012243312080893277	27409.533793437167
0.012352184773255566	27462.242224555197
0.012462025607495143	27513.841294906884
0.012572843192737703	27564.07583207293
0.012684646214664948	27612.55479244448
0.012797443436195294	27659.401300169768
0.01291124369817073	27704.87239503994
0.013026055920049741	27748.51864374105
0.013141889100606393	27789.723101958232
0.013258752318635636	27829.50846565774
0.013376654733664926	27866.986137350737
0.013495605586672062	27902.80890382752
0.013615614200809532	27935.747427306902
0.013736689982135217	27966.691698177547
0.013858842420349633	27995.73671455554
0.013982081089539704	28022.288448106683
0.014106415648929206	28046.79326266249
0.014231855843635767	28069.530977159302
0.014358411505434723	28089.136791175984
0.0144860925535297	28107.242310952195
0.014614908995330064	28123.761631813708
0.014744870927235271	28138.68608891174
0.014875988535426259	28152.662235328473
0.015008272096663736	28165.00253155837
0.015141731979093718	28175.784154726334
0.015276378643060142	28186.408800584402
0.015412222641924735	28195.458250466472
0.015549274622894151	28203.758600720088
0.015687545327854536	28211.36183029609
0.01582704559421337	28217.570238028737
0.015967786355748952	28221.55344935312
0.01610977864346734	28223.738919295894
0.016253033586466948	28223.69054011251
0.016397562412810814	28220.66279268582
0.01654337645040669	28215.209987848506
0.016690487127894806	28206.591857872547
0.016838905975543706	28194.906457749163
0.016988644626153935	28179.401440499805
0.017139714815969806	28159.929750820163
0.01729212838559925	28136.363396937955
0.01744589728094192	28109.384589975274
0.017601033554125404	28079.402329150726
0.017757549364449895	28046.268741112915
0.017915456979341212	28010.164864769653
0.0180747687753123	27970.585831805376
0.018235497238933255	27928.945056037017
0.01839765496781007	27885.0546544862
0.018561254671571915	27838.663197172093
0.018726309172867342	27789.872237470678
0.01889283140836932	27738.731305775713
0.01906083442978915	27685.65469675159
0.019230331404899444	27630.723776926905
0.019401335618566252	27572.652900650235
0.019573860473790197	27512.30671354574
0.01974791949275705	27449.725105198402
0.019923526317897566	27383.371272962537
0.020100694712956738	27313.643451590273
0.020279438564072563	27240.92520360856
0.020459771880864498	27164.49471637479
0.020641708797531366	27083.894639067476
0.020825263573959283	26999.85829068869
0.021010450596839272	26912.668801134445
0.021197284380794885	26821.90148487861
0.0213857795695198	26727.546372182976
0.02157595093692565	26629.907157162343
0.021767813388299865	26529.39013949953
0.021961381961473996	26426.01557348738
0.02215667182800232	26320.148278735203
0.022353698294350983	26212.353081171095
0.02255247680309765	26102.520905940833
0.02275302293414197	25990.602093240326
0.02295535240592655	25877.496998309747
0.023159481076669056	25762.7341111756
0.023365424945605087	25646.284044393724
0.023573200154242212	25527.872907296914
0.02378282298762505	25407.505473976962
0.023994309875611783	25285.80140832444
0.02420767739416174	25162.91546575858
0.024422942266634697	25037.894770119892
0.024640121365101592	24911.13223535727
0.024859231711666933	24783.086995117443
0.025080290479802935	24653.325708513796
0.02530331499569563	24521.414705176183
0.02552832273960274	24388.142207349592
0.025755331347223825	24253.316367073487
0.02598435861108252	24116.55185028591
0.02621542248192109	23978.4031745387
0.026448541070107325	23838.277290055034
0.026683732647054127	23695.416981794973
0.026921015646651433	23551.660775031636
0.027160408666711117	23406.184188881918
0.027401930470424638	23258.507324637612
0.027645599987833665	23108.74269276327
0.02789143631731375	22957.155447607558
0.028139458727071333	22803.73722618462
0.028389686656653784	22648.416585414885
0.02864213971847316	22491.637337510438
0.028896837699343342	22333.37074794964
0.02915380056203091	22173.044912117704
0.029413048446819745	22011.478998475926
0.02967460167308971	21849.214791490405
0.02993848074090908	21685.300040258484
0.030204706332641402	21520.423229861815
0.030473299314566493	21355.475961371743
0.030744280738516035	21188.489323120917
0.03101767184352328	21021.26621490679
0.03129349405748814	20853.153041074
0.03157176899885621	20684.96520868383
0.03185251847831362	20516.034840998924
0.03213576450049628	20346.663171302218
0.03242152926571444	20177.464138203242
0.032709835171693104	20008.861182095065
0.03300070481532704	19840.490989084312
0.03329416099445239	19671.32775706155
0.03359022670963301	19503.73032235066
0.033888925165963646	19336.446640705635
0.03419027977488853	19168.871809748518
0.03449431415603616	19002.713059410784
0.03480105213907095	18837.73325118766
0.03511051776556049	18673.136996670157
0.03542273529086033	18509.79507042008
0.03573772918601486	18348.122953094356
0.0360555241396751	18185.830582413582
0.036376145060034254	18026.28738435317
0.03669961707677939	17866.805199192197
0.03702596554306164	17709.569299721967
0.03735521603748275	17553.41536244123
0.037687394366100385	17398.320497002132
0.03802252656445057	17244.982534158346
0.038360638899588066	17093.309054853795
0.03870175787214565	16943.19889450451
0.039045910218410605	16794.36842448027
0.03939312291242077	16647.548324756957
0.03974342316807849	16501.98819684103
0.040096838441283415	16358.190929830644
0.040453396432084884	16216.442678902771
0.04081312508685248	16076.64546047437
0.041176052600466986	15938.786108761999
0.041542207418529625	15802.942293918424
0.04191161823959215	15668.871381372452
0.04228431401740592	15536.31886050773
0.04266032396319104	15406.050246761999
0.0430396775479264	15278.91970502302
0.04342240450465894	15153.844513653767
0.043808534830834626	15030.717326779164
0.04419809879064938	14910.50598072126
0.04459112691742084	14793.335156436242
0.04498765001598213	14678.321395364073
0.04538769916509558	14565.677317893174
0.04579130571988933	14456.385517358745
0.0461985013143142	14350.431845702422
0.04660931786362368	14246.85853875009
0.04702378756687515	14145.67141533571
0.047441942909453326	14046.76461496536
0.047863816665617016	13950.648989013704
0.04828944190106719	13857.428501469894
0.04871885197553925	13765.812728565797
0.04915208054541739	13675.67504922098
0.049589161566372365	13588.001119647699
0.05003012929602335	13502.854332257322
0.050475018296622404	13418.504504320485
0.05092386343776404	13336.12403225917
0.05137669989911754	13255.989288955465
0.05183356317318493	13177.396698458733
0.052294489068082504	13100.257753377919
0.05275951371034715	13024.753814137168
0.053228673547768536	12950.945899918977
0.05370200535224505	12877.84256719209
0.054179546222666596	12806.433891736466
0.054661333587822034	12735.877700056188
0.05514740520933253	12666.162798945763
0.05563779918461186	12597.3427352881
0.0561325539498517	12529.28973615628
0.056631708283034925	12461.817430544217
0.05713530130697418	12394.341727318233
0.057643372492378976	12326.907725370704
0.05815596166094898	12259.51423789835
0.058673108988494926	12192.093170226315
0.05919485500808818	12124.086987377217
0.059721240613236866	12055.720604013592
0.06025230706109173	11987.44822680587
0.060788095975679496	11918.646759504443
0.06132864935116495	11848.319285141595
0.061874009555143154	11777.122221958192
0.06242421933195922	11705.23379100384
0.06297932180605945	11631.670640453498
0.06353936048537046	11557.236672491126
0.06410437926471002	11480.83572221244
0.06467442242922714	11402.428561978824
0.06524953465787266	11322.018064066682
0.065829761026902	11239.056906640906
0.06641514701340714	11153.694571956115
0.06700573849888193	11065.911867381403
0.06760158177281776	10975.703633134539
0.06820272353633135	10882.813678596543
0.06880921090582591	10788.83433508823
0.06942109141668311	10693.544823830265
0.07003841302698972	10596.42228403889
0.07066122412129562	10498.347626110768
0.07128957351440678	10399.779157765883
0.07192351045521105	10299.020593469386
0.07256308463053779	10196.034629922107
0.07320834616905308	10090.334943810436
0.07385934564518773	9981.258290419815
0.07451613408310206	9868.341913320352
0.0751787629606848	9751.547271812515
0.07584728421358732	9631.126126678955
0.07652175023929522	9507.647620717169
0.07720221390123416	9381.84654078582
0.07788872853291415	9254.170010134332
0.0785813479421087	9124.964742617336
0.07928012641507319	8994.818445710262
0.07998511872079925	8864.02660992665
0.080696380115307	8732.618703039003
0.08141396634597703	8600.706522200524
0.08213793365591851	8468.602698076273
0.08286833878837851	8336.480527750131
0.08360523899118898	8204.306924466107
0.08434869202125322	8072.40943647656
0.08509875614907396	7941.232804187598
0.08585549016331911	7811.110908547645
0.08661895337543088	7682.326791949412
0.08738920562427314	7555.169513786419
0.0881663072808227	7429.834174537785
0.08895031925290049	7306.564075109616
0.08974130298994502	7185.69283692771
0.09053932048782974	7067.487285026368
0.0913444342937209	6952.160506446358
0.09215670751098116	6840.015892276784
0.09297620380411424	6731.220834667164
0.09380298740375595	6625.864221758694
0.094637123111708	6524.263120836929
0.09547867630601653	6426.527631973943
0.0963277129460975	6332.6752585623635
0.09718429957790516	6242.951650888567
0.09804850333914888	6157.589936490774
0.09892039196455492	6076.404731047203
0.09980003379117469	5999.409255575297
0.10068749776374222	5926.524121796352
0.10158285344007648	5858.040263714382
0.10248617099653454	5793.3505645937485
0.10339752123351056	5732.591740614043
0.10431697558098618	5675.797214685841
0.10524460610412854	5622.154391419281
0.10618048550893808	5572.167585973578
0.1071246871479484	5524.805151217058
0.10807728502597397	5480.7943139936015
0.10903835380591187	5439.308097213354
0.11000796881459313	5400.009840341788
0.11098620604868611	5362.548485208175
0.11197314218065439	5326.540949284643
0.11296885456476465	5291.6936827941345
0.11397342124315103	5257.772521572544
0.11498692095193054	5224.601131225583
0.11600943312737544	5190.987093253474
0.11704103791213888	5157.448497337353
0.11808181616153561	5123.246334903505
0.11913184944988078	5087.936109652321
0.12019122007688188	5051.140063052862
0.12126001107409073	5012.762952108406
0.12233830621141074	4972.670672898236
0.12342619000366194	4930.14044365631
0.12452374771720665	4885.0504418777855
0.1256310653766307	4837.224817524074
0.12674822977148784	4786.443631411133
0.1278753284631	4733.057982242691
0.1290124497914222	4676.804225202963
0.1301596828819654	4617.494483045318
0.1313171176527816	4555.484003843602
0.1324848448215129	4491.075089766189
0.1336629559125	4424.0559045448945
0.13485154326395732	4354.583397429065
0.1360507000352096	4283.569630264512
0.13726052021399288	4210.77632810505
0.13848109862382274	4136.429612534299
0.13971253093142438	4061.1808549165676
0.14095491365423296	3985.3937305629256
0.14220834416795627	3909.1170169654397
0.1434729207142087	3832.795451428805
0.14474874240821056	3757.4005705465693
0.14603590924655566	3683.0815708101004
0.14733452211505071	3610.0146432018664
0.14864468279662052	3538.572271133558
0.14996649397928738	3469.3898534795817
0.1513000592642187	3402.710795449308
0.1526454831738464	3338.910796924496
0.15400287116006103	3278.5678781785
0.15537232961247463	3221.7693529377843
0.15675396586676169	3168.35118719215
0.1581478882130696	3118.3569204104433
0.1595542059045083	3072.1925057349467
0.1609730291657124	3029.7345056374347
0.16240446920147958	2990.8272526519045
0.16384863820548862	2955.0189271851386
0.16530564936909056	2921.91354564687
0.16677561689018267	2891.4382749327683
0.16825865598215792	2863.370540218945
0.16975488288293453	2837.136283393747
0.17126441486406846	2812.2739434749087
0.17278737023994262	2788.665091517092
0.17432386837704242	2765.865420391021
0.17587402970330923	2743.4823699382778
0.17743797571758133	2721.059411319319
0.1790158289991159	2698.189728214042
0.18060771321719563	2674.580738491302
0.18221375314082383	2649.758592172611
0.18383407464850116	2623.449275176746
0.18546880473809388	2595.3156715212513
0.18711807153678686	2565.198744052488
0.1887820043111249	2532.7521523262258
0.19046073347714676	2498.0925166238117
0.19215439061060427	2461.3233203034492
0.19386310845727758	2422.525662514742
0.19558702094337702	2382.0571640351923
0.1973262631860422	2339.974955572668
0.19908097150393136	2296.8945427954186
0.2008512834279046	2253.2488368840995
0.20263733771180584	2209.1367494226106
0.20443927434333528	2165.0385933053244
0.2062572345550238	2121.5496001298225
0.2080913608353015	2078.860327341779
0.20994179693966455	2037.1896504616216
0.21180868790194515	1997.1936481607784
0.2136921800456759	1958.7562068285395
0.21559242099556147	1922.411026727619
0.2175095596890461	1888.1482638912746
0.21944374638798975	1856.2195604974108
0.2213951326904442	1826.670629067655
0.2233638715425338	1799.3907660017055
0.22535011725044587	1774.2666269576991
0.2273540254925219	1751.107438277774
0.22937575333146193	1729.597085313376
0.2314154592266338	1709.668944619549
0.2334733030464916	1690.717546723526
0.23554944608110875	1672.5623979813797
0.23764405105481637	1654.6984481119873
0.23975728213896055	1636.8209720755747
0.24188930496476654	1618.685436610266
0.24404028663632357	1599.9871575191814
0.24621039574368087	1580.4395779375052
0.24839980237606007	1559.7481742555315
0.2506086781351898	1537.9299650379305
0.2528371961487516	1514.8582030860084
0.2550855310839528	1490.7828807450835
0.2573538591612153	1465.7286566334453
0.2596423581679857	1439.917702877948
0.26195120747267336	1413.553028070887
0.2642805880387056	1386.8151029116511
0.2666306824387142	1360.1395939180486
0.26900167486884236	1333.8400396058041
0.2713937511631841	1308.0640479174788
0.27380709880834875	1283.0862023633356
0.2762419069581541	1258.9903327166164
0.27869836644845536	1236.1383449266746
0.2811766698120986	1214.6370866842285
0.28367701129401474	1194.4039470086695
0.2861995868664424	1175.450130432476
0.2887445942442865	1157.7346038484422
0.29131223290061825	1141.1011550587468
0.2939027040823055	1125.3338966249453
0.2965162108257901	1110.228994365277
0.29915295797299746	1095.478627677491
0.3018131521873953	1080.909562536507
0.3044970019701901	1066.3330410632952
0.30720471767666724	1051.537034801332
0.30993651153268226	1036.3891346326773
0.31269259765129026	1020.7877207342358
0.31547319204953145	1004.7015074559722
0.31827851266536067	988.1308495521986
0.32110877937472737	971.1944012293034
0.3239642140088127	953.9672587048287
0.3268450403714121	936.5833410077535
0.32975148425648076	919.2414598939739
0.3326837734658269	902.1351463982818
0.33564213782696994	885.4322463762097
0.3386268092111526	869.3052961285792
0.3416380215515127	853.8247484881852
0.34467601086142247	838.9577806050595
0.34774101525298207	824.805186115862
0.3508332749556868	811.2870569923847
0.35395303233525377	798.3567376780403
0.3571005319126165	785.9731127816316
0.3602760203830941	774.0074872706148
0.363479746635722	762.2989751379793
0.36671196177276444	750.6747460151767
0.3699729191293902	739.0870356632505
0.37326287429353305	727.3879212430228
0.37658208512592267	715.6029918692632
0.37993081178029287	703.6630237153371
0.38330931672377677	691.590405136303
0.3867178647574734	679.4825749955723
0.39015672303720655	667.3780886257873
0.3936261610944625	655.3236949906956
0.3971264508575129	643.4501205742736
0.400657866672733	631.8754197107295
0.40422068532609895	620.600150549925
0.4078151860648872	609.7053014687892
0.411441650619556	599.1768094177639
0.4151003632258316	588.9904492236342
0.4187916106469843	579.1374785012365
0.422515682196302	569.5623957668473
0.42627286975977124	560.199830663033
0.43006346781894894	550.9669945504767
0.4338877734740483	541.844445945578
0.437746086467223	532.7240655398375
0.44163870920605786	523.6443038592747
0.4455659467872767	514.5900937934035
0.44952810702064866	505.5511069018931
0.4535255004531205	496.57260070642405
0.4575584403931501	487.6824959025564
0.4616272429352684	478.9290910017835
0.46573222698485256	470.3559660495327
0.4698737142831181	461.99069982835044
0.47405202943234237	453.8413350920686
0.47826749992129974	445.88886770787457
0.4825204561509353	438.1327298537522
0.4868112314602587	430.56315555044245
0.49114016215246786	423.1369355409614
0.49550758752131413	415.82109355985006
0.49991384987768844	408.6145085325688
0.5043592945764578	401.46148407379934
0.5088442700435271	394.3673847330348
0.5133691278031534	387.35590654761626
0.517934222505496	380.4309751769823
0.5225399119544105	373.592862107273
0.5271865571354982	366.86725290335687
0.5318745222443932	360.27662273829736
0.5366041747153137	353.80331836294175
0.5413758852498576	347.4913556034825
0.5461900278460547	341.2956404850245
0.5510469798276872	335.2250449350201
0.5559471218738552	329.2763435142965
0.560890838048822	323.4250839828471
0.5658785158321081	317.6507971779455
0.5709105461488683	311.9485241562274
0.5759873234005287	306.32451743915175
0.5811092454956961	300.79320158423485
0.5862767138813525	295.33489516558177
0.5914901335743115	289.9595776842708
0.5967499131929701	284.6940921249723
0.6020564649893323	279.52807608013626
0.6074102048813176	274.461542832753
0.6128115524853672	269.49077781918
0.6182609311493245	264.60089057968605
0.6237587679856242	259.79351922135527
0.6293054939047611	255.06902490061483
0.6349015436490706	250.4353366541662
0.6405473558268004	245.86659845368823
0.6462433729464845	241.3894953354423
0.6519900414516333	236.9859126098331
0.657787811755717	232.6462303415553
0.6636371382774755	228.38224460018535
0.6695384794765319	224.19392736297337
0.6754922978893219	220.07220701915142
0.6814990601653547	216.02279984295464
0.6875592371037793	212.05812873623702
0.6936733036902937	208.14644036713642
0.6998417391343641	204.29550392854972
0.7060650269067932	200.52042772619166
0.7123436547776099	196.81204277592457
0.7186781148542957	193.1638462401524
0.7250689036203646	189.583304696373
0.7315165219742663	186.0538493255592
0.7380214752686544	182.5964690899693
0.7445842733499912	179.1993535062813
0.7512054305985051	175.8571738821781
0.7578854659685152	172.57950614900432
0.7646249030290962	169.3577150072627
0.771424270005125	166.18809658708562
0.7782840998186713	163.07781192337035
0.7852049301307765	160.0212645619635
0.792187303383591	157.01300715264995
0.7992317668428849	154.0646002461071
0.806338872640952	151.16774756501195
0.8135091778198738	148.32699730781454
0.8207432443751886	145.5274014024452
0.8280416392999365	142.7783725921895
0.8354049346290939	140.08677415680273
0.8428337074844195	137.43938920996885
0.8503285401196761	134.83812137603707
0.857890019966278	132.28554124809892
0.8655187396793218	129.78039627567182
0.8732152971840471	127.31890616458607
0.8809802957226971	124.90201983739738
0.8888143439017947	122.52968266063665
0.8967180557398547	120.19891624510477
0.9046920507154972	117.91005257653266
0.9127369538160134	115.66553333637752
0.9208533955863389	113.4608408715067
0.9290420121784854	111.29524919419607
0.9373034454013964	109.16877302878063
0.9456383427712464	107.08252287581618
0.9540473575622029	105.03385439862858
0.9625311488576165	103.02323786367361
0.9710903816016894	101.05071243160272
0.9797257266515883	99.1133817298908
0.9884378608300193	97.2099536770913
0.9972274669782883	95.34298381294545
1.006095234009807	93.50895920544052
1.0150418569641029	91.70573078582619
1.02406803706128	89.93412143273432
1.0331744817569934	88.20932152621654
1.0423619047978916	86.5132235927545
1.0516310262775541	84.83484183338759
1.0609825726929432	83.19407948357491
1.0704172770013305	81.59414212093148
1.0799358786777595	80.00748147550325
1.0895391237729963	78.463495305831
1.0992277649720001	76.93499518286315
1.1090025616529293	75.44226222873796
1.118864279946645	73.98057201279478
1.1288136927967756	72.54340605872959
1.1388515800202812	71.13202624497438
1.1489787283685895	69.74535189004237
1.1591959315892537	68.38515309973921
1.1695039904881586	67.05875416910207
1.1799037129923005	65.74349332711417
1.1903959142130953	64.45988537029888
1.2009814165102792	63.201215382352075
1.2116610495563578	61.96394121769896
1.2224356504016285	60.75363152371311
1.2333060635398005	59.56572376751187
1.2442731409741694	58.3918738436318
1.2553377422844114	57.24701913530197
1.2665007346939388	56.12248534511021
1.2777629931378869	55.02406089946488
1.289125400331683	53.93840492370314
1.3005888468402254	52.87379018398774
1.3121542311476997	51.83690713935285
1.3238224597279826	50.817595197221216
1.3355944471157062	49.81080001543559
1.3474711159779293	48.82735293906624
1.3594533971864482	47.86030224851242
1.3715422298907733	46.91689985394261
1.3837385615917193	45.98932111261175
1.396043348215686	45.075583339860394
1.408457554189565	44.18171372439579
1.4209821525163453	43.30555549448251
1.4336181248513693	42.44598599885188
1.446366461579264	41.604935396145116
1.4592281618915848	40.77752898892231
1.4722042338651093	39.96896759359351
1.4852956945408669	39.17382998612661
1.4985035700038434	38.390800801519035
1.5118288954633983	37.62515812806554
1.525272715334419	36.876986222036464
1.53883608331916	36.14220705026511
1.552520062489851	35.41820108964955
1.5663257253719973	34.70710829038516
1.5802541540284614	34.01318782677979
1.594306440144265	33.33357798508973
1.6084836851121447	32.668669063343124
1.622787000118897	32.010587596518036
1.6372175062324485	31.368022881252916
1.6517763344897427	30.739446811982667
1.6664646259853808	30.122153095181883
1.6812835319610495	29.517655206483244
1.6962342138957731	28.924542030136234
1.7113178435969258	28.342253706768517
1.7265356032920989	27.771681247563585
1.7418886857217373	27.21279635883906
1.757378294232646	26.663987468633145
1.7730056428722971	26.12534857074624
1.788771956483976	25.597018133617308
1.804678470802802	25.07949789420539
1.8207264325525614	24.573721243873177
1.8369170995434414	24.078509527160136
1.8532517407706093	23.589640038235498
1.8697316365136616	23.11120477511538
1.8863580784369944	22.64179290373447
1.9031323696910145	22.182310904671944
1.9200558250143054	21.733245103948363
1.9371297708366462	21.293028689086764
1.9543555453829993	20.860179654913406
1.9717344987783874	20.43571101929581
1.989267993153704	20.02125369306877
2.006957402752499	19.614290657399117
2.02480411403866	19.212901351234144
2.042809525805107	18.822053125836515
2.0609750492834182	18.43867641407236
2.0793021082544243	18.062257383795057
2.0977921391598318	17.6935725332943
2.116446591214777	17.332591708088994
2.135266926521443	16.979083707792977
2.1542546201836266	16.632147855265686
2.1734111604223814	16.29131343337885
2.19273804869265	15.958473934604736
2.2122367998009334	15.630919582513947
2.231908942024046	15.31007515116387
2.2517560172288684	14.996870892344528
2.2717795809932237	14.689572714252948
2.291981202727788	14.387514412853106
2.312362465799088	14.092287306192421
2.3329249676536272	13.80248048318739
2.3536703199430624	13.519400195676633
2.3746001486505524	13.240501750275689
2.395716094218166	12.968416730723836
2.4170198116754884	12.701334704529682
2.4385129707693247	12.439162768249757
2.46019725609456	12.18295676304925
2.4820743672262253	11.932102434997338
2.5041460188526696	11.685878665423731
2.5264139409099893	11.4440777640729
2.5488798787176	11.20761431316244
2.571545593115021	10.976385231674264
2.5944128605999164	10.749433603060917
2.6174834734672987	10.526390789136919
2.640759239950041	10.308368150801146
2.664241984360567	10.095381460038343
2.68793354723387	9.88590886150071
2.711835785471756	9.680357695772186
2.73595057248837	9.48002587524473
2.760279798357066	9.283165464727595
2.7848253699585057	9.090391553857566
2.8095892111301537	8.901777422888824
2.8345732628170475	8.716602959185538
2.8597794832239116	8.534871388239331
2.8852098479686723	8.357267227507382
2.9108663502372636	8.1836518316231
2.9367510009398887	8.013058490131746
2.9628658288685914	7.845991844805485
2.9892128808563068	7.682441482341537
3.015794221937269	7.522171800166534
3.042611935508853	7.365140746073059
3.0696681234949024	7.211274140734598
3.096964906510432	7.060489504657572
3.1245044240278745	6.912944730092076
3.152288834544756	6.768652756534447
3.1803203157528537	6.626750567135145
3.208601064708921	6.4881515825903175
3.2371332980068446	6.35243622668966
3.2659192519514195	6.2193464732566355
3.294961182733585	6.088811166782505
3.3242613666072955	5.96110662514113
3.353822100067919	5.836121844033769
3.3836457000322073	5.713489175724669
3.4137345040199394	5.5934746473825285
3.4440908703370785	5.475987649846597
3.4747171782606596	5.360688522414771
3.5056158282252508	5.2480324001822165
3.5367892420110776	5.137570863376275
3.568239862933882	5.029464012312179
3.599970156036373	4.923691019064357
3.631982608281486	4.819989035819532
3.6642797287472515	4.718342769997014
3.6968640488235005	4.618702327506344
3.7297381224102484	4.521425461766148
3.7629045261178473	4.425987555209439
3.796365859468981	4.332614650683702
3.830124745102358	4.2411342612978915
3.8641838289783164	4.1514802140529
3.8985457805861885	4.063715566642907
3.9332132931535106	3.977798751932607
3.9681890838571623	3.8935935557562975
4.003475894036276	3.81107707000076
4.039076489407156	3.7304386713340456
4.074993660279995	3.651437185013083
4.111230221777619	3.5739765433518667
4.147789014056116	3.4981881171117624
4.184672902527414	3.4240239023638295
4.221884778083925	3.3513907821014315
4.25942755732506	3.2802599303217663
4.297304182785892	3.2105247210550867
4.335517623167747	3.142204458316831
4.37407087357088	3.0754538083119978
4.4129669557292655	3.0099817471908823
4.452208918247381	2.9460214996562897
4.4917998368392125	2.8833335271387828
4.531742814569259	2.8219037748205253
4.5720409820958	2.761858506272204
4.61269749791625	2.7030405808859004
4.653715548614688	2.6453606340358133
4.695098349111677	2.588971480076503
4.736849142916173	2.533710616625534
4.778971202379808	2.4795624540953263
4.821467828953345	2.4266552621722477
4.86434235344541	2.374861057718637
4.907598136283621	2.324103080052733
4.951238567777899	2.2744129270741666
4.9952670683862666	2.2257278098991877
5.039687088982863	2.1780425582527094
5.084502111128483	2.1315783929421777
5.1297156473434296	2.0858695109850713
5.1753312413827866	2.0411812862672263
5.22135246851424	1.9974509758761136
5.267782935798229	1.9546248588002106
5.314626282370717	1.9127278924808886
5.361886179728403	1.871693938988651
5.409566332016454	1.83146043126376
5.457670476318892	1.7922118435603085
5.5062023829514315	1.7537317498962408
5.55516585575706	1.7160640337879172
5.6045647324041	1.6792155151445232
5.654402884687071	1.6431130129856477
5.7046842188301214	1.6077613325002984
5.755412675793159	1.5731887029525813
5.806592231580811	1.5393423187351174
5.858226897553972	1.5061672485963373
5.91032072074428	1.4737202677374166
5.962877784171284	1.4420097018025415
6.0159022071624335	1.4109234893894318
6.069398145676017	1.3804930642312074
6.123369792626811	1.350702467805509
6.177821378214803	1.3215633682709922
6.232757170256658	1.2930510171018634
6.288181474520298	1.265099426505351
6.344098635062351	1.2377781523765115
6.400513034568591	1.211078450708762
6.457429094697529	1.1848775607580595
6.5148512764268816	1.1592704530142648
6.572784080403292	1.1341922210696305
6.631232047295055	1.109658238017949
6.690199758147963	1.0856591904098574
6.749691834744448	1.0621370506708472
6.809712939965732	1.039113669401963
6.87026777815739	1.0166235063153661
6.931361095497972	0.994573060775157
6.992997680371087	0.9730286912984891
7.055182363740668	0.9519296085100366
7.1179200195295795	0.9312571403939831
7.181215565001713	0.9110439458302937
7.245073961147292	0.8912837945920749
7.309500213071795	0.8719326030207241
7.374499370388208	0.8529839368190897
7.440076527612767	0.8344397353719467
7.506236824564346	0.8163107778062754
7.572985446767201	0.7985448023668589
7.64032762585751	0.7811687947598844
7.708268639993311	0.764185584531023
7.776813814268291	0.7475554453438105
7.845968521129111	0.7312719758992229
7.915738180796454	0.7153542401397723
7.986128261689948	0.6997681310555744
8.057144280856653	0.6845206395254967
8.12879180440358	0.6695978927288787
8.201076447933916	0.6549850785070239
8.274003876987107	0.6406946899722864
8.34757980748303	0.6267223675569007
8.421810006169867	0.6130421593788667
8.496700291076218	0.5996523068219095
8.572256531966985	0.5865648959351641
8.64848465080354	0.5737417934392263
8.725390622207833	0.5611994164065538
8.802980473930623	0.5489380529974293
8.88126028732403	0.5369319108470205
8.960236197818062	0.5251876148723584
9.039914395401622	0.5136995396825584
9.120301125107533	0.502453096038424
9.201402687502137	0.49144730539425946
9.283225439179065	0.4806870363304957
9.36577579325741	0.4701604972932821
9.449060219884489	0.4598538836931787
9.53308524674283	0.4497790869625047
9.617857459561918	0.439914507226806
9.70338350263432	0.4302615723536705
9.7896700793364	0.4208274276535777
9.876723952653844	0.4115906204381216
9.964551945711582	0.40254187293485094
10.053160942308724	0.39371495796219647
10.142557887457947	0.38507122945830424
10.232749787929967	0.37661364960646443
10.323743712802656	0.3683261669103939
10.415546794015052	0.360235472459454
10.508166226926477	0.3523182963657553
10.601609270880346	0.3445536367003188
10.69588324977327	0.33694868398905137
10.790995552629042	0.3295313606910973
10.886953634177706	0.32232272709646953
10.983765015439987	0.3152017768402868
11.08143728431662	0.3082368703473961
11.179978096183232	0.30145708585823555
11.279395174490196	0.29482972642800137
11.379696311368122	0.2883445114741323
11.480889368238527	0.28197011835766633
11.58298227642995	0.27572920451907296
11.685983037799723	0.26968349924128593
11.78989972536098	0.2637106633049916
11.894740483915562	0.25786845354138854
12.000513530692317	0.25218626098129415
12.107227155991092	0.2466245597234613
12.214889723832664	0.24117545512602168
12.323509672614117	0.2358282253033549
12.433095515770413	0.23060464013221804
12.543655842441472	0.22552820997546882
12.655199318145538	0.22055762287154065
12.767734685458295	0.21567054440097672
12.881270764698028	0.2108836717668155
12.995816454617103	0.20621603244787146
13.111380733099248	0.20165271086506678
13.227972657863388	0.19719166872562177
13.345601367173508	0.19281230202119642
13.464276080554813	0.18852052989550433
13.58400609951651	0.1843519726420977
13.704800808280647	0.1802846214095043
13.826669674517836	0.176265003665423
13.949622250089101	0.17235139971688143
14.073668171794719	0.16854140510100726
14.198817162129457	0.16481033338298093
14.32507903004453	0.16114867757848766
14.452463671716579	0.15755499681232046
14.580981071323123	0.1540496007017832
14.710641301825271	0.15064278377475668
14.841454525757149	0.14727960357652894
14.973430996022342	0.1440035305327533
15.106581056697683	0.14080955107607876
15.240915143843786	0.13767675817714287
15.376443786323229	0.13461703313891696
15.51317760662556	0.13162256442782072
15.651127321700068	0.12869249301959415
15.790303743795675	0.12582978162068453
15.930717781308289	0.12302084421279871
16.07238043963599	0.12028218003971125
16.21530282204138	0.11759281816435631
16.359496130522047	0.11498476460380225
16.504971666688448	0.11241463176289909
16.651740832649658	0.10990672186988816
16.79981513190721	0.10745981015320247
16.949206170256517	0.1050620412329043
17.099925656696733	0.10271833689398023
17.251985404348247	0.10042065968488414
17.405397331378786	0.0981883146638358
17.56017346193745	0.09598287013928167
17.716325927097046	0.09383971161295926
17.87386696580512	0.09174927335001012
18.032808925842982	0.0896990134607379
18.193164264793698	0.08769057216128479
18.354945551018425	0.08572889258648923
18.51816546464139	0.08381275388414135
18.682836798543953	0.08194057851455801
18.848972459367044	0.08011077530103969
19.016585468523008	0.07831228840581365
19.18568896321596	0.07656259397349009
19.356296197471657	0.07484721258802336
19.52842054317625	0.07316581027051673
19.70207549112423	0.07152854192735643
19.877274652076064	0.06993052346359718
20.0540317578247	0.06835987096974151
20.23236066227207	0.06682581804957531
20.412275342514867	0.06532449812212955
20.593789899939885	0.06386324937829282
20.776918561329556	0.062429774417715286
20.96167567997671	0.06102975566158478
21.148075736809854	0.059659536326528886
21.336133341527862	0.05831782438633624
21.52586323374533	0.057009709498748805
21.717280284147716	0.05573036886613473
21.91039949565677	0.05447745780845649
22.105236004606695	0.05325275208346529
22.301805081930215	0.05205860197083222
22.50012213435573	0.05088582375286558
22.700202705614775	0.04973978074168923
22.90206247766017	0.0486205742921434
23.105717271895436	0.04752644000652465
23.31118305041452	0.04645894983941679
23.518475917253202	0.04541316936774218
23.72761211965097	0.04439105322409614
23.938608049324746	0.04338750632905728
24.151480243753497	0.042409338577546155
24.366245387474308	0.04145633659872463
24.58292031339037	0.04052400956273772
24.801522004089975	0.03961004460319928
25.02206759317787	0.03871654676289723
25.244574366618046	0.037844595870875374
25.469059764088446	0.03698993617418641
25.695541380348146	0.03615437770233121
25.924036966616068	0.03533815776476305
26.15456443196263	0.03453928743990171
26.387141844713074	0.033760410640362094
26.62178743386395	0.03299841452546339
26.858519590511722	0.0322515968989729
27.097356869294103	0.03152278766397573
27.33831798984465	0.03081219655167046
27.581421838259608	0.030116703708696305
27.826687468578488	0.029435845895711722
28.074134104277363	0.028770586354169438
28.3237811397754	0.02811703692058206
28.575648141955327	0.027480544305779103
28.829754851696634	0.02686070269709019
29.08612118542324	0.026253154768797898
29.344767236664097	0.025657712471923836
29.605713277628436	0.025076135573373102
29.868979760794527	0.02450832719529693
30.134587320512537	0.023954154211513038
30.402556774622184	0.02341048805459102
30.67290912608398	0.02287815293830543
30.94566556462578	0.022360602581934574
31.22084746840343	0.02185375604110205
31.498476405676186	0.021356746994439763
31.77857413649758	0.020873903998432128
32.06116261442048	0.02039965228894629
32.34626398821825	0.019936497667047217
32.633900603620226	0.01948329276577414
32.92409500506359	0.01904133047566761
33.21686993746014	0.01860922033984862
33.51224834797886	0.018186253171212873
33.81025338784486	0.01777235779674943
34.11090841415347	0.017367781690945976
34.41423699170134	0.016973114492995146
34.72026289483321	0.01658781439349418
35.02901010930516	0.016209388326587162
35.34050283416496	0.015841066712759106
35.65476548364824	0.015480904040371241
35.9718226890926	0.01512811778279442
36.29169930086759	0.014783206525027872
36.614420390322934	0.01444646017259329
36.94001125175336	0.014117665040532534
37.26849740438092	0.01379643537324289
37.59990459435564	0.013481810430702517
37.934258796772866	0.013174523136357407
38.27158621770967	0.01287359510840558
38.61191329627859	0.012580021090599466
38.955266706699696	0.012292933878114577
39.30167336039175	0.012012453447387675
39.65116040808093	0.011738487185424973
40.003755241929376	0.011470161494720141
40.359485497681604	0.011208073382759275
40.71837905683102	0.010951865968173722
41.080464048805055	0.01070200470468003
41.44576885316963	0.010457186005626036
41.81432210185403	0.010218069467152195
42.18615268139441	0.009984585572992265
42.56128973519844	0.009756269860521014
42.93976266582922	0.009532876797587242
43.32160113730964	0.009314462105500486
43.70683507744788	0.009101346141843032
44.09549468018248	0.008892885749928407
44.48761040794956	0.008689595525301342
44.88321299406972	0.008490602995028513
45.28233344515745	0.00829589264364689
45.68500304355112	0.008105584180701062
46.091253349764614	0.007919826361505674
46.50111620496153	0.007738341748790929
46.91462373345016	0.007560630429987669
47.33180834520199	0.0073873115248464655
47.7527027383916	0.007217477996947858
48.17733990195926	0.007051848790263626
48.60575311819717	0.006889875603910517
49.03797596535735	0.006731520616582909
49.474042320284134	0.006576887162913565
49.913986361068694	0.006425791629574233
50.357842569728454	0.0062780020747048755
50.80564573490948	0.006133544114995698
51.257430954612886	0.005992420596313213
51.71323363894634	0.0058547227478497185
52.17308951289878	0.005719951794600725
52.637034619141055	0.005588354141930804
53.10510532085067	0.005459717076209323
53.577338304561515	0.005333846083626648
54.05377058304002	0.005210887026090918
54.534439498185336	0.005090878454557539
55.0193827239569	0.004973451999603363
55.50863826932651	0.0048584886807944054
56.002244481258046	0.004746580602353986
56.50024004771276	0.004637019301981328
57.00266400068127	0.0045300220406174155
57.5095557192435	0.004425475845953181
58.020954932654355	0.004323187181158036
58.536901723458335	0.004223271917903751
59.05743653063081	0.004125716466606522
59.58260015274727	0.004030124088541779
60.11243375118175	0.003936992672042357
60.646978853332136	0.0038459804528416888
61.1862773558759	0.0037569457124855053
61.73037152805298	0.003669953405560306
62.279304014979544	0.0035849415286957234
62.83311784099012	0.003501925416443745
63.391856413009414	0.0034208231155130357
63.955563523955256	0.0033413979415432373
64.5242833561701	0.0032640290178044917
65.0980604848848	0.003188325111918171
65.67693988171187	0.003114372986332239
66.26096691817011	0.0030421202424706886
66.8501873692414	0.002971464499573552
67.4446474169576	0.0029024510159373564
68.04439365402112	0.002835000823322257
68.64947308745589	0.0027689754891704055
69.25993314229243	0.00270456311683742
69.87582166528466	0.002641813868053027
70.4971869286596	0.00258027931471858
71.1240776339018	0.002520114375318604
71.75654291556941	0.0024613641401779306
72.39463234514616	0.0024040149324929395
73.03839593492634	0.0023480122860436454
73.68788414193423	0.002293300113551325
74.34314787187978	0.002239843531412861
75.00423848314745	0.0021875932763473103
75.6712077908226	0.002136486730111183
76.34410807075169	0.002086592520203806
77.0229920636404	0.002037860136820051
77.70791297918703	0.001990269764885482
78.39892450025253	0.001943754659239596
79.09608078706903	0.0018982738700004627
79.79943648148372	0.0018538361237451003
80.50904671124269	0.001810432756138381
81.22496709431063	0.0017680281557165775
81.94725374323102	0.0017265894491877622
82.67596326952378	0.0016861000668164329
83.41115278812184	0.0016465713434619638
84.15287992184884	0.001607939653709323
84.90120280593419	0.0015701932621589919
85.65618009257078	0.0015333296052395349
86.4178709555115	0.0014973167672636574
87.18633509470675	0.0014621346851936947
87.96163274098465	0.0014277337958324922
88.74382466077064	0.0013941169826186019
89.53297216085144	0.0013613061049851573
90.32913709317893	0.001329236875900783
91.13238185971927	0.001297906772247555
91.9427694173424	0.001267303755478787
92.76036328275842	0.001237413620703636
93.58522753749382	0.001208233163280978
94.41742683291535	0.0011797153692814405
95.25702639529666	0.0011518305064093072
96.10409203093191	0.0011246082332905796
96.95869013129156	0.0010980328469405696
97.82088767822702	0.0010720658658642
98.69075224922157	0.0010466883156260455
99.56835202268496	0.0010218782270096213
100.45375578329805	0.0009976760181872677
101.34703292740517	0.0009740559935770218
102.24825346845114	0.0009507834304364893
103.15748804247018	0.0009282726723386048
104.07480791362154	0.0009062723238856585
105.00028497977654	0.0008847756259024674
105.93399177815155	0.0008637754087728058
106.87600149099445	0.0008432400146682961
107.82638795132168	0.0008231650606149345
108.7852256487028	0.0008035527579558905
109.75258973510046	0.0007843738654468114
110.72855603075978	0.000765631286172551
111.7132010301527	0.0007473082822216503
112.70660190797106	0.000729379419901029
113.7088365251766	0.00071197882091462
114.71998343510468	0.0006950402089197745
115.74012188961895	0.0006783655819514038
116.76933184532434	0.000662015018295465
117.80769396983327	0.0006462005362222013
118.8552896480898	0.0006308058312819762
119.91220098874594	0.0006156061746833634
120.97851083059848	0.0006008836659103656
122.054302749083	0.0005863687825079603
123.13966106282179	0.000572218670490662
124.23467084023382	0.0005585099326408173
125.33941790620369	0.0005450871733188183
126.45398884880571	0.0005319077135701563
127.57847102609226	0.0005190961578337873
128.71295257293994	0.0005065665604565028
129.85752240795918	0.0004942913365977573
131.01227024046077	0.0004823829629094712
132.17728657748856	0.00047072773802470265
133.35266273091457	0.0004593048097449694
134.53849082459305	0.00044813195573140655
135.7348638015829	0.00043723899435884494
136.94187543143136	0.00042665051879184725
138.1596203175255	0.0004163232831279485
139.38819390450416	0.0004061486819957412
140.62769248574006	0.00039625244554924283
141.87821321088873	0.00038662826945144534
143.13985409349988	0.000377220157236189
144.4127140187015	0.00036799795378370957
145.69689275094936	0.0003590000369406314
146.99249094184836	0.00035022646722379126
148.2996101380383	0.000341649969665667
149.61835278915459	0.0003332911156158995
150.94882225585948	0.0003251024303084812
152.29112281794028	0.00031714009817091507
153.64535968248407	0.00030933337997356174
155.01163899212537	0.0003017184652396785
156.39006783336214	0.00029428938402534753
157.78075424495105	0.0002870394182310609
159.1838072263745	0.0002799492723492058
160.59933674638592	0.0002730182140717749
162.02745375162547	0.00026629457020877086
163.46827017531768	0.00025966654560475113
164.9218989460462	0.00025325720858976135
166.38845399660156	0.00024698851955787373
167.86805027291317	0.00024083525416184414
169.3608037430576	0.0002348476361576754
170.8668314063502	0.00022901666212161295
172.38625130251177	0.0002233109132601588
173.91918252092202	0.0002177425870166434
175.46574520995554	0.00021228602349030717
177.02606058639503	0.00020696821061247787
178.60025094493454	0.0002017855487142629
180.18843966776345	0.0001967299908797848
181.79075123423948	0.0001918018122101401
183.40731123064143	0.00018697914647106898
185.03824636001414	0.0001822746842566503
186.68368445210135	0.00017769705638370886
188.34375447336078	0.0001732082242365473
190.01858653707424	0.0001688340551038238
191.70831191354773	0.00016456465725897247
193.41306304039614	0.0001604004021728412
195.1329735329261	0.00015633927028134372
196.86817819460717	0.000152360390227661
198.61881302764039	0.00014848064879117057
200.38501524361342	0.00014470883820807978
202.16692327425739	0.00014102550907231124
203.96467678229874	0.0001374274573993592
205.77841667240165	0.00013389994366484726
207.60828510221472	0.00013047448859766024
209.45442549351148	0.00012713354161446042
211.31698254343465	0.00012386869974579724
213.19610223583265	0.00012069286362389647
215.0919318527038	0.00011759216884279041
217.00461998574235	0.00011455357200721252
218.93431654798025	0.00011159333306611679
220.8811727855401	0.0001087131439860173
222.8453412894879	0.00010589871719985816
224.82697600779625	0.00010315122444842339
226.82623225740554	0.00010046841247652729
228.84326673639993	0.00009785817409696906
230.87823753629135	0.0000953128939689813
232.93130415440572	0.00009282516758442357
235.00262750638643	0.00009039876620363217
237.09236993880901	0.0000880360182778994
239.2006952419008	0.00008572941704318588
241.3277686623816	0.00008347364892212337
243.47375691641395	0.00008128007180786304
245.63882820267327	0.00007913948074006686
247.82315221552602	0.00007705325684560592
250.02690015833244	0.00007501827668195012
252.25024475686786	0.00007302875294183354
254.4933602728554	0.00007109016099694493
256.7564225176277	0.00006920798883497994
259.0396088659051	0.00006736023530751156
261.34309826970133	0.00006557093930437381
263.66707127234423	0.00006382276203309681
266.0117100226289	0.00006211168413091632
268.37719828909724	0.000060449188796114955
270.76372147443556	0.0000588310454648964
273.17146663001006	0.00005724748501998162
275.60062247052554	0.000055703767956199214
278.05137938882035	0.000054205843623527264
280.5239294707834	0.00005273976573034492
283.0184665104123	0.00005131361157025331
285.53518602500543	0.00004992331154614215
288.0742852704805	0.00004856851133824845
290.63596325683807	0.0000472459193485748
293.22042076376243	0.00004595779485847224
295.82786035635246	0.000044704350757262195
298.45848640100235	0.00004348102557159728
301.11250508141734	0.000042292241570811695
303.7901244147782	0.0000411305460420029
306.49155426803907	0.00004000144457642443
309.21700637437954	0.00003890217227723021
311.966694349803	0.00003782722507470175
314.74083370987324	0.00003678131738722374
317.5396418866104	0.00003576485415433396
320.36333824553054	0.000034772512372119665
323.212144102844	0.000033805683350986134
326.0862827427945	0.00003286629805377422
328.98597943516353	0.00003194889197874353
331.9114614529298	0.00003105677593235528
334.8629580900759	0.00003019047551869638
337.840700679564	0.000029344117998208957
340.84492261146556	0.000028520038793259276
343.8758593512585	0.000027718775959019107
346.9337484582753	0.00002693671238195985
350.0188296043263	0.000026176561744636303
353.13134459248823	0.000025435291416830584
356.27153737604897	0.00002471463280235532
359.43965407763193	0.000024013984718588092
362.6359430084904	0.00002333128681676481
365.8606546879623	0.000022666988399694098
369.1140418631103	0.000022020121668465077
372.39635952852905	0.000021390805549271737
375.7078649463369	0.000020779523324702826
379.0488176663311	0.0000201825044238867
382.4194795463354	0.000019603654174120966
385.82011477272766	0.00001904092828371334
389.25098988113814	0.00001849232180180817
392.7123737773459	0.00001795976133689246
396.204537758352	0.000017441758270789093
399.72775553364903	0.00001693738188966124
403.2823032466656	0.000016447205367200236
406.86845949641406	0.000015970816753932646
410.4865053593309	0.000015508373194040552
414.13672441129853	0.000015057810190184901
417.819402749877	0.000014620965612488957
421.53482901672504	0.000014195235548591764
425.28329442022914	0.000013781797268529291
429.0650927583191	0.000013380988592770082
432.8805204414997	0.000012991162538706054
436.7298765160874	0.000012611770259376686
440.6134626876401	0.000012243773412804342
444.5315833446086	0.000011885795554148829
448.4845455821988	0.000011538449119511274
452.4726592264321	0.00001120181294592775
456.4962368584348	0.000010873819546004197
460.55559383893495	0.000010555387886995069
464.6510483329859	0.000010246490878165969
468.7829213348939	9.946462794966684e-6
472.9515366933819	9.655195622446376e-6
477.1572211369772	9.37192382699368e-6
481.40030429960996	9.097040867179045e-6
485.6811187464557	8.830305384224619e-6
489.99999999999807	8.571531006828765e-6