0.000010100000000000005	32.868532388726955
0.000010189813457795877	33.153630216743615
0.000010280425574720605	33.438614240482906
0.00001037184345278781	33.72815334890108
0.00001046407425716529	34.01949196439563
0.000010557125216736457	34.31347287736855
0.000010651003624667081	34.61054383850786
0.000010745716838976756	34.90848585979348
0.00001084127228311575	35.20959746844897
0.000010937677446546777	35.51326545664712
0.000011034939885331955	35.819518315284135
0.000011133067222725169	36.128835753101484
0.00001123206714976941	36.44134026762342
0.000011331947425899729	36.75685162398229
0.000011432715879551343	37.07369575583346
0.000011534380408773153	37.3931597233293
0.000011636948981846925	37.71756249346617
0.00001174042963791166	38.04256460336228
0.000011844830487593838	38.37047520992112
0.000011950159713643045	38.70218523709503
0.000012056425571573264	39.037519981205506
0.000012163636390310075	39.37373524856295
0.000012271800572843288	39.71232665070196
0.000012380926596885729	40.05480696528828
0.00001249102301553753	40.40088359113586
0.000012602098457956664	40.75080551380465
0.000012714161630035213	41.10357668723978
0.000012827221315081656	41.457740736158414
0.000012941286374509442	41.81602068186693
0.000013056365748531354	42.1755660068568
0.000013172468456860405	42.53994242959342
0.000013289603599416613	42.90821694601598
0.000013407780357040384	43.2775291233822
0.00001352700799221203	43.65014990028228
0.00001364729584977767	44.029086207211535
0.000013768653357681831	44.40945188101935
0.000013891090027706203	44.79089116915814
0.000014014615456215319	45.179159225875814
0.000014139239324908628	45.56832091205256
0.000014264971401579264	45.961621021370405
0.000014391821540879791	46.35967074121369
0.0000145197996850944	46.75951310784384
0.000014648915864918335	47.16188976106012
0.000014779180200244018	47.569009330303096
0.000014910602900954138	47.98111777857178
0.000015043194267722072	48.395268834865306
0.000015176964692819019	48.81179128202365
0.000015311924660928744	49.23241693109916
0.00001544808474996913	49.658268684302854
0.000015585455631921448	50.088142764233744
0.000015724048073666725	50.52020293905008
0.000015863872937829552	50.95531127898448
0.000016004941183629664	51.39608800016103
0.000016147263867740686	51.838985800475996
0.00001629085214515697	52.287788036644855
0.00001643571727006765	52.73947797997523
0.000016581870596738946	53.19401789592524
0.00001672932358040401	53.65336287532428
0.000016878087778160652	54.11745800739659
0.000017028174849877402	54.5847388509562
0.000017179596559107126	55.05509800392442
0.000017332364774009253	55.52917343633312
0.000017486491468279893	56.0089935028312
0.000017641988722090213	56.49245448373155
0.000017798868723033486	56.981490085351616
0.000017957143767080063	57.47331666820182
0.000018116826259541358	57.968953800736934
0.00001827792871604203	58.47010682092747
0.00001844046376350086	58.97534370037991
0.000018604444141120647	59.484442421937516
0.00001876988270138641	59.99748157312374
0.000018936792411073024	60.514288867289196
0.000019105186352261253	61.039794389406026
0.00001927507772336334	61.564833336752436
0.00001944647984015738	62.09750706146006
0.00001961940613683087	62.634980494840335
0.000019793870167033913	63.1722909318439
0.000019969885604941226	63.71765952822733
0.00002014746624632421	64.26961182135224
0.000020326626009631934	64.82376570460868
0.00002050737893708229	65.38260117708974
0.000020689739195762483	65.94873819264956
0.00002087372107873934	66.51874021237478
0.00002105933900617979	67.09050177319776
0.00002124660752648083	67.66881482947339
0.000021435541317410043	68.2539753930503
0.00002162615518725591	68.84063838499561
0.000021818464075988345	69.43758737377068
0.000022012483056429924	70.03965136090201
0.000022208227335436955	70.64191748811469
0.00002240571225509165	71.25078198423492
0.000022604953293904477	71.86597416209877
0.000022805966068027227	72.48658010313439
0.000023008766332477253	73.11100145481514
0.00002321336998237201	73.74175443095724
0.000023419793054175194	74.38304823360718
0.000023628051726953336	75.01983534665558
0.000023838162323644168	75.67033684276761
0.000024050141312335872	76.32462822535071
0.00002426400530755768	76.98410741370364
0.00002447977107158239	77.6473065806206
0.000024697455515739837	78.31840541351679
0.000024917075701742687	78.99542452181376
0.000025138648843023383	79.67346319879763
0.000025362192306083596	80.36221490389944
0.000025587723611855248	81.05425184653159
0.000025815260437073646	81.75755871949693
0.000026044820615663255	82.46523002760367
0.000026276422140135128	83.17869102192668
0.000026510083162997463	83.89495951083353
0.000026745821998178196	84.61608460912704
0.000026983657122460306	85.34547533364979
0.000027223607176930292	86.08242423997882
0.00002746569096843887	86.8299064804101
0.000027709927471075345	87.57602860955608
0.000027956335827654613	88.33077189073892
0.000028204935351217415	89.09785354780206
0.000028455745526544383	89.8649246048893
0.000028708786011682838	90.63697228095354
0.00002896407663948794	91.42092656974513
0.000029221637419176757	92.21247813071768
0.00002948148853789691	93.00809679790683
0.000029743650362308637	93.80857974379495
0.00003000814344018095	94.61870926557243
0.00003027498850200251	95.43896731646556
0.00003054420646260599	96.25984156264411
0.00003081581842280779	97.09099616259539
0.00003108984567106147	97.93232527403688
0.00003136630968512662	98.77764139759691
0.00003164523213375216	99.62941875444169
0.000031926634878374474	100.49118556944829
0.00003221053997483128	101.36031861606361
0.000032496969675089866	102.23469374342118
0.000032785946428991654	103.1137419553017
0.000033077492886011257	104.0070394251463
0.00003337163189703215	104.90366549287424
0.000033668386516137507	105.80671446884732
0.00003396778000241694	106.7226037112055
0.000034269835821789865	107.64403544097856
0.00003457457764884456	108.5734591998751
0.00003488202936869353	109.5085915770569
0.00003519221507884602	110.45725398217614
0.00003550515909109624	111.41036843135694
0.000035820885933429366	112.3702107139722
0.00003613942035194351	113.34066449438743
0.000036460787312789704	114.31985878947525
0.000036785012004128534	115.30562764963993
0.00003711211983810412	116.30099578546275
0.00003744213645283636	117.30720617070378
0.00003777508771442984	118.31698326528569
0.00003811099971900172	119.34078552739308
0.00003844989879472658	120.37015773347247
0.000038791811503900416	121.40652110048568
0.00003913676464502237	122.45565846372271
0.00003948478525489491	123.51614411856868
0.00003983590061074346	124.58304946579406
0.00004019013823235371	125.65694400992979
0.00004054752588422921	126.7381903413424
0.00004090809157776686	127.83161235574951
0.000041271863573452946	128.93747070751715
0.000041638870383077904	130.05147425302223
0.00004200914077197081	131.17436682561242
0.00004238270376125441	132.30757660083677
0.00004275958863011947	133.4496603877789
0.00004313982491811948	134.60071915684384
0.000043523442427486374	135.76419047947766
0.00004391047122546579	136.93534744085767
0.00004430094164667431	138.1142080102381
0.00004469488429547639	139.30800610415133
0.00004509233004838364	140.51431345100255
0.000045493310056474615	141.72580457825904
0.00004589785574783617	142.94501111293485
0.00004630599883002728	144.17973444691495
0.00004671777129256355	145.42747345868435
0.00004713320540942521	146.6794150721486
0.000047552333741585964	147.9480148894906
0.000047975189139565684	149.22552182228839
0.000048401804746004914	150.5141972426814
0.00004883221399826228	151.81214020108303
0.00004926645063103583	153.12432254846155
0.00004970454867900642	154.44750408619976
0.000050146542479505995	155.77759751034313
0.00005059246667520818	157.1217917029902
0.00005104235621684411	158.47556394146613
0.00005149624636594157	159.84405091124134
0.00005195417269758844	161.22776674796947
0.00005241617110322154	162.61737912518305
0.000052882277793439496	164.02073352201631
0.00005335252930084056	165.43822926630483
0.0000538269624828866	166.86518385675578
0.00005430561452479123	168.30404842420515
0.00005478852294243502	169.75776324062812
0.00005527572558530517	171.2220472325565
0.0000557672606394628	172.7049094692703
0.000056263166630535555	174.1940505567946
0.00005676348242673692	175.6994361073837
0.000057268247241913305	177.21475653846593
0.00005777750063861679	178.74410645337565
0.00005829128253120673	180.28959844970697
0.00005880963318897741	181.84315334939706
0.00005933259323931493	183.4128615879461
0.000059860203670881267	184.9915362170943
0.000060392505836826514	186.5920365593526
0.00006092954145803086	188.20608799255447
0.0000614713526263737	189.8271952325938
0.00006201798180803362	191.46523055265834
0.0000625694718468159	193.1203382636373
0.00006312586596751135	194.78503890184604
0.00006368720777928384	196.4642161995116
0.00006425354127908797	198.16327719061334
0.00006482491085511825	199.87496115176376
0.0000654013612902873	201.59691918316594
0.00006598293776573658	203.33589590263196
0.00006656968586437736	205.09171224630757
0.00006716165157446298	206.86147120460834
0.00006775888129319421	208.64716826664974
0.00006836142183035478	210.44941514256647
0.00006896932041198116	212.26323611738002
0.0000695826246840636	214.09400665405585
0.00007020138271628026	215.9467056392469
0.00007082564300576559	217.8091663327905
0.00007145545448091052	219.68649847025748
0.00007209086650519839	221.58512915467196
0.0000727319288810729	223.50083488512178
0.00007337869185384246	225.4278153622804
0.00007403120611561799	227.37013503199466
0.00007468952280928557	229.33496189553483
0.00007535369353251596	231.31720941355516
0.00007602377034180762	233.31246213838955
0.00007669980575656786	235.32262067211093
0.00007738185276322817	237.35502219120346
0.00007806996481939814	239.40433515412906
0.00007876419585805493	241.47096277340762
0.0000794646002917701	243.5551180885836
0.00008017123301697513	245.65388414827257
0.00008088414941826371	247.77845236958657
0.0000816034053727324	249.91432487402506
0.00008232905725436045	252.0720569372227
0.00008306116193842862	254.24775850987564
0.00008379977680597661	256.44030785629764
0.00008454495974830009	258.653760622743
0.00008529676917148897	260.8863099334212
0.00008605526400100475	263.1364316540838
0.0000868205036862985	265.4084729104417
0.00008759254820547151	267.6962481442067
0.00008837145806997497	270.004934537323
0.00008915729432935409	272.33721992586425
0.00008995011857603167	274.6891599601698
0.00009074999295013684	277.0598907029605
0.00009155698014437491	279.4496346991928
0.00009237114340894069	281.8597864175748
0.00009319254655647702	284.2921073770899
0.00009402125396707504	286.74660754140893
0.00009485733059332145	289.2233572637844
0.00009570084196538803	291.7177046537067
0.000096551854196169	294.2320363606529
0.00009741043398646233	296.7687368195906
0.00009827664863019706	299.3306357611381
0.00009915056601970873	301.915320250489
0.0001000322546510602	304.5262794490368
0.00010092178362940978	307.158550371841
0.00010181922267442802	309.78983360471426
0.0001027246421257625	312.46619467778
0.00010363811294855064	315.17346358837153
0.00010455970673898118	317.8768099049259
0.00010548949572990696	320.6209029055211
0.00010642755279650574	323.4022120009476
0.00010737395146199158	326.18936480510166
0.00010832876590337868	328.9974149025633
0.00010929207095729373	331.8521580031733
0.00011026394212584308	334.7073627624673
0.00011124445558252881	337.58464081903844
0.00011223368817822053	340.4982741415853
0.00011323171744717812	343.4353428672709
0.00011423862161312825	346.4011334505468
0.00011525447959539671	349.3982773134912
0.00011627937101509239	352.40894739521946
0.0001173133762013495	355.4396779277103
0.0001183565761976219	358.5218594820913
0.00011940905276803665	361.6114421040977
0.00012047088840380194	364.72983324856165
0.00012154216632967185	367.8830389783508
0.00012262297051047075	371.04489210498366
0.00012371338565767362	374.2300594003969
0.00012481349723604513	377.45426571128365
0.00012592339147033866	380.7140323201401
0.00012704315535205495	384.0032615820904
0.00012817287664625975	387.32042239518506
0.00012931264389846216	390.6538691701522
0.00013046254644155596	394.0228232482902
0.0001316226744028206	397.4287396928833
0.00013279311871098475	400.85513827116534
0.00013397397110335443	404.3063267361549
0.0001351653241330016	407.79671417731026
0.00013636727117602015	411.31775555919273
0.0001375799064388425	414.8568042412241
0.0001388033249656252	418.4395703981415
0.0001400376226456974	422.05968364582503
0.00014128289622107598	425.6932160869639
0.00014253924329404952	429.3674716050868
0.00014380676233482633	433.0672883587446
0.00014508555268925432	436.7981933790841
0.0001463757145866055	440.5622220998638
0.00014767734914743373	444.3550132369145
0.00014899055839149927	448.18981189582996
0.00015031544524576445	452.0680491789606
0.0001516521135524623	455.96710387411446
0.00015300066807723476	459.88699761461186
0.00015436121451734345	463.85002712437813
0.00015573385950995463	467.8455698294698
0.00015711871064049776	471.87977489470006
0.0001585158764510973	475.9506789059385
0.00015992546644907912	480.0507145487447
0.0001613475911155553	484.19690014317035
0.0001627823619140826	488.37096696482615
0.00016422989129939773	492.5684873821193
0.00016569029272623357	496.8183068015891
0.00016716368065820917	501.10182269187004
0.0001686501705768034	505.4339211757981
0.00017014987899040404	509.7912150712218
0.00017166292344344142	514.1685784726662
0.0001731894225256005	518.5995457234244
0.0001747294958811148	523.0675881633131
0.00017628326421814607	527.5865859733975
0.00017785084931824262	532.1378826253532
0.00017943237404588691	536.7265875597044
0.0001810279623581229	541.349926047165
0.0001826377393142738	546.0046081870781
0.00018426183108574305	550.7097982216724
0.0001859003649659024	555.4614071426822
0.00018755346938007097	560.2353438035227
0.00018922127389557985	565.068227532031
0.00019090390923192692	569.9354013899068
0.00019260150727102283	574.8484132090147
0.00019431420106752852	579.7985583070785
0.00019604212485928305	584.7927382264412
0.0001977854140778239	589.8282112499609
0.00019954420535900388	594.900887481364
0.00020131863655369945	600.0264282303702
0.00020310884673861414	605.2196587808862
0.00020491497622718153	610.4500627737791
0.00020673716658055994	615.7107745065327
0.00020857556061873076	620.968192061842
0.00021043030243168926	626.3108566668665
0.00021230153739074087	631.7034396338679
0.00021418941215989393	637.1455608003437
0.00021609407470735386	642.6595005816287
0.00021801567431712328	648.1992068780269
0.00021995436160069949	653.7318866910629
0.0002219102885088823	659.3703531067287
0.00022388360834368055	665.0604583530012
0.00022587447577033034	670.8047557444319
0.00022788304682941623	676.5828639468887
0.00022990947894910025	682.4057338049735
0.00023195393095746324	688.2860290789923
0.00023401656309495226	694.2103857200174
0.00023609753702693917	700.1781693079541
0.00023819701585639248	706.2199739652467
0.00024031516413666187	712.2690981502901
0.00024245214788437482	718.4004896821716
0.00024460813459244727	724.5445281266163
0.0002467832932432142	730.7959731629534
0.00024897779432167267	737.0894310588707
0.0002511918098288429	743.4072938066947
0.0002534255132952524	749.8089126944708
0.0002556790797945336	756.2692116943758
0.0002579526859571493	762.7860889241342
0.0002602465099842329	769.3135966668817
0.0002625607316615589	775.9783028873974
0.00026489553237363245	782.6289741128102
0.0002672510951179052	789.3472529519715
0.0002696276045191208	796.1430067010344
0.0002720252468437822	802.9821727622965
0.00027444421001475455	809.8982423483873
0.00027688468362599037	816.888746661523
0.000279346858957393	823.87133316489
0.0002818309289898073	830.9474962701885
0.00028433708842014367	838.119797161667
0.0002868655336766411	845.32092294382
0.00028941646293426115	852.5719601673753
0.0002919900761302198	859.8968738120348
0.00029458657497965894	867.278257732903
0.00029720616299145757	874.7178072335915
0.0002998490454841815	882.2490861418726
0.0003025154296021742	889.8255907596698
0.0003052055243317955	897.5041475145589
0.0003079195405178001	905.1602032756423
0.00031065769087986204	912.9491614148249
0.0003134201900292483	920.8057340024527
0.00031620725448564105	928.6877433610243
0.00031901910269410645	936.6624271921438
0.00032185595504221476	944.728074592813
0.0003247180338773172	952.8423007861436
0.00032760556352397116	961.0088914678247
0.00033051877030152094	969.2799362915872
0.0003334578825418403	977.5879645290389
0.00033642313060722374	985.9827090495821
0.0003394147469084465	994.4381479782737
0.0003424329659229774	1002.9570166386386
0.00034547802421335775	1011.5701546139126
0.000348550160445743	1020.2427140979642
0.0003516496154086082	1028.9981481813422
0.0003547766320316223	1037.7859406213045
0.000357931455404685	1046.680775652911
0.0003611143327971412	1055.640105423181
0.00036432551367715743	1064.7202940014686
0.00036756524973127655	1073.850631268243
0.0003708337948841455	1083.02574433093
0.0003741314053184138	1092.3299107400894
0.0003774583394948177	1101.6874441652608
0.00038081485817243366	1111.088495271547
0.0003842012244291183	1120.6333884390642
0.00038761770368212726	1130.253794305307
0.00039106456370891814	1139.8929159279292
0.00039454207466813984	1149.6553822820517
0.0003980505091208035	1159.5130845354636
0.0004015901420516501	1169.4212181162966
0.0004051612508906994	1179.4441788095025
0.0004087641155349959	1189.5371123694454
0.00041239901837054806	1199.7012663021824
0.00041606624429445726	1209.992669615328
0.0004197660807372524	1220.3406377695933
0.00042349881768541457	1230.777476888101
0.00042726474770410713	1241.2823764377893
0.0004310641659601062	1251.8737292576777
0.00043489737024493503	1262.5924353704681
0.00043876466099820606	1273.4002842905609
0.00044266634133116476	1284.266342883575
0.00044660271705045226	1295.2677227621157
0.00045057409668206977	1306.3274346071128
0.0004545807914955617	1317.4661798056654
0.00045862311552841405	1328.683929826311
0.0004627013856106639	1340.0522460211118
0.00046681592138973706	1351.5303415985697
0.0004709670453554977	1363.0413785124347
0.00047515508286552613	1374.665759630371
0.00047938036217061935	1386.3802944381239
0.0004836432144405185	1398.2386870094533
0.0004879439737898672	1410.1389724567246
0.0004922829773043947	1422.1875444075501
0.0004966605650673411	1434.2997299765354
0.0005010770801861089	1446.5085443856267
0.0005055328688191558	1458.8557640171991
0.0005100282802031285	1471.2747704134963
0.00051456366668023	1483.7954051715997
0.0005191393837258419	1496.4373030055656
0.0005237557899763805	1509.2091911321024
0.0005284132472574095	1522.0113161168044
0.0005331121206119974	1534.9568246411582
0.0005378527783293295	1548.0180683056603
0.0005426355919735754	1561.1935331659504
0.0005474609364130068	1574.5008023188
0.0005523291898493853	1587.8914957029378
0.0005572407338476003	1601.387638940335
0.0005621959533655773	1614.9678406796243
0.0005671952367844495	1628.707019237494
0.0005722389759390005	1642.540715050151
0.0005773275661483724	1656.4997178548626
0.0005824614062470522	1670.5692631513919
0.0005876408986161313	1684.7360987429417
0.0005928664492148437	1699.0180915995422
0.0005981384676123829	1713.430250440711
0.0006034573670200064	1728.003898823817
0.0006088235643234188	1742.6465784716477
0.0006142374801154485	1757.4055339114307
0.0006196995387290126	1772.287359849414
0.0006252101682703755	1787.313632581612
0.0006307698006527024	1802.4608628078101
0.0006363788716299141	1817.717285062651
0.0006420378208308373	1833.1023594601645
0.000647747091793664	1848.6188375621318
0.000653507132000715	1864.2922306042542
0.0006593183929135125	1880.0156120381077
0.000665181330008164	1895.9401658924508
0.0006710964028110646	1911.9546031762118
0.0006770640749349102	1928.1080891816887
0.0006830848141150363	1944.4149962270758
0.0006891590922460787	1960.844109551181
0.0006952873854189591	1977.4088562739169
0.0007014701739581995	1994.0871955341538
0.0007077079424595722	2010.8877514584958
0.0007140011798280775	2027.831455335013
0.0007203503793162654	2044.942921510279
0.000726756038562896	2062.191163357829
0.0007332186596319426	2079.5609773147257
0.0007397387490519425	2097.0837904776945
0.0007463168178557005	2114.7600232174464
0.0007529533816203381	2132.5436223241936
0.0007596489605077068	2150.45792049681
0.0007664040793051568	2168.534254580675
0.0007732192674666682	2186.7915763986175
0.0007800950591543487	2205.172824586992
0.0007870319932803026	2223.678599766491
0.0007940306135488659	2242.374110693541
0.0008010914684992232	2261.2291779827897
0.000808215111548401	2280.1945289350083
0.0008154021010346432	2299.3268987531196
0.000822653000261172	2318.5771655272088
0.0008299683775403415	2338.002734510084
0.0008373488062381767	2357.6313528900896
0.0008447948648193158	2377.3546700038437
0.0008523071368923482	2397.2405116307723
0.000859886211255557	2417.29333570969
0.0008675326819430673	2437.5063334814995
0.0008752471482714081	2457.91067923891
0.0008830302148864814	2478.4498423676455
0.0008908824918109562	2499.1502150624087
0.0008988045944920802	2520.019715044222
0.0009067971438499177	2541.0307862409522
0.000914860766326015	2562.2259786998766
0.0009229960939325031	2583.582811846709
0.0009312037643016288	2605.1107849597834
0.0009394844207357349	2626.820744894503
0.000947838712257679	2648.6835874120347
0.0009562672936617047	2670.72825649548
0.0009647708255647609	2692.9544317640602
0.0009733499744582806	2715.335363525511
0.0009820054127604224	2737.900855394933
0.0009907378188687675	2760.6044727793023
0.0009995478772134956	2783.5727701042465
0.001008436278311028	2806.7452366856046
0.0010174037188181492	2830.003282083677
0.0010264509015866083	2853.454180450646
0.0010355785357182114	2877.0570149571504
0.0010447873366203945	2900.9174618771503
0.0010540780260622983	2924.7083166895436
0.001063451332231339	2948.8851093333833
0.001072907989790283	2973.3246925406524
0.001082448739934826	2997.9440905278043
0.0010920743304516916	3022.6646489870895
0.001101785515777235	3047.506798458538
0.0011115830570565788	3072.727667130614
0.0011214677222032687	3097.9424862882292
0.0011314402859594615	3123.4210592338522
0.0011415015299566466	3149.2877442634913
0.0011516522427769133	3175.240907634425
0.0011618932200147527	3201.2013958562657
0.0011722252643394176	3227.4376247934815
0.001182649185557835	3254.0345448226426
0.0011931658006780759	3280.774038410292
0.0012037759339733904	3307.6392686743357
0.0012144804170468179	3334.6918573138264
0.0012252800888963584	3362.037997893403
0.0012361757959807374	3389.419879782056
0.0012471683922857478	3417.165305819487
0.001258258739391185	3445.1042177003924
0.0012694477065383729	3473.176627355813
0.0012807361706982999	3501.572522398472
0.0012921250166403465	3530.2047706058443
0.0013036151370016365	3558.88620642218
0.001315207432357	3587.8266345951806
0.0013269028112895568	3617.0800493358756
0.001338702190461931	3646.4089057753536
0.0013506064946881	3675.9653134284267
0.0013626166570058736	3705.8610791462024
0.0013747336187500284	3735.945544480187
0.0013869583296260862	3766.133769860866
0.0013992917477847514	3796.6261725422914
0.0014117348398970068	3827.4744730815764
0.0014242885812298847	3858.3868921096387
0.001436953955722899	3889.348247520626
0.0014497319560651707	3920.8389738232395
0.0014626235837732302	3952.4056835621514
0.0014756298492695152	3984.1915306265487
0.0014887517719615643	4016.392099625738
0.001501990380321922	4048.6947031907243
0.0015153467119687404	4081.161624561049
0.00152882181374711	4113.924117433857
0.0015424167418111097	4146.876357730038
0.0015561325617065864	4180.123418332355
0.0015699703484546672	4213.542787866197
0.0015839311866360257	4247.245109070186
0.0015980161704758785	4281.243813383454
0.001612226403929757	4315.393282182076
0.0016265630007700294	4349.713115391337
0.001641027084673198	4384.387155402056
0.001655619789307968	4419.2216067885365
0.0016703422584241105	4454.272167552384
0.0016851956459420958	4489.634678938839
0.0017001811160435437	4525.239964192215
0.0017152998432624677	4561.171604301819
0.0017305530125773325	4597.366421729538
0.00174594181950393	4633.735656862721
0.0017614674701890865	4670.37394874324
0.0017771311815051902	4707.151265330621
0.0017929341811455724	4744.1221900958435
0.001808877707720732	4781.530765625278
0.001824963010855414	4819.179635520091
0.0018411913512865515	4857.061932293599
0.001857564000962088	4895.176918526055
0.001874082243140658	4933.500749290709
0.0018907473724921753	4972.030666499312
0.0019075606951993041	5010.822713448216
0.0019245235290598353	5050.065933316705
0.0019416372035899719	5089.322949673111
0.0019589030601285403	5129.0223652563445
0.001976322451942112	5169.022239476981
0.0019938967443310783	5209.092941053051
0.002011627314736655	5249.4367864620845
0.0020295155528488474	5290.225573490212
0.002047562860715368	5331.204099322627
0.002065770652851534	5372.24917999358
0.002084140356351123	5413.8415788181655
0.0021026734109982357	5455.489532177957
0.0021213712693801375	5497.552138377204
0.0021402353970011146	5539.814471056019
0.002159267272397332	5582.309635021979
0.0021784683872527267	5625.1166479506155
0.002197840246515913	5668.130154756144
0.0022173843685181454	5711.352865750191
0.002237102285092319	5755.020956294572
0.002256995541693033	5798.825356238833
0.002277065697517718	5842.959677796182
0.0022973143256288524	5887.402583620836
0.0023177430130772426	5931.986866974294
0.002338353361026422	5976.847163090608
0.002359146984878145	6022.078265753038
0.0023801255143990003	6067.606846619312
0.002401290593848144	6113.342734979112
0.0024226438821061866	6159.059613514322
0.002444187052805196	6205.354726052294
0.002465921794459885	6252.071548144343
0.002487849810599951	6298.715971530447
0.0025099728199035956	6345.853149482791
0.002532292556332229	6393.541601778002
0.0025548107692663848	6441.086117321154
0.0025775292236428172	6488.627198264311
0.0026004497000928464	6537.165413113579
0.0026235739950819163	6585.580049721101
0.0026469039210503973	6634.442317360814
0.002670441306555644	6683.245926659158
0.0026941879964153185	6732.524239528802
0.002718145851851974	6782.10363528149
0.00274231675063894	6831.8556690630785
0.0027667025872474996	6881.820393876703
0.0027913052729953715	6931.970489298385
0.002816126736196517	6982.593496120558
0.0028411689223122832	7033.664815326014
0.0028664337941038736	7084.680460615762
0.0028919233317861942	7136.288790517426
0.002917639533183056	7187.880551005594
0.0029435844138837623	7239.802991170333
0.002969760007401083	7291.985380906528
0.0029961683653306486	7344.212535000446
0.003022811557511736	7397.123653378271
0.0030496916721895065	7450.459529565824
0.003076810816178679	7503.613662296546
0.003104171115028657	7556.914491896693
0.0031317747131901215	7610.525433833435
0.0031596237741831224	7664.6361557227565
0.0031877204807666333	7718.950774795043
0.0032160670351096435	7773.493836639918
0.003244665658963757	7828.433938586489
0.00327351859383733	7883.423079567425
0.003302628101171153	7938.809153412552
0.0033319964625157105	7994.744013266222
0.003361625979709986	8050.769794923008
0.003391518975061889	8106.670463288655
0.0034216777915302703	8162.934691960074
0.0034521047929085584	8219.503209894212
0.003482802364010026	8276.231739570128
0.0035137729108547203	8333.40402141189
0.0035450188608580234	8390.946119349333
0.003576542663020922	8448.548478489405
0.0036083467881219515	8506.061187380144
0.003640433728910852	8564.087752799569
0.003672806000303942	8622.622358409079
0.0037054661395812447	8681.380217386804
0.003738416706585339	8740.114093233471
0.003771660283922004	8798.995685257354
0.003805199477162641	8858.245916949172
0.0038390369150484885	8917.480385238117
0.003873175249696657	8977.197267677046
0.003907617156808012	9037.42430190033
0.003942365335876867	9097.313606255831
0.003977422510402583	9157.900117868703
0.004012791428103021	9218.493975678715
0.004048474861129913	9278.937439424844
0.004084475606286125	9340.027769307824
0.004120796485244886	9401.423779488512
0.004157440344770922	9462.941699867406
0.004194410056943593	9524.321109420896
0.004231708519382002	9586.2188688285
0.0042693386554720995	9648.081781188614
0.004307303414595815	9710.396337593818
0.0043456057723622364	9772.990912143041
0.00438424873084081	9835.481330406075
0.004423235318796654	9898.146736368803
0.004462568591927941	9961.189817203007
0.004502251633105401	10024.28656730353
0.004542287552613947	10087.99328792075
0.004582679488396467	10151.053523092167
0.004623430606299748	10214.510319739295
0.004664544100322628	10278.493777606069
0.004706023192866327	10342.65976795355
0.004747871134987014	10406.847152384635
0.004790091206650617	10471.020435026763
0.004832686716989919	10535.330984253456
0.004875661004563888	10599.999687487347
0.004919017437619376	10664.784856340395
0.004962759414355102	10729.576961200988
0.005006890363188002	10794.337922045648
0.005051413743021938	10859.349761947004
0.0050963330435188125	10924.652773722733
0.005141651785372064	10990.010971602102
0.005187373520582622	11055.479430026018
0.005233501832737307	11121.30078244024
0.005280040337289705	11186.618604123734
0.005326992681843534	11252.45299685092
0.0053743625464385564	11318.42808567955
0.005422153643838985	11384.345152927535
0.005470369719824501	11450.271575539191
0.00551901455348384	11516.189011183764
0.005568091957510986	11582.234891941132
0.005617605778504001	11648.600321490245
0.005667559897266533	11714.546197032503
0.005717958229111956	11781.108911498355
0.0057688047241702695	11847.608917441486
0.00582010336769769	11913.686735264004
0.005871858180389016	11979.983996821657
0.00592407321869275	12046.548973574489
0.005976752575129064	12113.129238799516
0.006029900378610528	12179.769419003875
0.0060835207947657465	12246.330138616968
0.0061376180262658515	12312.908696130173
0.006192196313153898	12378.986565221217
0.0062472599331771855	12445.414881099077
0.0063028132021225635	12512.116908910091
0.006358860474154658	12578.431019277912
0.006415406142157172	12644.767108122247
0.0064724546380771795	12711.311755354538
0.006530010433272496	12777.386795232798
0.006588078038862133	12843.556125283725
0.006646662006079887	12909.697736951168
0.00670576692663103	12975.84526752259
0.006765397433052218	13041.57667750702
0.006825558199074574	13107.613810442173
0.006886253939990011	13173.564388652921
0.006947489413020799	13239.270256726018
0.00700926941769245	13304.884818772409
0.007071598796209865	13370.006750231025
0.007134482433836875	13435.189516436178
0.007197925259279139	13500.399217985909
0.0072619322450704436	13565.67602054082
0.007326508407962436	13630.47759741906
0.007391658809317852	13695.234728575693
0.007457388555507182	13759.767637323523
0.007523702798308917	13823.974710165607
0.007590606735313341	13888.074286210414
0.007658105610329895	13951.795768518536
0.007726204713798182	14015.52208816632
0.007794909383202643	14078.737028686743
0.007864225003490861	14141.948838380864
0.007934157007495647	14204.827631848391
0.008004710876360855	14267.605773138259
0.008075892139970982	14330.139059245203
0.008147706377384576	14392.141946137452
0.008220159217271553	14453.891318231823
0.008293256338354309	14515.51960517585
0.008367003469852845	14576.190314499247
0.008441406391933798	14637.464212151655
0.008516470936163485	14697.874508304003
0.00859220298596496	14758.124345660804
0.008668608477079178	14817.784844101207
0.008745693398030186	14876.908179871576
0.008823463790594512	14935.982089313962
0.008901925750274715	14994.575490974477
0.008981085426777129	15052.69715423723
0.009060949024493859	15110.948487639567
0.009141522802989107	15168.272913488532
0.009222813077489737	15225.016041010882
0.009304826219380273	15281.323377329152
0.009387568656702285	15337.203469717044
0.009471046874658193	15392.6276765242
0.009555267416119574	15447.58853655561
0.009640236882139963	15502.133425795862
0.009725961932472276	15556.18951862289
0.009812449286090737	15609.319225302403
0.009899705721717524	15661.956230038788
0.009987738078354071	15714.33643533717
0.010076553255817099	15766.129986582453
0.010166158215279395	15817.013289764158
0.010256559979815458	15867.141679308847
0.010347765634951902	15917.035306234016
0.010439782329222836	15966.760674264584
0.010532617274730148	16015.09604568331
0.010626277747708777	16062.493609394607
0.010720771089097	16109.972569564863
0.010816104705111844	16156.341347292439
0.010912286067829506	16201.945043097612
0.01100932271577105	16246.71029633071
0.011107222254493242	16290.646907691707
0.01120599235718467	16334.441175771799
0.011305640765267133	16377.25132983143
0.011406175289002451	16418.84668795707
0.011507603808104555	16459.52558198036
0.011609934272357122	16500.126173623004
0.011713174702236658	16539.42146403222
0.011817333189541125	16577.575340172487
0.011922417898024156	16615.20533457307
0.012028437064034954	16652.048085642535
0.012135398997163777	16687.837831790515
0.012243312080893277	16722.9917724845
0.012352184773255566	16756.761932869427
0.012462025607495143	16789.886569698676
0.012572843192737703	16822.210231867066
0.012684646214664948	16853.494474430663
0.012797443436195294	16883.81460948344
0.01291124369817073	16913.327728089724
0.013026055920049741	16941.759647971
0.013141889100606393	16968.733781502462
0.013258752318635636	16994.874663295723
0.013376654733664926	17019.639778987308
0.013495605586672062	17043.427865510053
0.013615614200809532	17065.48807185058
0.013736689982135217	17086.364005635154
0.013858842420349633	17106.113753847752
0.013982081089539704	17124.37435862406
0.014106415648929206	17141.418536228408
0.014231855843635767	17157.417323012138
0.014358411505434723	17171.536435725102
0.0144860925535297	17184.77316409244
0.014614908995330064	17197.075068661125
0.014744870927235271	17208.436910929355
0.014875988535426259	17219.254196843267
0.015008272096663736	17229.106542572597
0.015141731979093718	17238.041186769016
0.015276378643060142	17246.91584000219
0.015412222641924735	17254.862969792008
0.015549274622894151	17262.38820671193
0.015687545327854536	17269.52358688395
0.01582704559421337	17275.842178105162
0.015967786355748952	17280.835551038264
0.01610977864346734	17284.76527985033
0.016253033586466948	17287.36413719681
0.016397562412810814	17288.175168571852
0.01654337645040669	17287.537524509073
0.016690487127894806	17284.9972280695
0.016838905975543706	17280.61379605955
0.016988644626153935	17273.925461625702
0.017139714815969806	17264.84122956171
0.01729212838559925	17253.281699473686
0.01744589728094192	17239.664283705184
0.017601033554125404	17224.239052728648
0.017757549364449895	17206.91456689953
0.017915456979341212	17187.801121478493
0.0180747687753123	17166.588091925038
0.018235497238933255	17144.14213156697
0.01839765496781007	17120.34736028143
0.018561254671571915	17095.048764762825
0.018726309172867342	17068.307989363733
0.01889283140836932	17040.154741616287
0.01906083442978915	17010.842846974614
0.019230331404899444	16980.421700776362
0.019401335618566252	16948.100449291254
0.019573860473790197	16914.409563820227
0.01974791949275705	16879.372752041414
0.019923526317897566	16842.04397275676
0.020100694712956738	16802.666751272194
0.020279438564072563	16761.475746657354
0.020459771880864498	16718.025489433567
0.020641708797531366	16672.03288086636
0.020825263573959283	16623.947629954237
0.021010450596839272	16573.942549588184
0.021197284380794885	16521.754564178158
0.0213857795695198	16467.375832326932
0.02157595093692565	16410.99175858926
0.021767813388299865	16352.851120312558
0.021961381961473996	16292.964868951894
0.02215667182800232	16231.556418668715
0.022353698294350983	16168.972731635306
0.02255247680309765	16105.145277258687
0.02275302293414197	16040.042093780112
0.02295535240592655	15974.217600517395
0.023159481076669056	15907.379674130087
0.023365424945605087	15839.508930299904
0.023573200154242212	15770.434887779908
0.02378282298762505	15700.159054454194
0.023994309875611783	15629.062968276841
0.02420767739416174	15557.241105460726
0.024422942266634697	15484.103028240152
0.024640121365101592	15409.89013140636
0.024859231711666933	15334.8850142479
0.025080290479802935	15258.81817435547
0.02530331499569563	15181.419577839666
0.02552832273960274	15103.175553405334
0.025755331347223825	15023.965835776939
0.02598435861108252	14943.550103141715
0.02621542248192109	14862.270263705173
0.026448541070107325	14779.757102464395
0.026683732647054127	14695.53912758612
0.026921015646651433	14610.754571611986
0.027160408666711117	14524.890453703489
0.027401930470424638	14437.647045447764
0.027645599987833665	14349.092070601255
0.02789143631731375	14259.38811594442
0.028139458727071333	14168.527997412257
0.028389686656653784	14076.465288035639
0.02864213971847316	13983.473817771135
0.028896837699343342	13889.533854646268
0.02915380056203091	13794.287701050931
0.029413048446819745	13698.242865793363
0.02967460167308971	13601.734818458475
0.02993848074090908	13504.169067644862
0.030204706332641402	13405.972396572519
0.030473299314566493	13307.698713121079
0.030744280738516035	13208.119523825426
0.03101767184352328	13108.356660448948
0.03129349405748814	13008.001136974424
0.03157176899885621	12907.56006115123
0.03185251847831362	12806.61533449503
0.03213576450049628	12705.353421436022
0.03242152926571444	12604.156377078583
0.032709835171693104	12503.28775477543
0.03300070481532704	12402.519676191054
0.03329416099445239	12301.209659301489
0.03359022670963301	12200.831598434308
0.033888925165963646	12100.601872803698
0.03419027977488853	12000.140848073897
0.03449431415603616	11900.5163134839
0.03480105213907095	11801.579524656674
0.03511051776556049	11702.831661055463
0.03542273529086033	11604.817774173938
0.03573772918601486	11507.798187787093
0.0360555241396751	11410.336094253726
0.036376145060034254	11314.544797119626
0.03669961707677939	11218.737222698477
0.03702596554306164	11124.284975836132
0.03735521603748275	11030.456922604937
0.037687394366100385	10937.23837585327
0.03802252656445057	10845.06787513505
0.038360638899588066	10753.887472112297
0.03870175787214565	10663.633661835598
0.039045910218410605	10574.127973158686
0.03939312291242077	10485.83052956614
0.03974342316807849	10398.26896699784
0.040096838441283415	10311.76024025337
0.040453396432084884	10226.485124163764
0.04081312508685248	10142.382332162637
0.041176052600466986	10059.44409342506
0.041542207418529625	9977.719947824842
0.04191161823959215	9897.057226006034
0.04228431401740592	9817.29552749846
0.04266032396319104	9738.919018305147
0.0430396775479264	9662.468728489795
0.04342240450465894	9587.26119008466
0.043808534830834626	9513.229176463015
0.04419809879064938	9440.98614867006
0.04459112691742084	9370.61249993593
0.04498765001598213	9301.549920287376
0.04538769916509558	9233.93406544984
0.04579130571988933	9168.389152375425
0.0461985013143142	9104.908030017983
0.04660931786362368	9042.884608989261
0.04702378756687515	8982.323685406085
0.047441942909453326	8923.159131407487
0.047863816665617016	8865.716646585037
0.04828944190106719	8810.063787842857
0.04871885197553925	8755.38136787679
0.04915208054541739	8701.589381691163
0.049589161566372365	8649.315714597802
0.05003012929602335	8598.601984458675
0.050475018296622404	8548.347274482936
0.05092386343776404	8499.298748855788
0.05137669989911754	8451.633509586125
0.05183356317318493	8404.903911930212
0.052294489068082504	8359.054062619009
0.05275951371034715	8314.20025344486
0.053228673547768536	8270.382120149901
0.05370200535224505	8226.967005291563
0.054179546222666596	8184.58764288078
0.054661333587822034	8142.706324510794
0.05514740520933253	8101.315998532144
0.05563779918461186	8060.451036115933
0.0561325539498517	8020.029808396535
0.056631708283034925	7979.933045767861
0.05713530130697418	7939.786526035653
0.057643372492378976	7899.6186764320555
0.05815596166094898	7859.428310933651
0.058673108988494926	7819.171348081784
0.05919485500808818	7778.489644897182
0.059721240613236866	7737.526726059477
0.06025230706109173	7696.573571158535
0.060788095975679496	7655.229671047473
0.06132864935116495	7612.853756224057
0.061874009555143154	7569.866344825817
0.06242421933195922	7526.381122404924
0.06297932180605945	7481.764816381595
0.06353936048537046	7436.533293917118
0.06410437926471002	7389.980156761879
0.06467442242922714	7342.0786170358615
0.06524953465787266	7292.8290139199535
0.065829761026902	7241.877218066925
0.06641514701340714	7189.3178055331255
0.06700573849888193	7135.136778467742
0.06760158177281776	7079.329228645242
0.06820272353633135	7021.728331707439
0.06880921090582591	6963.360183995421
0.06942109141668311	6904.0816692610715
0.07003841302698972	6843.554435493367
0.07066122412129562	6782.346642458294
0.07128957351440678	6720.754107512223
0.07192351045521105	6657.680240687958
0.07256308463053779	6593.099913266698
0.07320834616905308	6526.69759052072
0.07385934564518773	6458.042958795356
0.07451613408310206	6386.835034790454
0.0751787629606848	6313.047208754183
0.07584728421358732	6236.840925624049
0.07652175023929522	6158.583488940819
0.07720221390123416	6078.750019579146
0.07788872853291415	5997.629795074973
0.0785813479421087	5915.447374989174
0.07928012641507319	5832.583882700337
0.07998511872079925	5749.231351625578
0.080696380115307	5665.409465703228
0.08141396634597703	5581.191394312363
0.08213793365591851	5496.780763030835
0.08286833878837851	5412.290959380965
0.08360523899118898	5327.701511952607
0.08434869202125322	5243.226173792743
0.08509875614907396	5159.15504871641
0.08585549016331911	5075.706470810762
0.08661895337543088	4993.0659230525525
0.08738920562427314	4911.422951803335
0.0881663072808227	4830.906155520235
0.08895031925290049	4751.675565301552
0.08974130298994502	4673.950063874249
0.09053932048782974	4597.905214298958
0.0913444342937209	4523.681705764769
0.09215670751098116	4451.479055630236
0.09297620380411424	4381.408347614229
0.09380298740375595	4313.529578496162
0.094637123111708	4248.051297444618
0.09547867630601653	4185.047340687507
0.0963277129460975	4124.531211705981
0.09718429957790516	4066.664966702028
0.09804850333914888	4011.6025198795764
0.09892039196455492	3959.2250968998865
0.09980003379117469	3909.5432036213138
0.10068749776374222	3862.50691493489
0.10158285344007648	3818.307581122253
0.10248617099653454	3776.55113775318
0.10339752123351056	3737.328210125232
0.10431697558098618	3700.6620380374125
0.10524460610412854	3666.024131675181
0.10618048550893808	3633.7445254914132
0.1071246871479484	3603.1515866738146
0.10807728502597397	3574.720593546924
0.10903835380591187	3547.913141150236
0.11000796881459313	3522.510459792592
0.11098620604868611	3498.284287471516
0.11197314218065439	3474.98537925666
0.11296885456476465	3452.42282080107
0.11397342124315103	3430.4443853181892
0.11498692095193054	3408.935538120734
0.11600943312737544	3387.118705914258
0.11704103791213888	3365.3323547498335
0.11808181616153561	3343.0947119537304
0.11913184944988078	3320.1161468800296
0.12019122007688188	3296.150571537147
0.12126001107409073	3271.136273745558
0.12233830621141074	3244.9862123901116
0.12342619000366194	3217.2292290647506
0.12452374771720665	3187.786371650057
0.1256310653766307	3156.5434823542496
0.12674822977148784	3123.3576882305483
0.1278753284631	3088.4587967263888
0.1290124497914222	3051.6755180853143
0.1301596828819654	3012.886063675256
0.1313171176527816	2972.323085440293
0.1324848448215129	2930.184705669613
0.1336629559125	2886.333622460276
0.13485154326395732	2840.8731876367046
0.1360507000352096	2794.399370711824
0.13726052021399288	2746.757658993468
0.13848109862382274	2698.0965112575473
0.13971253093142438	2648.8417315952215
0.14095491365423296	2599.231390643369
0.14220834416795627	2549.2981373363805
0.1434729207142087	2499.332812182774
0.14474874240821056	2449.969652850498
0.14603590924655566	2401.3065201516642
0.14733452211505071	2353.458814114078
0.14864468279662052	2306.669821542559
0.14996649397928738	2261.354075150435
0.1513000592642187	2217.670431052177
0.1526454831738464	2175.8638491934807
0.15400287116006103	2136.3109708943175
0.15537232961247463	2099.0685126706
0.15675396586676169	2064.0293678588246
0.1581478882130696	2031.2216323827377
0.1595542059045083	2000.9093748545586
0.1609730291657124	1973.0117332301475
0.16240446920147958	1947.42684506661
0.16384863820548862	1923.8600391399295
0.16530564936909056	1902.0530993093043
0.16677561689018267	1881.9582375609407
0.16825865598215792	1863.4302064950095
0.16975488288293453	1846.0950998486219
0.17126441486406846	1829.6523866902035
0.17278737023994262	1814.024896280544
0.17432386837704242	1798.923533679932
0.17587402970330923	1784.0930146428805
0.17743797571758133	1769.2366086754685
0.1790158289991159	1754.09008230782
0.18060771321719563	1738.463619083503
0.18221375314082383	1722.04972165145
0.18383407464850116	1704.6709471785305
0.18546880473809388	1686.1089815100804
0.18711807153678686	1666.261339337905
0.1887820043111249	1644.9039705336759
0.19046073347714676	1622.1136095854972
0.19215439061060427	1597.9584206017068
0.19386310845727758	1572.4919999744611
0.19558702094337702	1545.9473761866961
0.1973262631860422	1518.3624351218793
0.19908097150393136	1490.1372915860222
0.2008512834279046	1461.5533312638008
0.20263733771180584	1432.6751240227743
0.20443927434333528	1403.8144886440916
0.2062572345550238	1375.3575040069034
0.2080913608353015	1347.4276565425769
0.20994179693966455	1320.1666788492628
0.21180868790194515	1293.9994511203672
0.2136921800456759	1268.8502995746062
0.21559242099556147	1245.0644516257053
0.2175095596890461	1222.6348895743236
0.21944374638798975	1201.7238732334301
0.2213951326904442	1182.3602266379312
0.2233638715425338	1164.4715121950487
0.22535011725044587	1147.9836271724885
0.2273540254925219	1132.7724262976744
0.22937575333146193	1118.632795638253
0.2314154592266338	1105.521092997924
0.2334733030464916	1093.0453461289815
0.23554944608110875	1081.0885830713144
0.23764405105481637	1069.324181478292
0.23975728213896055	1057.5552113692097
0.24188930496476654	1045.6237824606867
0.24404028663632357	1033.3332833301647
0.24621039574368087	1020.4989666826882
0.24839980237606007	1006.9310922650343
0.2506086781351898	992.6411562589097
0.2528371961487516	977.5478708324806
0.2550855310839528	961.8130758260725
0.2573538591612153	945.4531260623887
0.2596423581679857	928.611738149719
0.26195120747267336	911.4201509399429
0.2642805880387056	893.9949627608752
0.2666306824387142	876.617147341897
0.26900167486884236	859.4887464922145
0.2713937511631841	842.704732566128
0.27380709880834875	826.4417816239746
0.2762419069581541	810.7535789528315
0.27869836644845536	795.8728015962962
0.2811766698120986	781.8677485834816
0.28367701129401474	768.684730129862
0.2861995868664424	756.3304638334023
0.2887445942442865	744.7780557285544
0.29131223290061825	733.926552891268
0.2939027040823055	723.6367110521937
0.2965162108257901	713.7771488048113
0.29915295797299746	704.149751560665
0.3018131521873953	694.6430576469915
0.3044970019701901	685.1357210193659
0.30720471767666724	675.4915447229781
0.30993651153268226	665.6255766130259
0.31269259765129026	655.4727022908288
0.31547319204953145	645.0130121412631
0.31827851266536067	634.2469192608619
0.32110877937472737	623.2507511706486
0.3239642140088127	612.0728247536566
0.3268450403714121	600.7991498342858
0.32975148425648076	589.5572848837222
0.3326837734658269	578.471299367565
0.33564213782696994	567.6486967497299
0.3386268092111526	557.1999016343207
0.3416380215515127	547.169832053384
0.34467601086142247	537.5372004853247
0.34774101525298207	528.3663308271834
0.3508332749556868	519.6057635929646
0.35395303233525377	511.2253733456253
0.3571005319126165	503.1986057904283
0.3602760203830941	495.44286813748244
0.363479746635722	487.8550300567047
0.36671196177276444	480.32439765230964
0.3699729191293902	472.8203703212419
0.37326287429353305	465.2483070113606
0.37658208512592267	457.62459739100143
0.37993081178029287	449.9049969070396
0.38330931672377677	442.1038567817318
0.3867178647574734	434.28348424820155
0.39015672303720655	426.4685119010543
0.3936261610944625	418.68878861820997
0.3971264508575129	411.0277848332136
0.400657866672733	403.5608168158004
0.40422068532609895	396.288118760679
0.4078151860648872	389.26127534543684
0.411441650619556	382.4711611323264
0.4151003632258316	375.90217254748603
0.4187916106469843	369.5485976104332
0.422515682196302	363.3748974548526
0.42627286975977124	357.3392638166234
0.43006346781894894	351.38880939883404
0.4338877734740483	345.5110777342787
0.437746086467223	339.63708479540077
0.44163870920605786	333.7913231718852
0.4455659467872767	327.9641601912714
0.44952810702064866	322.14898923740765
0.4535255004531205	316.3746227999472
0.4575584403931501	310.6588103838155
0.4616272429352684	305.0322684939633
0.46573222698485256	299.52268805310666
0.4698737142831181	294.1475556301713
0.47405202943234237	288.91190999667157
0.47826749992129974	283.80357210422585
0.4825204561509353	278.82210412323604
0.4868112314602587	273.96121663246026
0.49114016215246786	269.193348662531
0.49550758752131413	264.4974662725641
0.49991384987768844	259.87280860142846
0.5043592945764578	255.28391192157468
0.5088442700435271	250.7341565911232
0.5133691278031534	246.23857420570738
0.517934222505496	241.79962145025456
0.5225399119544105	237.41743158112297
0.5271865571354982	233.10828623582364
0.5318745222443932	228.8864180499452
0.5366041747153137	224.74056152098527
0.5413758852498576	220.6986255755877
0.5461900278460547	216.73191603632918
0.5510469798276872	212.84602083990725
0.5559471218738552	209.03884522987246
0.560890838048822	205.29482235871146
0.5658785158321081	201.6009225975414
0.5709105461488683	197.95396640100947
0.5759873234005287	194.35788978881735
0.5811092454956961	190.82181116257215
0.5862767138813525	187.33321047758022
0.5914901335743115	183.89838655078847
0.5967499131929701	180.53432881757442
0.6020564649893323	177.2344288132357
0.6074102048813176	173.99865646658952
0.6128115524853672	170.82462386882997
0.6182609311493245	167.702858109366
0.6237587679856242	164.63436669440875
0.6293054939047611	161.61934825623257
0.6349015436490706	158.66279618892412
0.6405473558268004	155.74829991477557
0.6462433729464845	152.89273633817055
0.6519900414516333	150.08460215907195
0.657787811755717	147.31777931072853
0.6636371382774755	144.5997125617375
0.6695384794765319	141.93035778979055
0.6754922978893219	139.30394667942636
0.6814990601653547	136.72407349940377
0.6875592371037793	134.19857526705349
0.6936733036902937	131.70733245660955
0.6998417391343641	129.25524085121899
0.7060650269067932	126.85183696479275
0.7123436547776099	124.49129676198821
0.7186781148542957	122.16948545639734
0.7250689036203646	119.89110459954539
0.7315165219742663	117.64565573233268
0.7380214752686544	115.44639131141474
0.7445842733499912	113.28582296534537
0.7512054305985051	111.16056312410139
0.7578854659685152	109.07664623001683
0.7646249030290962	107.02859538475545
0.771424270005125	105.01405249171452
0.7782840998186713	103.03752547188888
0.7852049301307765	101.095460813768
0.792187303383591	99.18440093527396
0.7992317668428849	97.31163260287244
0.806338872640952	95.471898891242
0.8135091778198738	93.66805653329614
0.8207432443751886	91.89065071467819
0.8280416392999365	90.14561132242618
0.8354049346290939	88.43725651708895
0.8428337074844195	86.75722751092954
0.8503285401196761	85.10671277889358
0.857890019966278	83.48732141889944
0.8655187396793218	81.89824943895249
0.8732152971840471	80.33709853329525
0.8809802957226971	78.80445500109755
0.8888143439017947	77.3002720847696
0.8967180557398547	75.82265917812971
0.9046920507154972	74.37181438716158
0.9127369538160134	72.94926607436678
0.9208533955863389	71.55215373704081
0.9290420121784854	70.18000899614702
0.9373034454013964	68.83283084136934
0.9456383427712464	67.5113093849622
0.9540473575622029	66.21376722688184
0.9625311488576165	64.94049111455172
0.9710903816016894	63.69149616881618
0.9797257266515883	62.464947540433066
0.9884378608300193	61.260022136992404
0.9972274669782883	60.07832176268938
1.006095234009807	58.91762419904342
1.0150418569641029	57.77656736474581
1.02406803706128	56.65566198086082
1.0331744817569934	55.56446902384696
1.0423619047978916	54.49157329873575
1.0516310262775541	53.43004881105234
1.0609825726929432	52.39242463411567
1.0704172770013305	51.38071118133623
1.0799358786777595	50.37755385744371
1.0895391237729963	49.401457513599496
1.0992277649720001	48.43529677281932
1.1090025616529293	47.491834381912184
1.118864279946645	46.56808911789293
1.1288136927967756	45.65995157669176
1.1388515800202812	44.768210400782884
1.1489787283685895	43.8921798520881
1.1591959315892537	43.03296840207397
1.1695039904881586	42.19517911647854
1.1799037129923005	41.364547131465244
1.1903959142130953	40.55397572278224
1.2009814165102792	39.75923455452112
1.2116610495563578	38.978090116713844
1.2224356504016285	38.214041391766976
1.2333060635398005	37.464212800596464
1.2442731409741694	36.72335235718563
1.2553377422844114	36.000850384692214
1.2665007346939388	35.29124703117907
1.2777629931378869	34.598177917987854
1.289125400331683	33.913250381069716
1.3005888468402254	33.24166252878501
1.3121542311476997	32.587616404278556
1.3238224597279826	31.944720174016076
1.3355944471157062	31.309793398779515
1.3474711159779293	30.689641200771245
1.3594533971864482	30.07989045518251
1.3715422298907733	29.485095530186232
1.3837385615917193	28.900335374716967
1.396043348215686	28.324361165870222
1.408457554189565	27.76095732442243
1.4209821525163453	27.208765419734586
1.4336181248513693	26.667077096699423
1.446366461579264	26.137102055378183
1.4592281618915848	25.61577504922778
1.4722042338651093	25.10636050251206
1.4852956945408669	24.60545030086289
1.4985035700038434	24.11221595195062
1.5118288954633983	23.62997011121348
1.525272715334419	23.15876297896104
1.53883608331916	22.696031017183834
1.552520062489851	22.2401271457327
1.5663257253719973	21.792393129911577
1.5802541540284614	21.355501039735294
1.594306440144265	20.92765171755731
1.6084836851121447	20.509088018400757
1.622787000118897	20.094865143372267
1.6372175062324485	19.690436215373506
1.6517763344897427	19.29483985779584
1.6664646259853808	18.906375431908693
1.6812835319610495	18.525991112960185
1.6962342138957731	18.152799456211593
1.7113178435969258	17.786447440503657
1.7265356032920989	17.427492602393983
1.7418886857217373	17.075915529573408
1.757378294232646	16.73070338753194
1.7730056428722971	16.391913695761314
1.788771956483976	16.059631887406375
1.804678470802802	15.734171304734918
1.8207264325525614	15.416116045429147
1.8369170995434414	15.104725205730777
1.8532517407706093	14.79734856854377
1.8697316365136616	14.496551852211953
1.8863580784369944	14.201448806233737
1.9031323696910145	13.91260675146308
1.9200558250143054	13.630329521247527
1.9371297708366462	13.353633146474476
1.9543555453829993	13.081587142060416
1.9717344987783874	12.81482576847624
1.989267993153704	12.55437063727551
2.006957402752499	12.298642341902326
2.02480411403866	12.046435746803864
2.042809525805107	11.800864454218592
2.0609750492834182	11.5600028516814
2.0793021082544243	11.323527903607165
2.0977921391598318	11.091925513229251
2.116446591214777	10.865175885420104
2.135266926521443	10.643133232828657
2.1542546201836266	10.425232144667241
2.1734111604223814	10.211176810035035
2.19273804869265	10.00215327338904
2.2122367998009334	9.796462366383281
2.231908942024046	9.59499637172015
2.2517560172288684	9.398337510727382
2.2717795809932237	9.205398319999633
2.291981202727788	9.015760679617127
2.312362465799088	8.830421132743961
2.3329249676536272	8.648494914656924
2.3536703199430624	8.470799887966024
2.3746001486505524	8.295741019802934
2.395716094218166	8.124966563154956
2.4170198116754884	7.957341627918557
2.4385129707693247	7.7928074863452075
2.46019725609456	7.63202505921307
2.4820743672262253	7.474608985101771
2.5041460188526696	7.320107025944234
2.5264139409099893	7.168388619152833
2.5488798787176	7.02002617597131
2.571545593115021	6.874954631017829
2.5944128605999164	6.732574161054713
2.6174834734672987	6.592653469312511
2.640759239950041	6.4558881855089165
2.664241984360567	6.322287733530868
2.68793354723387	6.1908986274327
2.711835785471756	6.0619756032631305
2.73595057248837	5.9363310391995965
2.760279798357066	5.81286998527476
2.7848253699585057	5.691977254340539
2.8095892111301537	5.573698370204261
2.8345732628170475	5.457582102577019
2.8597794832239116	5.34363016044941
2.8852098479686723	5.232270796369534
2.9108663502372636	5.123416869641697
2.9367510009398887	5.016462856817914
2.9628658288685914	4.911724404007764
2.9892128808563068	4.809194699199193
3.015794221937269	4.708725973668239
3.042611935508853	4.61029164082531
3.0696681234949024	4.513845049196873
3.096964906510432	4.419334170554964
3.1245044240278745	4.326857724804299
3.152288834544756	4.2364235220976
3.1803203157528537	4.147491168181215
3.208601064708921	4.060632130220279
3.2371332980068446	3.975583578028773
3.2659192519514195	3.8921838153027215
3.294961182733585	3.8103881107281565
3.3242613666072955	3.730369184389213
3.353822100067919	3.6520573668763854
3.3836457000322073	3.5752224042417824
3.4137345040199394	3.50003058199871
3.4440908703370785	3.4264250174721966
3.4747171782606596	3.354193004360052
3.5056158282252508	3.283619151764332
3.5367892420110776	3.2144227166987918
3.568239862933882	3.1467037104235245
3.599970156036373	3.0804489408839655
3.631982608281486	3.0154938066660004
3.6642797287472515	2.951828597301216
3.6968640488235005	2.889421958964392
3.7297381224102484	2.8284975576274176
3.7629045261178473	2.768727062297165
3.796365859468981	2.710251748214586
3.830124745102358	2.6529635799598683
3.8641838289783164	2.596821066059951
3.8985457805861885	2.541863508259748
3.9332132931535106	2.488064792156072
3.9681890838571623	2.4353396045648927
4.003475894036276	2.383673509358666
4.039076489407156	2.333184845685431
4.074993660279995	2.2837226633614827
4.111230221777619	2.2352267797277596
4.147789014056116	2.1877792597165464
4.184672902527414	2.141349983379824
4.221884778083925	2.0958806221949726
4.25942755732506	2.051353059277854
4.297304182785892	2.0077005284428533
4.335517623167747	1.9649350190529942
4.37407087357088	1.923153165824667
4.4129669557292655	1.8821729020357645
4.452208918247381	1.842139988568811
4.4917998368392125	1.8029045638141603
4.531742814569259	1.764457768207766
4.5720409820958	1.7268784793499723
4.61269749791625	1.6900683719301073
4.653715548614688	1.653971505442315
4.695098349111677	1.618683359194511
4.736849142916173	1.584102266540795
4.778971202379808	1.5502184315300804
4.821467828953345	1.5171119783094917
4.86434235344541	1.4847028328128526
4.907598136283621	1.4529429466416226
4.951238567777899	1.4218520353843809
4.9952670683862666	1.3913907803844496
5.039687088982863	1.3615559001302469
5.084502111128483	1.332485632927915
5.1297156473434296	1.3038887544007618
5.1753312413827866	1.2759311007490555
5.22135246851424	1.2485734050471269
5.267782935798229	1.2217820431177635
5.314626282370717	1.1955725718512304
5.361886179728403	1.1699036084602181
5.409566332016454	1.1447360055718752
5.457670476318892	1.1201850271475802
5.5062023829514315	1.0961153597381514
5.55516585575706	1.0725543952065304
5.6045647324041	1.0495063594439484
5.654402884687071	1.026925479029925
5.7046842188301214	1.00481472367046
5.755412675793159	0.9831917026480782
5.806592231580811	0.9620233812310687
5.858226897553972	0.9412753988117126
5.91032072074428	0.9209832069174113
5.962877784171284	0.9011519779048781
6.0159022071624335	0.8817116523995623
6.069398145676017	0.8626818470842683
6.123369792626811	0.8440525624018348
6.177821378214803	0.825831063397986
6.232757170256658	0.8080018589978977
6.288181474520298	0.7905236902196507
6.344098635062351	0.7734399969297466
6.400513034568591	0.7567452909011662
6.457429094697529	0.7403628419894215
6.5148512764268816	0.7243519707751271
6.572784080403292	0.7086720995992403
6.631232047295055	0.6933328134169947
6.690199758147963	0.6783282726188656
6.749691834744448	0.6636222016796189
6.809712939965732	0.6492282343762572
6.87026777815739	0.6351678820306418
6.931361095497972	0.6213827088557942
6.992997680371087	0.6079141568935857
7.055182363740668	0.594724229717915
7.1179200195295795	0.5818012457675424
7.181215565001713	0.5691655931041097
7.245073961147292	0.5568133635715727
7.309500213071795	0.544717001464269
7.374499370388208	0.5328724728813299
7.440076527612767	0.5212809754446315
7.506236824564346	0.509949229106201
7.572985446767201	0.49884457254657033
7.64032762585751	0.487983850915625
7.708268639993311	0.4773688189251626
7.776813814268291	0.4669746480524636
7.845968521129111	0.4567973280317378
7.915738180796454	0.44684875594451307
7.986128261689948	0.43710761566443307
8.057144280856653	0.42757826769173113
8.12879180440358	0.4182520225198158
8.201076447933916	0.4091196307102603
8.274003876987107	0.4001888823883915
8.34757980748303	0.39145704440584866
8.421810006169867	0.38290789751438453
8.496700291076218	0.37454033438682977
8.572256531966985	0.3663618951144
8.64848465080354	0.3583487535177276
8.725390622207833	0.35051115542887107
8.802980473930623	0.3428492729734837
8.88126028732403	0.3353469895337016
8.960236197818062	0.32800843536619584
9.039914395401622	0.3208300862048206
9.120301125107533	0.31380282373093965
9.201402687502137	0.3069260329430526
9.283225439179065	0.30020274772189576
9.36577579325741	0.29362559692472806
9.449060219884489	0.2871859526807103
9.53308524674283	0.28089123516909437
9.617857459561918	0.27472794892381136
9.70338350263432	0.268696978398432
9.7896700793364	0.262802785481537
9.876723952653844	0.25703196239067666
9.964551945711582	0.2513787116036275
10.053160942308724	0.24586411847610676
10.142557887457947	0.24046404438950006
10.232749787929967	0.23518033441568084
10.323743712802656	0.23000296044793456
10.415546794015052	0.22494858538717788
10.508166226926477	0.22000267382333394
10.601609270880346	0.2151521071917887
10.69588324977327	0.21040137182069307
10.790995552629042	0.2057678990441957
10.886953634177706	0.20126483434025136
10.983765015439987	0.1968166149849802
11.08143728431662	0.1924659240485889
11.179978096183232	0.18823091429026714
11.279395174490196	0.18409116570617504
11.379696311368122	0.1800402557177434
11.480889368238527	0.17605862360798116
11.58298227642995	0.1721604135629907
11.685983037799723	0.16838416488895144
11.78989972536098	0.16465348848686884
11.894740483915562	0.16100444382414805
12.000513530692317	0.15745537866395615
12.107227155991092	0.15398161150816966
12.214889723832664	0.15057821072199545
12.323509672614117	0.14723847968443568
12.433095515770413	0.1439760079696429
12.543655842441472	0.14080547140100383
12.655199318145538	0.1377010747575748
12.767734685458295	0.13464887184660004
12.881270764698028	0.13165928523148984
12.995816454617103	0.12874419201345164
13.111380733099248	0.12589427789047222
13.227972657863388	0.12310826825568258
13.345601367173508	0.12037329793025767
13.464276080554813	0.11769306067682987
13.58400609951651	0.11508979235048591
13.704800808280647	0.11254975061078897
13.826669674517836	0.1100395515365856
13.949622250089101	0.10759557725037924
14.073668171794719	0.10521632477363435
14.198817162129457	0.10288638125976676
14.32507903004453	0.1005998103375357
14.452463671716579	0.09835571119274031
14.580981071323123	0.0961667609830367
14.710641301825271	0.09403938457066201
14.841454525757149	0.0919392824762921
14.973430996022342	0.08989358998652187
15.106581056697683	0.08789917596315044
15.240915143843786	0.0859429880595453
15.376443786323229	0.08403244186805146
15.51317760662556	0.08216265996725591
15.651127321700068	0.08033310495382594
15.790303743795675	0.07854562515809461
15.930717781308289	0.07679173883846857
16.07238043963599	0.07508174412118325
16.21530282204138	0.07340254955082474
16.359496130522047	0.07177413262866378
16.504971666688448	0.07016940954308533
16.651740832649658	0.068603548996225
16.79981513190721	0.06707578552950605
16.949206170256517	0.06557871818964552
17.099925656696733	0.06411541829366108
17.251985404348247	0.0626808681623808
17.405397331378786	0.061287116876183045
17.56017346193745	0.059910175369347465
17.716325927097046	0.05857212977641687
17.87386696580512	0.05726700858605436
18.032808925842982	0.05598698282401416
18.193164264793698	0.05473307562764253
18.354945551018425	0.05350837166292952
18.51816546464139	0.05231210825350137
18.682836798543953	0.05114330012186275
18.848972459367044	0.05000095351760973
19.016585468523008	0.0488781674051103
19.18568896321596	0.047785848881036784
19.356296197471657	0.04671496014884196
19.52842054317625	0.04566529226528244
19.70207549112423	0.04464318273742929
19.877274652076064	0.043645582688780264
20.0540317578247	0.04266507455799189
20.23236066227207	0.04170742083443521
20.412275342514867	0.04077020783231307
20.593789899939885	0.03985801498815341
20.776918561329556	0.03896316684644451
20.96167567997671	0.03808920947665904
21.148075736809854	0.037233860232471425
21.336133341527862	0.036396312369621084
21.52586323374533	0.03557974197195355
21.717280284147716	0.03478113873695021
21.91039949565677	0.033999039003033416
22.105236004606695	0.03323455066864618
22.301805081930215	0.03248914016835273
22.50012213435573	0.031757075720444
22.700202705614775	0.03104170419446487
22.90206247766017	0.030343088524496093
23.105717271895436	0.029660127276018956
23.31118305041452	0.028993801168744192
23.518475917253202	0.028341030468841663
23.72761211965097	0.027703034738895817
23.938608049324746	0.0270766340448665
24.151480243753497	0.026466077960290733
24.366245387474308	0.025871233050489356
24.58292031339037	0.025289296508484667
24.801522004089975	0.02471882474710105
25.02206759317787	0.024161131211726503
25.244574366618046	0.023616889546655074
25.469059764088446	0.023083443719134383
25.695541380348146	0.022561923076966785
25.924036966616068	0.022052475506345086
26.15456443196263	0.02155385965131248
26.387141844713074	0.021067725221449587
26.62178743386395	0.02059212949546563
26.858519590511722	0.020126010073422285
27.097356869294103	0.019671132736658728
27.33831798984465	0.01922762818346253
27.581421838259608	0.018793549357772568
27.826687468578488	0.018368606984931424
28.074134104277363	0.01795340206898355
28.3237811397754	0.01754550806467548
28.575648141955327	0.017148261453431422
28.829754851696634	0.016761408772549363
29.08612118542324	0.01638223079882607
29.344767236664097	0.016010610099790264
29.605713277628436	0.015647644666898223
29.868979760794527	0.015293273919376345
30.134587320512537	0.014947414659065867
30.402556774622184	0.014608114539150466
30.67290912608398	0.014275887763869441
30.94566556462578	0.013952889328211515
31.22084746840343	0.013636572627411974
31.498476405676186	0.01332639698578837
31.77857413649758	0.013025063276931405
32.06116261442048	0.012729092809115558
32.34626398821825	0.012440049082786491
32.633900603620226	0.01215721607010847
32.92409500506359	0.0118814004063981
33.21686993746014	0.011611734373326325
33.51224834797886	0.011347775395437415
33.81025338784486	0.01108947898498186
34.11090841415347	0.010836999480761125
34.41423699170134	0.010590704722711513
34.72026289483321	0.010350256560656128
35.02901010930516	0.010114099333445058
35.34050283416496	0.009884248651719657
35.65476548364824	0.009659490486783192
35.9718226890926	0.009439336502327924
36.29169930086759	0.009224097768040802
36.614420390322934	0.009013955097894212
36.94001125175336	0.008808775085013156
37.26849740438092	0.008608316987375374
37.59990459435564	0.00841198129790241
37.934258796772866	0.008220225270243674
38.27158621770967	0.008032438390260915
38.61191329627859	0.007849241274082472
38.955266706699696	0.0076700927816976275
39.30167336039175	0.00749506772356408
39.65116040808093	0.00732410826717732
40.003755241929376	0.007156669295750999
40.359485497681604	0.006993123263800901
40.71837905683102	0.006833247461747465
41.080464048805055	0.006677332290082056
41.44576885316963	0.006524564237955425
41.81432210185403	0.006375354891573926
42.18615268139441	0.006229660861273191
42.56128973519844	0.006087192299108099
42.93976266582922	0.005947795971470015
43.32160113730964	0.005811506612860202
43.70683507744788	0.005678524067877118
44.09549468018248	0.005548447023164196
44.48761040794956	0.005421596512067327
44.88321299406972	0.005297428151464856
45.28233344515745	0.005175932232619927
45.68500304355112	0.005057183415926428
46.091253349764614	0.004941274483397568
46.50111620496153	0.004828032310543027
46.91462373345016	0.004717144970679237
47.33180834520199	0.004608998713125663
47.7527027383916	0.0045030276059307844
48.17733990195926	0.0043996801793329075
48.60575311819717	0.004298614321775428
49.03797596535735	0.004199806414251203
49.474042320284134	0.004103320905487763
49.913986361068694	0.0040090432174563605
50.357842569728454	0.003916828621434437
50.80564573490948	0.0038266930800258856
51.257430954612886	0.0037386383493710333
51.71323363894634	0.003652721327626606
52.17308951289878	0.00356863081396432
52.637034619141055	0.0034865205214278322
53.10510532085067	0.003406257723072233
53.577338304561515	0.0033277210474514096
54.05377058304002	0.0032510014796737637
54.534439498185336	0.003176123055282204
55.0193827239569	0.00310285593882555
55.50863826932651	0.0030311258864048445
56.002244481258046	0.0029613022872636975
56.50024004771276	0.0028929431304969694
57.00266400068127	0.002826183947960488
57.5095557192435	0.002760954245539409
58.020954932654355	0.002697133267563796
58.536901723458335	0.002634793291658072
59.05743653063081	0.0025739258275743323
59.58260015274727	0.002514283349113867
60.11243375118175	0.0024561764642498543
60.646978853332136	0.00239939194461735
61.1862773558759	0.00234384136599868
61.73037152805298	0.0022895652416209836
62.279304014979544	0.0022365248797318765
62.83311784099012	0.002184729837456592
63.391856413009414	0.0021341289775857193
63.955563523955256	0.002084574632426927
64.5242833561701	0.0020363033144044857
65.0980604848848	0.0019890709396845913
65.67693988171187	0.0019429316279992081
66.26096691817011	0.0018978526820131569
66.8501873692414	0.0018537702229784673
67.4446474169576	0.0018107124782658997
68.04439365402112	0.0017686301757746817
68.64947308745589	0.0017274369467838316
69.25993314229243	0.0016872501337093756
69.87582166528466	0.001648101023093919
70.4971869286596	0.0016097098556000443
71.1240776339018	0.0015721732716055094
71.75654291556941	0.0015355193947437832
72.39463234514616	0.0014997396867964246
73.03839593492634	0.0014648001633342845
73.68788414193423	0.0014306658289402361
74.34314787187978	0.001397314916305352
75.00423848314745	0.0013647166876607684
75.6712077908226	0.0013328320741063456
76.34410807075169	0.0013017038836530526
77.0229920636404	0.0012713006013822734
77.70791297918703	0.0012416098612387256
78.39892450025253	0.001212590020488764
79.09608078706903	0.0011842155287924891
79.79943648148372	0.0011564918260440647
80.50904671124269	0.0011294135030815253
81.22496709431063	0.001102958340262314
81.94725374323102	0.0010771058262957452
82.67596326952378	0.0010518456207680592
83.41115278812184	0.0010271847911702805
84.15287992184884	0.0010030836424094068
84.90120280593419	0.000979534850252526
85.65618009257078	0.0009565368122060459
86.4178709555115	0.0009340696151069739
87.18633509470675	0.0009121207398906251
87.96163274098465	0.0008906592642009163
88.74382466077064	0.0008696869787719264
89.53297216085144	0.0008492175376814297
90.32913709317893	0.0008292108136038828
91.13238185971927	0.0008096652354164478
91.9427694173424	0.0007905732911295596
92.76036328275842	0.0007719261171310851
93.58522753749382	0.0007537217120041999
94.41742683291535	0.0007359307451772494
95.25702639529666	0.0007185346668081321
96.10409203093191	0.0007015519741586776
96.95869013129156	0.0006849728762013711
97.82088767822702	0.0006687733587182494
98.69075224922157	0.0006529415856989992
99.56835202268496	0.0006374638536658723
100.45375578329805	0.0006223653612819457
101.34703292740517	0.0006076300902589361
102.24825346845114	0.0005931116126460426
103.15748804247018	0.0005790683996103146
104.07480791362154	0.0005653436254295993
105.00028497977654	0.0005519330720723027
105.93399177815155	0.0005388322654392454
106.87600149099445	0.0005260214555676501
107.82638795132168	0.0005134979069112625
108.7852256487028	0.0005012629975494038
109.75258973510046	0.0004892984852108441
110.72855603075978	0.0004776061795899553
111.7132010301527	0.00046617563823756673
112.70660190797106	0.0004549909941724572
113.7088365251766	0.0004441359119653548
114.71998343510468	0.0004335690469298754
115.74012188961895	0.0004231668835222827
116.76933184532434	0.00041296689806195083
117.80769396983327	0.0004031013468864972
118.8552896480898	0.0003934976776897402
119.91220098874594	0.0003840157033629186
120.97851083059848	0.0003748313970112422
122.054302749083	0.00036577662945053206
123.13966106282179	0.00035694942756136697
124.23467084023382	0.0003483975750946839
125.33941790620369	0.00034002413553148715
126.45398884880571	0.0003318024851244192
127.57847102609226	0.00032381035098149767
128.71295257293994	0.00031599411955790215
129.85752240795918	0.00030833658233935424
131.01227024046077	0.000300907902917144
132.17728657748856	0.00029363715304825226
133.35266273091457	0.00028651132410689587
134.53849082459305	0.0002795415053566978
135.7348638015829	0.00027274629670695803
136.94187543143136	0.0002661410385257302
138.1596203175255	0.00025969875371761143
139.38819390450416	0.0002533516946763472
140.62769248574006	0.00024717829019495094
141.87821321088873	0.00024117460707485458
143.13985409349988	0.0002353057147480775
144.4127140187015	0.0002295528023134272
145.69689275094936	0.00022393980897814731
146.99249094184836	0.00021846677209580754
148.2996101380383	0.00021311667763670663
149.61835278915459	0.00020790235726000493
150.94882225585948	0.00020279419410275113
152.29112281794028	0.00019782723724512963
153.64535968248407	0.0001929573601575386
155.01163899212537	0.00018820713658542214
156.39006783336214	0.000183572842103476
157.78075424495105	0.00017905028565914157
159.1838072263745	0.0001746274306678338
160.59933674638592	0.00017030381998345913
162.02745375162547	0.00016610959863420937
163.46827017531768	0.00016197503053489047
164.9218989460462	0.00015797688306760368
166.38845399660156	0.00015406647628605694
167.86805027291317	0.00015022807547397456
169.3608037430576	0.00014649300890582048
170.8668314063502	0.00014285566012427095
172.38625130251177	0.00013929643047974337
173.91918252092202	0.00013582292821388996
175.46574520995554	0.00013241914700702563
177.02606058639503	0.00012910192107525828
178.60025094493454	0.00012586900477364285
180.18843966776345	0.0001227153783830986
181.79075123423948	0.00011964121327049022
183.40731123064143	0.00011663286959964533
185.03824636001414	0.00011369826323816177
186.68368445210135	0.0001108427776509359
188.34375447336078	0.00010804268513941822
190.01858653707424	0.00010531412085084252
191.70831191354773	0.00010265091439802693
193.41306304039614	0.0001000532973099234
195.1329735329261	0.00009752000965751477
196.86817819460717	0.0000950380323112612
198.61881302764039	0.00009261789860343885
200.38501524361342	0.00009026509270352313
202.16692327425739	0.00008796748247937724
203.96467678229874	0.00008572306923333886
205.77841667240165	0.00008352265876074538
207.60828510221472	0.00008138591258460788
209.45442549351148	0.00007930188304624132
211.31698254343465	0.00007726532850617194
213.19610223583265	0.00007528429583698848
215.0919318527038	0.00007335013674162708
217.00461998574235	0.00007145471506917856
218.93431654798025	0.00006960817313862905
220.8811727855401	0.00006781156623430716
222.8453412894879	0.00006605598213139028
224.82697600779625	0.000064342151601796
226.82623225740554	0.00006266866914494421
228.84326673639993	0.00006104045772708465
230.87823753629135	0.00005945276714386229
232.93130415440572	0.00005790097863701624
235.00262750638643	0.00005638744449566466
237.09236993880901	0.00005491361703346942
239.2006952419008	0.00005347481372128336
241.3277686623816	0.00005206772006907779
243.47375691641395	0.00005069942062525351
245.63882820267327	0.00004936417360374549
247.82315221552602	0.00004806284042401209
250.02690015833244	0.00004679347272999642
252.25024475686786	0.00004555246055695667
254.4933602728554	0.00004434321916075581
256.7564225176277	0.000043169171660076866
259.0396088659051	0.00004201659455417833
261.34309826970133	0.00004090048227380168
263.66707127234423	0.000039810019518787235
266.0117100226289	0.00003874269912182429
268.37719828909724	0.00003770568377280354
270.76372147443556	0.000036696334562945784
273.17146663001006	0.0000357085578744944
275.60062247052554	0.000034745634933893955
278.05137938882035	0.00003381127663988789
280.5239294707834	0.000032896783844180865
283.0184665104123	0.00003200719476919733
285.53518602500543	0.000031139970930689466
288.0742852704805	0.000030294891275893263
290.63596325683807	0.000029469902609608463
293.22042076376243	0.000028666414131160645
295.82786035635246	0.00002788455859076481
298.45848640100235	0.00002712149070821958
301.11250508141734	0.000026379968857526575
303.7901244147782	0.000025655344339570625
306.49155426803907	0.000024951051262456667
309.21700637437954	0.000024265364969179487
311.966694349803	0.000023594852238449087
314.74083370987324	0.000022942453398331962
317.5396418866104	0.000022308421852925155
320.36333824553054	0.000021689436481803743
323.212144102844	0.000021086365282229243
326.0862827427945	0.000020500412759238694
328.98597943516353	0.000019928170404637296
331.9114614529298	0.00001937170330832226
334.8629580900759	0.00001883133929473173
337.840700679564	0.000018303415205132673
340.84492261146556	0.000017789387734155037
343.8758593512585	0.000017289592469416372
346.9337484582753	0.000016801773212459667
350.0188296043263	0.000016327622601316956
353.13134459248823	0.000015865249012322167
356.27153737604897	0.000015415732387708945
359.43965407763193	0.00001497869772001625
362.6359430084904	0.000014552859849752144
365.8606546879623	0.000014138499011072365
369.1140418631103	0.000013735011523320717
372.39635952852905	0.000013342471549639504
375.7078649463369	0.000012961180519792089
379.0488176663311	0.000012588786532907124
382.4194795463354	0.000012227725512352884
385.82011477272766	0.000011876722320913212
389.25098988113814	0.000011534526362235463
392.7123737773459	0.000011202339338646462
396.204537758352	0.000010879232715797491
399.72775553364903	0.000010564625951558487
403.2823032466656	0.00001025887654847033
406.86845949641406	9.96172754243905e-6
410.4865053593309	9.673276939482748e-6
414.13672441129853	9.392237007388156e-6
417.819402749877	9.11975409808045e-6
421.53482901672504	8.85420402341214e-6
425.28329442022914	8.596321089591691e-6
429.0650927583191	8.346316000029994e-6
432.8805204414997	8.10316144871644e-6
436.7298765160874	7.866515086609938e-6
440.6134626876401	7.636976733257975e-6
444.5315833446086	7.4136878310729925e-6
448.4845455821988	7.197030374958427e-6
452.4726592264321	6.987053530830189e-6
456.4962368584348	6.782467710267176e-6
460.55559383893495	6.583846106156543e-6
464.6510483329859	6.391171814176148e-6
468.7829213348939	6.204029586878775e-6
472.9515366933819	6.022352043939457e-6
477.1572211369772	5.8456616759185875e-6
481.40030429960996	5.6742038997821e-6
485.6811187464557	5.507828162782854e-6
489.99999999999807	5.346418210982588e-6