0.000010100000000000005	1.5521461176571638e-22
0.000010189813457795877	1.5517233515596493e-22
0.000010280425574720605	-1.5035801223852585
0.00001037184345278781	18.644853588215028
0.00001046407425716529	30.236848277886683
0.000010557125216736457	28.715334034519838
0.000010651003624667081	28.96310106919282
0.000010745716838976756	29.211363898232012
0.00001084127228311575	29.461839555499914
0.000010937677446546777	29.714838826797724
0.000011034939885331955	29.969842971837583
0.000011133067222725169	30.227833329746822
0.00001123206714976941	30.48815924706745
0.000011331947425899729	30.750638781172412
0.000011432715879551343	31.014441904692294
0.000011534380408773153	31.280747643767207
0.000011636948981846925	31.550935249663887
0.00001174042963791166	31.82121989766701
0.000011844830487593838	32.094825699529785
0.000011950159713643045	32.37063223608834
0.000012056425571573264	32.64969420194981
0.000012163636390310075	32.92997206793376
0.000012271800572843288	33.21206666920945
0.000012380926596885729	33.497078974887046
0.00001249102301553753	33.78508051292865
0.000012602098457956664	34.076396297758656
0.000012714161630035213	34.37040903938273
0.000012827221315081656	34.66509075844254
0.000012941286374509442	34.96321204439873
0.000013056365748531354	35.26232812942723
0.000013172468456860405	35.56581585465916
0.000013289603599416613	35.87244529122555
0.000013407780357040384	36.17991006154094
0.00001352700799221203	36.490244588954695
0.00001364729584977767	36.805037995975006
0.000013768653357681831	37.12158861264557
0.000013891090027706203	37.438949095218504
0.000014014615456215319	37.76253800776827
0.000014139239324908628	38.08621478230232
0.000014264971401579264	38.41329460955047
0.000014391821540879791	38.74470318378833
0.0000145197996850944	39.07741754362461
0.000014648915864918335	39.41201722540442
0.000014779180200244018	39.75102423972058
0.000014910602900954138	40.09376638010459
0.000015043194267722072	40.43823337318182
0.000015176964692819019	40.784773408600245
0.000015311924660928744	41.13480582926512
0.00001544808474996913	41.48892666138835
0.000015585455631921448	41.84619563157637
0.000015724048073666725	42.20561975350088
0.000015863872937829552	42.567808836385396
0.000016004941183629664	42.93396325670596
0.000016147263867740686	43.302453620394786
0.00001629085214515697	43.67553009940398
0.00001643571727006765	44.05143737859586
0.000016581870596738946	44.42967391506461
0.00001672932358040401	44.81147978299487
0.000016878087778160652	45.19710748373401
0.000017028174849877402	45.58559606860593
0.000017179596559107126	45.976650849701485
0.000017332364774009253	46.37051399830111
0.000017486491468279893	46.76980692899333
0.000017641988722090213	47.17131769186222
0.000017798868723033486	47.57831332787782
0.000017957143767080063	47.98707024901897
0.000018116826259541358	48.39901522878296
0.00001827792871604203	48.81602967247238
0.00001844046376350086	49.23567382310131
0.000018604444141120647	49.658407823877525
0.00001876988270138641	50.085092756683856
0.000018936792411073024	50.514655505635034
0.000019105186352261253	50.94978724921608
0.00001927507772336334	51.3875094447019
0.00001944647984015738	51.82932789366516
0.00001961940613683087	52.27471425916317
0.000019793870167033913	52.72346946165388
0.000019969885604941226	53.17715766534727
0.00002014746624632421	53.63271871779967
0.000020326626009631934	54.09477799008014
0.00002050737893708229	54.560766809090254
0.000020689739195762483	55.028411114529504
0.00002087372107873934	55.50193823156448
0.00002105933900617979	55.97939768490765
0.00002124660752648083	56.45957613661847
0.000021435541317410043	56.94440586797455
0.00002162615518725591	57.43371913270584
0.000021818464075988345	57.9275546072794
0.000022012483056429924	58.42595134744852
0.000022208227335436955	58.929015705112725
0.00002240571225509165	59.43590362536772
0.000022604953293904477	59.94485969012568
0.000022805966068027227	60.46120663499073
0.000023008766332477253	60.98264847662706
0.00002321336998237201	61.50449142453827
0.000023419793054175194	62.0331880567231
0.000023628051726953336	62.56321067937009
0.000023838162323644168	63.106193345120516
0.000024050141312335872	63.648396640994704
0.00002426400530755768	64.19456627302918
0.00002447977107158239	64.74508602451401
0.000024697455515739837	65.29989714637429
0.000024917075701742687	65.8619110821248
0.000025138648843023383	66.43052388727351
0.000025362192306083596	66.99982703938691
0.000025587723611855248	67.5730833159067
0.000025815260437073646	68.15740579987983
0.000026044820615663255	68.7412817265763
0.000026276422140135128	69.3333737026817
0.000026510083162997463	69.93110719870135
0.000026745821998178196	70.53060670098668
0.000026983657122460306	71.13475395532444
0.000027223607176930292	71.74582303954288
0.00002746569096843887	72.36274386289321
0.000027709927471075345	72.98364884000166
0.000027956335827654613	73.61375471951595
0.000028204935351217415	74.2461308346609
0.000028455745526544383	74.88378972904613
0.000028708786011682838	75.52854704829558
0.00002896407663948794	76.17875779520175
0.000029221637419176757	76.83325635996918
0.00002948148853789691	77.49214971822575
0.000029743650362308637	78.15583246110201
0.00003000814344018095	78.82916068729422
0.00003027498850200251	79.50737488690328
0.00003054420646260599	80.19019193458338
0.00003081581842280779	80.87740686002182
0.00003108984567106147	81.57234517885999
0.00003136630968512662	82.27528694061218
0.00003164523213375216	82.98266412824259
0.000031926634878374474	83.69544671663058
0.00003221053997483128	84.4160503695503
0.000032496969675089866	85.14170376972024
0.000032785946428991654	85.87217153724787
0.000033077492886011257	86.61206071253025
0.00003337163189703215	87.35763753378919
0.000033668386516137507	88.10678483474653
0.00003396778000241694	88.86356485886277
0.000034269835821789865	89.62906904052797
0.00003457457764884456	90.39835982632837
0.00003488202936869353	91.17825645337706
0.00003519221507884602	91.96182993125215
0.00003550515909109624	92.74839838593073
0.000035820885933429366	93.5460636608395
0.00003613942035194351	94.34952319520202
0.000036460787312789704	95.15831515280253
0.000036785012004128534	95.97811861327672
0.00003711211983810412	96.80468024770336
0.00003744213645283636	97.63299063616248
0.00003777508771442984	98.47558419333585
0.00003811099971900172	99.32268579477703
0.00003844989879472658	100.17317822830292
0.000038791811503900416	101.03579975408252
0.00003913676464502237	101.90354714786503
0.00003948478525489491	102.77774698146693
0.00003983590061074346	103.66509125593352
0.00004019013823235371	104.55463493973949
0.00004054752588422921	105.45113234240485
0.00004090809157776686	106.35494671455231
0.000041271863573452946	107.27025522613246
0.000041638870383077904	108.19422962153376
0.00004200914077197081	109.1234994801824
0.00004238270376125441	110.06027284597482
0.00004275958863011947	111.0062123627495
0.00004313982491811948	111.96120468502872
0.000043523442427486374	112.92728467891963
0.00004391047122546579	113.89629292491426
0.00004430094164667431	114.87337278952053
0.00004469488429547639	115.86047286497822
0.00004509233004838364	116.85841189512944
0.000045493310056474615	117.86173591898903
0.00004589785574783617	118.87346914244932
0.00004630599883002728	119.89640197562699
0.00004671777129256355	120.92514688715355
0.00004713320540942521	121.96295738481139
0.000047552333741585964	123.01161407647156
0.000047975189139565684	124.06925846560179
0.000048401804746004914	125.13365667339913
0.00004883221399826228	126.20981842320741
0.00004926645063103583	127.29569287246872
0.00004970454867900642	128.38923552317377
0.000050146542479505995	129.4922060406037
0.00005059246667520818	130.60452774563106
0.00005104235621684411	131.72628139474793
0.00005149624636594157	132.85739566860912
0.00005195417269758844	134.00318052255338
0.00005241617110322154	135.15547890009512
0.000052882277793439496	136.31383832757916
0.00005335252930084056	137.48432183741707
0.0000538269624828866	138.66803009944502
0.00005430561452479123	139.86157647563516
0.00005478852294243502	141.06461731882015
0.00005527572558530517	142.27392634241878
0.0000557672606394628	143.49571888144467
0.000056263166630535555	144.7287621348568
0.00005676348242673692	145.97448174846963
0.000057268247241913305	147.22833363961232
0.00005777750063861679	148.4936397997797
0.00005829128253120673	149.77170977917066
0.00005880963318897741	151.05694248720874
0.00005933259323931493	152.3538290838119
0.000059860203670881267	153.66471862033416
0.000060392505836826514	154.98706813580512
0.00006092954145803086	156.31692652437522
0.0000614713526263737	157.65742230816517
0.00006201798180803362	159.01342116680829
0.0000625694718468159	160.38300450562184
0.00006312586596751135	161.76088515378973
0.00006368720777928384	163.14797331638104
0.00006425354127908797	164.5501056720253
0.00006482491085511825	165.96507172017098
0.0000654013612902873	167.39020764022678
0.00006598293776573658	168.82783288828105
0.00006656968586437736	170.28069926835167
0.00006716165157446298	171.74477961222485
0.00006775888129319421	173.21904091431034
0.00006836142183035478	174.70818772859855
0.00006896932041198116	176.21151293284052
0.0000695826246840636	177.721808660486
0.00007020138271628026	179.2483264018951
0.00007082564300576559	180.7891203463903
0.00007145545448091052	182.34212682816516
0.00007209086650519839	183.9103054969737
0.0000727319288810729	185.49331427282533
0.00007337869185384246	187.0859858426516
0.00007403120611561799	188.69005331588403
0.00007468952280928557	190.31548518877923
0.00007535369353251596	191.95328637062968
0.00007602377034180762	193.59889396488185
0.00007669980575656786	195.26403460658284
0.00007738185276322817	196.93998655632296
0.00007806996481939814	198.6303253681107
0.00007876419585805493	200.3385000337588
0.0000794646002917701	202.06054390426863
0.00008017123301697513	203.79504772889723
0.00008088414941826371	205.54586070013394
0.0000816034053727324	207.31361282381812
0.00008232905725436045	209.09781553415417
0.00008306116193842862	210.89499946950585
0.00008379977680597661	212.70400126896362
0.00008454495974830009	214.53169851897803
0.00008529676917148897	216.37631329532314
0.00008605526400100475	218.23311236025668
0.0000868205036862985	220.10714737328206
0.00008759254820547151	221.99745981436448
0.00008837145806997497	223.90825801807387
0.00008915729432935409	225.83298986729503
0.00008995011857603167	227.77103583388018
0.00009074999295013684	229.726324944273
0.00009155698014437491	231.70118613162222
0.00009237114340894069	233.69172050719868
0.00009319254655647702	235.69676852649715
0.00009402125396707504	237.72309648710365
0.00009485733059332145	239.7666783703897
0.00009570084196538803	241.82804547405303
0.000096551854196169	243.90449694563625
0.00009741043398646233	245.99815038617993
0.00009827664863019706	248.1116617013464
0.00009915056601970873	250.2427259163148
0.0001000322546510602	252.39621164260313
0.00010092178362940978	254.56946584831584
0.00010181922267442802	256.7411641618007
0.0001027246421257625	258.9532181602528
0.00010363811294855064	261.1854443712353
0.00010455970673898118	263.41702532171155
0.00010548949572990696	265.6784881409585
0.00010642755279650574	267.97413068416824
0.00010737395146199158	270.2763810460215
0.00010832876590337868	272.59102821117625
0.00010929207095729373	274.9440001454783
0.00011026394212584308	277.29713770289425
0.00011124445558252881	279.67680708280454
0.00011223368817822053	282.0773748677016
0.00011323171744717812	284.49847283830184
0.00011423862161312825	286.9444752737401
0.00011525447959539671	289.41513520719474
0.00011627937101509239	291.8982379949621
0.0001173133762013495	294.4009888810383
0.0001183565761976219	296.94476583532435
0.00011940905276803665	299.4896179647862
0.00012047088840380194	302.05720900142126
0.00012154216632967185	304.6580372150403
0.00012262297051047075	307.2657024591244
0.00012371338565767362	309.89612003145453
0.00012481349723604513	312.555467163789
0.00012592339147033866	315.2392807468814
0.00012704315535205495	317.95243728296674
0.00012817287664625975	320.6912531249713
0.00012931264389846216	323.4389447831207
0.00013046254644155596	326.215753594104
0.0001316226744028206	329.0231244827593
0.00013279311871098475	331.8431187409521
0.00013397397110335443	334.68859935251163
0.0001351653241330016	337.56610793274314
0.00013636727117602015	340.4636937625296
0.0001375799064388425	343.38082604489506
0.0001388033249656252	346.3341591134037
0.0001400376226456974	349.3180271400593
0.00014128289622107598	352.31270562972554
0.00014253924329404952	355.3413941605982
0.00014380676233482633	358.3917713396459
0.00014508555268925432	361.46845241703664
0.0001463757145866055	364.5674324960952
0.00014767734914743373	367.6876031144993
0.00014899055839149927	370.85029896656044
0.00015031544524576445	374.0440261253502
0.0001516521135524623	377.25566606080815
0.00015300066807723476	380.4850207519448
0.00015436121451734345	383.75075977950934
0.00015573385950995463	387.0403864349895
0.00015711871064049776	390.3637738445457
0.0001585158764510973	393.7190480422717
0.00015992546644907912	397.09471934372624
0.0001613475911155553	400.5094548790184
0.0001627823619140826	403.9484791767072
0.00016422989129939773	407.4075266935669
0.00016569029272623357	410.9062379295169
0.00016716368065820917	414.43297115424605
0.0001686501705768034	418.0016813040342
0.00017014987899040404	421.5888853203314
0.00017166292344344142	425.19269603932713
0.0001731894225256005	428.8437456658378
0.0001747294958811148	432.51853095784685
0.00017628326421814607	436.24119533689884
0.00017785084931824262	439.99220078777114
0.00017943237404588691	443.7666112915934
0.0001810279623581229	447.5725072162147
0.0001826377393142738	451.40865056343665
0.00018426183108574305	455.2825484825219
0.0001859003649659024	459.1899609200595
0.00018755346938007097	463.1184387285707
0.00018922127389557985	467.09671531158506
0.00019090390923192692	471.104590668182
0.00019260150727102283	475.1482295323471
0.00019431420106752852	479.22349456115796
0.00019604212485928305	483.3338989065546
0.0001977854140778239	487.47805431578576
0.00019954420535900388	491.65526383276074
0.00020131863655369945	495.8755979915869
0.00020310884673861414	500.14357219940354
0.00020491497622718153	504.4339439360961
0.00020673716658055994	508.7580804878208
0.00020857556061873076	513.120537117945
0.00021043030243168926	517.5234254789864
0.00021230153739074087	521.9497949459759
0.00021418941215989393	526.417321418279
0.00021609407470735386	530.9419650570732
0.00021801567431712328	535.50341433866
0.00021995436160069949	540.0875560294738
0.0002219102885088823	544.7139498408094
0.00022388360834368055	549.3866657282224
0.00022587447577033034	554.102485941832
0.00022788304682941623	558.8478427803125
0.00022990947894910025	563.6334718040712
0.00023195393095746324	568.4661515105157
0.00023401656309495226	573.3367969438303
0.00023609753702693917	578.2491420211204
0.00023819701585639248	583.2202784147013
0.00024031516413666187	588.2004988583707
0.00024245214788437482	593.2553981360774
0.00024460813459244727	598.3437685149099
0.0002467832932432142	603.4488579165403
0.00024897779432167267	608.6168772382746
0.0002511918098288429	613.853207559772
0.0002534255132952524	619.1095541329954
0.0002556790797945336	624.3949134683143
0.0002579526859571493	629.781158180778
0.0002602465099842329	635.1312802058754
0.0002625607316615589	640.6082989938906
0.00026489553237363245	646.0760871336828
0.0002672510951179052	651.6138218197682
0.0002696276045191208	657.1934700528069
0.0002720252468437822	662.8135767877445
0.00027444421001475455	668.5131651610145
0.00027688468362599037	674.2156733788144
0.000279346858957393	680.0098407096299
0.0002818309289898073	685.7931691304443
0.00028433708842014367	691.6621507246991
0.0002868655336766411	697.6040875831515
0.00028941646293426115	703.5796088171552
0.0002919900761302198	709.5997207344092
0.00029458657497965894	715.679116569373
0.00029720616299145757	721.8025906609449
0.0002998490454841815	727.9714865175544
0.0003025154296021742	734.1874836991776
0.0003052055243317955	740.5032680429525
0.0003079195405178001	746.8038131255026
0.00031065769087986204	753.1889331210215
0.0003134201900292483	759.6550645200862
0.00031620725448564105	766.1553697852584
0.00031901910269410645	772.6895106358977
0.00032185595504221476	779.2880685959551
0.0003247180338773172	785.9785948732266
0.00032760556352397116	792.6675266045069
0.00033051877030152094	799.4568111440165
0.0003334578825418403	806.2853891369365
0.00033642313060722374	813.2023342931694
0.0003394147469084465	820.1484203106772
0.0003424329659229774	827.1284548125957
0.00034547802421335775	834.2028156316997
0.000348550160445743	841.3356043159396
0.0003516496154086082	848.5491755375136
0.0003547766320316223	855.7460316833318
0.000357931455404685	863.0408742855615
0.0003611143327971412	870.4471905944799
0.00036432551367715743	877.9128964230397
0.00036756524973127655	885.4144641953318
0.0003708337948841455	892.9529633385035
0.0003741314053184138	900.5530581832979
0.0003774583394948177	908.2549810047324
0.00038081485817243366	915.996517220859
0.0003842012244291183	923.8301161380936
0.00038761770368212726	931.7306132840048
0.00039106456370891814	939.6574919498559
0.00039454207466813984	947.670113361504
0.0003980505091208035	955.7504969591861
0.0004015901420516501	963.8877519683955
0.0004051612508906994	972.1211439159359
0.0004087641155349959	980.3874681447156
0.00041239901837054806	988.7712501524007
0.00041606624429445726	997.1825882247982
0.0004197660807372524	1005.6816442483256
0.00042349881768541457	1014.2873286974731
0.00042726474770410713	1022.9236657694125
0.0004310641659601062	1031.6208310184197
0.00043489737024493503	1040.430342065327
0.00043876466099820606	1049.2844375097081
0.00044266634133116476	1058.1980664160035
0.00044660271705045226	1067.2476744079318
0.00045057409668206977	1076.3017923936584
0.0004545807914955617	1085.4733843155898
0.00045862311552841405	1094.708552418953
0.0004627013856106639	1104.0320358704241
0.00046681592138973706	1113.4355380690067
0.0004709670453554977	1122.878541486127
0.00047515508286552613	1132.4311923910946
0.00047938036217061935	1142.0714445580822
0.0004836432144405185	1151.8032042470493
0.0004879439737898672	1161.5771136041253
0.0004922829773043947	1171.449456844606
0.0004966605650673411	1181.4113610062218
0.0005010770801861089	1191.4356488008796
0.0005055328688191558	1201.5507462243602
0.0005100282802031285	1211.7718864761846
0.00051456366668023	1222.0441872872007
0.0005191393837258419	1232.4334478110043
0.0005237557899763805	1242.9011634638537
0.0005284132472574095	1253.4490602915955
0.0005331121206119974	1264.0642473407624
0.0005378527783293295	1274.7917458082345
0.0005426355919735754	1285.6095855832386
0.0005474609364130068	1296.506195852015
0.0005523291898493853	1307.5221598916867
0.0005572407338476003	1318.5904736238851
0.0005621959533655773	1329.7453034285334
0.0005671952367844495	1341.056405080808
0.0005722389759390005	1352.4201674766296
0.0005773275661483724	1363.855652316389
0.0005824614062470522	1375.3782814706665
0.0005876408986161313	1387.0286402793677
0.0005928664492148437	1398.7929017930712
0.0005981384676123829	1410.6010504222238
0.0006034573670200064	1422.5677150774964
0.0006088235643234188	1434.5540934469611
0.0006142374801154485	1446.6992301103705
0.0006196995387290126	1458.9376778910864
0.0006252101682703755	1471.2637845976153
0.0006307698006527024	1483.6899549569014
0.0006363788716299141	1496.202570724379
0.0006420378208308373	1508.822532715654
0.000647747091793664	1521.5986116181984
0.000653507132000715	1534.4359488480834
0.0006593183929135125	1547.37671608157
0.000665181330008164	1560.420419535353
0.0006710964028110646	1573.5776091788039
0.0006770640749349102	1586.8606392350173
0.0006830848141150363	1600.2365213088226
0.0006891590922460787	1613.7068462658897
0.0006952873854189591	1627.3146541692768
0.0007014701739581995	1641.0254113341482
0.0007077079424595722	1654.8105274102184
0.0007140011798280775	1668.7383390568818
0.0007203503793162654	1682.7822477311674
0.000726756038562896	1696.9519647826455
0.0007332186596319426	1711.2179180417418
0.0007397387490519425	1725.5790579477418
0.0007463168178557005	1740.0560655326412
0.0007529533816203381	1754.659276712705
0.0007596489605077068	1769.4244916118973
0.0007664040793051568	1784.2518911086647
0.0007732192674666682	1799.2510909876783
0.0007800950591543487	1814.3329838601728
0.0007870319932803026	1829.5279350333522
0.0007940306135488659	1844.8792181915244
0.0008010914684992232	1860.3579434535386
0.000808215111548401	1875.9341251245407
0.0008154021010346432	1891.6334243291353
0.000822653000261172	1907.447387765355
0.0008299683775403415	1923.439952841132
0.0008373488062381767	1939.5331174645287
0.0008447948648193158	1955.7504055159927
0.0008523071368923482	1972.0733377014053
0.000859886211255557	1988.54313674368
0.0008675326819430673	2005.166446160854
0.0008752471482714081	2021.8951784331687
0.0008830302148864814	2038.7653146945718
0.0008908824918109562	2055.789047097159
0.0008988045944920802	2072.8809033373354
0.0009067971438499177	2090.1517963479882
0.000914860766326015	2107.5812013865016
0.0009229960939325031	2125.1132242676686
0.0009312037643016288	2142.7889325263936
0.0009394844207357349	2160.650495238666
0.000947838712257679	2178.6374548367544
0.0009562672936617047	2196.71321956649
0.0009647708255647609	2214.973280579437
0.0009733499744582806	2233.388032326071
0.0009820054127604224	2251.8920539470346
0.0009907378188687675	2270.5513897458573
0.0009995478772134956	2289.420283327219
0.001008436278311028	2308.4585919248916
0.0010174037188181492	2327.5973336507927
0.0010264509015866083	2346.8491327889024
0.0010355785357182114	2366.2959335127216
0.0010447873366203945	2385.890864474077
0.0010540780260622983	2405.4532424362724
0.001063451332231339	2425.2818710142174
0.001072907989790283	2445.3617459357015
0.001082448739934826	2465.6184215062995
0.0010920743304516916	2485.9321366152094
0.001101785515777235	2506.3443650550275
0.0011115830570565788	2527.0945152408017
0.0011214677222032687	2547.8202686805766
0.0011314402859594615	2568.752534123131
0.0011415015299566466	2590.0237184172756
0.0011516522427769133	2611.402143122111
0.0011618932200147527	2632.756742741608
0.0011722252643394176	2654.2909315760285
0.001182649185557835	2676.1473674289787
0.0011931658006780759	2698.1660695375435
0.0012037759339733904	2720.239415066324
0.0012144804170468179	2742.493110062353
0.0012252800888963584	2764.9793190219434
0.0012361757959807374	2787.4718959094776
0.0012471683922857478	2810.3288325490935
0.001258258739391185	2833.3315355788895
0.0012694477065383729	2856.4253782721953
0.0012807361706982999	2879.7945932799253
0.0012921250166403465	2903.3124430343137
0.0013036151370016365	2926.90714780748
0.001315207432357	2950.745364015507
0.0013269028112895568	2974.8331502204423
0.001338702190461931	2998.962393312314
0.0013506064946881	3023.3084766638776
0.0013626166570058736	3047.913291031656
0.0013747336187500284	3072.648431352269
0.0013869583296260862	3097.5093573689983
0.0013992917477847514	3122.635168357576
0.0014117348398970068	3148.0036570543953
0.0014242885812298847	3173.457918461311
0.001436953955722899	3198.987049710821
0.0014497319560651707	3224.9112624870804
0.0014626235837732302	3250.902535374243
0.0014756298492695152	3277.0876622940796
0.0014887517719615643	3303.5989682501076
0.001501990380321922	3330.1993167651203
0.0015153467119687404	3356.9679904593977
0.00152882181374711	3383.9600922966483
0.0015424167418111097	3411.1072506027613
0.0015561325617065864	3438.4777523095286
0.0015699703484546672	3466.0150666444692
0.0015839311866360257	3493.83577723855
0.0015980161704758785	3521.85839590157
0.001612226403929757	3549.966551220747
0.0016265630007700294	3578.285631268868
0.001641027084673198	3606.880408930044
0.001655619789307968	3635.59750303846
0.0016703422584241105	3664.4884180017752
0.0016851956459420958	3693.667890196814
0.0017001811160435437	3723.0127740551625
0.0017152998432624677	3752.6255808394867
0.0017305530125773325	3782.499745370375
0.00174594181950393	3812.519664948125
0.0017614674701890865	3842.7273011509496
0.0017771311815051902	3873.0846152544664
0.0017929341811455724	3903.6407157870008
0.001808877707720732	3934.506374174032
0.001824963010855414	3965.598176771456
0.0018411913512865515	3996.854943264752
0.001857564000962088	4028.3013085846796
0.001874082243140658	4059.940217355756
0.0018907473724921753	4091.7521425835885
0.0019075606951993041	4123.8046047164835
0.0019245235290598353	4156.178926855627
0.0019416372035899719	4188.657212823164
0.0019589030601285403	4221.457940972977
0.001976322451942112	4254.481358839172
0.0019938967443310783	4287.589002880236
0.002011627314736655	4320.940832591749
0.0020295155528488474	4354.652232566051
0.002047562860715368	4388.527717365706
0.002065770652851534	4422.479652882322
0.002084140356351123	4456.837965598122
0.0021026734109982357	4491.278494707206
0.0021213712693801375	4526.104914829417
0.0021402353970011146	4561.0586280869
0.002159267272397332	4596.212997972261
0.0021784683872527267	4631.648147083799
0.002197840246515913	4667.239282976221
0.0022173843685181454	4703.0112972466795
0.002237102285092319	4739.182631537537
0.002256995541693033	4775.410496244982
0.002277065697517718	4811.9554739015
0.0022973143256288524	4848.750275433019
0.0023177430130772426	4885.685262716602
0.002338353361026422	4922.869090312105
0.002359146984878145	4960.358831056309
0.0023801255143990003	4998.042449892048
0.002401290593848144	5035.888829613242
0.0024226438821061866	5074.034209007216
0.002444187052805196	5112.477002242746
0.002465921794459885	5151.08455631534
0.002487849810599951	5189.7806784587165
0.0025099728199035956	5228.882700358256
0.002532292556332229	5268.223412573145
0.0025548107692663848	5307.674056473702
0.0025775292236428172	5347.446341171562
0.0026004497000928464	5387.475108582184
0.0026235739950819163	5427.724760792109
0.0026469039210503973	5468.157557350103
0.002670441306555644	5508.7171008782125
0.0026941879964153185	5549.604815036087
0.002718145851851974	5590.830755179743
0.00274231675063894	5632.231127510867
0.0027667025872474996	5673.795065844342
0.0027913052729953715	5715.656284176297
0.002816126736196517	5757.755447975864
0.0028411689223122832	5800.011476565195
0.0028664337941038736	5842.523770872324
0.0028919233317861942	5885.34573948167
0.002917639533183056	5928.343112872275
0.0029435844138837623	5971.47374587288
0.002969760007401083	6014.8649898644735
0.0029961683653306486	6058.516878132241
0.003022811557511736	6102.363011457249
0.0030496916721895065	6146.657311518249
0.003076810816178679	6190.784001638177
0.003104171115028657	6235.507574442074
0.0031317747131901215	6280.697425580773
0.0031596237741831224	6325.545933598085
0.0031877204807666333	6370.803750742354
0.0032160670351096435	6416.43615827486
0.003244665658963757	6461.986641002884
0.00327351859383733	6508.3476318536705
0.003302628101171153	6554.091896616705
0.0033319964625157105	6600.374852084278
0.003361625979709986	6647.207060552847
0.003391518975061889	6694.025948013924
0.0034216777915302703	6741.175118302235
0.0034521047929085584	6788.641556722053
0.003482802364010026	6836.051151972113
0.0035137729108547203	6883.502276994153
0.0035450188608580234	6931.420778209302
0.003576542663020922	6979.870860972441
0.0036083467881219515	7028.2596252905505
0.003640433728910852	7076.678796621836
0.003672806000303942	7125.474218187479
0.0037054661395812447	7174.468017210347
0.003738416706585339	7223.723218712451
0.003771660283922004	7273.253054157417
0.003805199477162641	7322.83348788326
0.0038390369150484885	7372.846557773362
0.003873175249696657	7422.811886894864
0.003907617156808012	7473.2689733741
0.003942365335876867	7523.382932753859
0.003977422510402583	7574.132796145655
0.004012791428103021	7625.249781624383
0.004048474861129913	7676.293224796798
0.004084475606286125	7727.370919408409
0.004120796485244886	7778.457892813199
0.004157440344770922	7830.170906190264
0.004194410056943593	7882.259533298168
0.004231708519382002	7934.391887814078
0.0042693386554720995	7986.434858976572
0.004307303414595815	8038.524333637823
0.0043456057723622364	8090.900325114691
0.00438424873084081	8143.797830784988
0.004423235318796654	8196.883245660993
0.004462568591927941	8249.507880635341
0.004502251633105401	8302.71288005235
0.004542287552613947	8356.489780636159
0.004582679488396467	8409.650255058697
0.004623430606299748	8463.175006566444
0.004664544100322628	8517.215314044774
0.004706023192866327	8571.435684635877
0.004747871134987014	8625.663951794484
0.004790091206650617	8679.872849280018
0.004832686716989919	8734.200177329163
0.004875661004563888	8788.891560437725
0.004919017437619376	8843.676302775086
0.004962759414355102	8898.460384799682
0.005006890363188002	8953.207211382272
0.005051413743021938	9008.20404927132
0.0050963330435188125	9063.448075126193
0.005141651785372064	9118.949947268806
0.005187373520582622	9174.726834612356
0.005233501832737307	9229.964319633615
0.005280040337289705	9285.750243671093
0.005326992681843534	9341.575832489183
0.0053743625464385564	9397.429167859538
0.005422153643838985	9453.20596862238
0.005470369719824501	9509.288308960426
0.00551901455348384	9565.678575351481
0.005568091957510986	9621.97525935155
0.005617605778504001	9678.248682564283
0.005667559897266533	9734.583367817413
0.005717958229111956	9790.964137714196
0.0057688047241702695	9847.732601338399
0.00582010336769769	9904.18361110537
0.005871858180389016	9960.850732269948
0.00592407321869275	10017.45524434769
0.005976752575129064	10073.952774991345
0.006029900378610528	10130.915943766297
0.0060835207947657465	10187.758796968583
0.0061376180262658515	10244.613848387024
0.006192196313153898	10301.484217246836
0.0062472599331771855	10358.285538250768
0.0063028132021225635	10415.161607023132
0.006358860474154658	10472.04219711327
0.006415406142157172	10528.905013535674
0.0064724546380771795	10585.77484333406
0.006530010433272496	10642.616700027043
0.006588078038862133	10699.498133485798
0.006646662006079887	10756.343950540097
0.00670576692663103	10813.159281040935
0.006765397433052218	10870.058513677006
0.006825558199074574	10926.543387077907
0.006886253939990011	10983.142022366112
0.006947489413020799	11039.822994385175
0.00700926941769245	11096.326433389455
0.007071598796209865	11153.118683158194
0.007134482433836875	11209.418729446425
0.007197925259279139	11265.764231737723
0.0072619322450704436	11321.621107862245
0.007326508407962436	11377.803391480702
0.007391658809317852	11433.860117396673
0.007457388555507182	11489.678550404025
0.007523702798308917	11545.510449687634
0.007590606735313341	11601.181977743963
0.007658105610329895	11656.45332663899
0.007726204713798182	11711.72836265301
0.007794909383202643	11767.007640300875
0.007864225003490861	11821.80628044939
0.007934157007495647	11876.543505869135
0.008004710876360855	11931.365723408027
0.008075892139970982	11985.90142204995
0.008147706377384576	12039.873931676226
0.008220159217271553	12093.702476071623
0.008293256338354309	12147.846416521897
0.008367003469852845	12201.004918524213
0.008441406391933798	12254.728807602796
0.008516470936163485	12307.590009905562
0.00859220298596496	12360.195975711671
0.008668608477079178	12412.892307900478
0.008745693398030186	12465.339020622478
0.008823463790594512	12517.267808518605
0.008901925750274715	12568.862604748772
0.008981085426777129	12620.399453829732
0.009060949024493859	12671.503101244207
0.009141522802989107	12722.147083840397
0.009222813077489737	12772.25009535419
0.009304826219380273	12822.256963122774
0.009387568656702285	12872.041860323274
0.009471046874658193	12921.290834490153
0.009555267416119574	12970.243504249944
0.009640236882139963	13019.076771591135
0.009725961932472276	13066.939244729361
0.009812449286090737	13114.911146696766
0.009899705721717524	13161.92173049864
0.009987738078354071	13208.943516932613
0.010076553255817099	13255.563473163005
0.010166158215279395	13301.20994587724
0.010256559979815458	13346.30280023454
0.010347765634951902	13391.51043539887
0.010439782329222836	13436.455266616376
0.010532617274730148	13480.052092652217
0.010626277747708777	13523.738627925932
0.010720771089097	13566.572709919765
0.010816104705111844	13608.836893076483
0.010912286067829506	13650.748582167324
0.01100932271577105	13691.71557685085
0.011107222254493242	13732.0355977854
0.01120599235718467	13772.574821273565
0.011305640765267133	13812.076594018028
0.011406175289002451	13850.3580249924
0.011507603808104555	13888.735353478474
0.011609934272357122	13926.13888538271
0.011713174702236658	13963.119323608653
0.011817333189541125	13999.31398517961
0.011922417898024156	14034.54372261797
0.012028437064034954	14069.182066652205
0.012135398997163777	14103.159197255509
0.012243312080893277	14136.485342179685
0.012352184773255566	14168.906240211198
0.012462025607495143	14200.689896213697
0.012572843192737703	14231.613973496587
0.012684646214664948	14261.845751824985
0.012797443436195294	14291.327641612696
0.01291124369817073	14319.896545285681
0.013026055920049741	14347.678384814972
0.013141889100606393	14374.84275306325
0.013258752318635636	14401.116803112336
0.013376654733664926	14426.519952914563
0.013495605586672062	14450.883380544292
0.013615614200809532	14474.33638912344
0.013736689982135217	14496.930018856036
0.013858842420349633	14518.560028974083
0.013982081089539704	14539.246750582459
0.014106415648929206	14558.899795246803
0.014231855843635767	14577.115545443909
0.014358411505434723	14594.481686890716
0.0144860925535297	14610.470619768725
0.014614908995330064	14625.457089973941
0.014744870927235271	14639.153852604084
0.014875988535426259	14651.706662826815
0.015008272096663736	14663.324386985847
0.015141731979093718	14674.232289997664
0.015276378643060142	14684.467773253082
0.015412222641924735	14693.34155379819
0.015549274622894151	14701.768962783934
0.015687545327854536	14709.756900326836
0.01582704559421337	14717.265648716504
0.015967786355748952	14724.324953711975
0.01610977864346734	14730.583679624708
0.016253033586466948	14736.387675423392
0.016397562412810814	14741.793214689767
0.01654337645040669	14745.894806846103
0.016690487127894806	14749.512885515032
0.016838905975543706	14751.151578450499
0.016988644626153935	14752.3493681533
0.017139714815969806	14751.969872352252
0.01729212838559925	14749.60810174667
0.01744589728094192	14745.677089057566
0.017601033554125404	14740.223803885978
0.017757549364449895	14732.705857554056
0.017915456979341212	14722.995385964674
0.0180747687753123	14711.838244571469
0.018235497238933255	14698.85602821047
0.01839765496781007	14684.49493455017
0.018561254671571915	14668.29319208492
0.018726309172867342	14650.482927789932
0.01889283140836932	14631.319690665085
0.01906083442978915	14610.741566709543
0.019230331404899444	14588.88247342744
0.019401335618566252	14566.139633904113
0.019573860473790197	14542.472374870316
0.01974791949275705	14517.389963102729
0.019923526317897566	14491.35288692542
0.020100694712956738	14464.054471057472
0.020279438564072563	14435.3418309778
0.020459771880864498	14405.17742960357
0.020641708797531366	14373.40244979503
0.020825263573959283	14339.827616881097
0.021010450596839272	14304.413417339989
0.021197284380794885	14267.791078295664
0.0213857795695198	14229.178580567703
0.02157595093692565	14188.190995120527
0.021767813388299865	14145.2766969054
0.021961381961473996	14100.752263782724
0.02215667182800232	14054.54704238924
0.022353698294350983	14006.78696696368
0.02255247680309765	13957.655291926341
0.02275302293414197	13906.406131821592
0.02295535240592655	13854.440531696588
0.023159481076669056	13801.032857552067
0.023365424945605087	13746.539089592108
0.023573200154242212	13690.836350359341
0.02378282298762505	13634.268838763493
0.023994309875611783	13577.019430288972
0.02420767739416174	13518.774723532135
0.024422942266634697	13459.708915273553
0.024640121365101592	13399.604885675692
0.024859231711666933	13338.698095944404
0.025080290479802935	13276.727099406151
0.02530331499569563	13214.32609330979
0.02552832273960274	13150.816197957853
0.025755331347223825	13086.009825671812
0.02598435861108252	13020.645361082617
0.02621542248192109	12954.667693864878
0.026448541070107325	12887.150727839524
0.026683732647054127	12819.075121380341
0.026921015646651433	12749.885056063626
0.027160408666711117	12680.0518875588
0.027401930470424638	12609.07502086832
0.027645599987833665	12536.78552731025
0.02789143631731375	12463.912713128037
0.028139458727071333	12390.487044786838
0.028389686656653784	12315.379063709335
0.02864213971847316	12238.974695023226
0.028896837699343342	12162.219815799126
0.02915380056203091	12083.816928372837
0.029413048446819745	12005.028573563623
0.02967460167308971	11925.22529389798
0.02993848074090908	11844.336989447025
0.030204706332641402	11762.832528253639
0.030473299314566493	11680.462942448468
0.030744280738516035	11597.017487772602
0.03101767184352328	11513.370356012249
0.03129349405748814	11428.707399437279
0.03157176899885621	11344.000393942859
0.03185251847831362	11258.472146140684
0.03213576450049628	11172.584332932545
0.03242152926571444	11086.30514107514
0.032709835171693104	10999.475759310477
0.03300070481532704	10912.639592208961
0.03329416099445239	10825.736185768948
0.03359022670963301	10738.75778542739
0.033888925165963646	10651.448668682888
0.03419027977488853	10563.970307552567
0.03449431415603616	10476.982040996218
0.03480105213907095	10390.19830216945
0.03511051776556049	10303.198818199957
0.03542273529086033	10216.420237940372
0.03573772918601486	10130.370033830744
0.0360555241396751	10044.395893059402
0.036376145060034254	9958.484044744579
0.03669961707677939	9873.610405847856
0.03702596554306164	9788.90445115181
0.03735521603748275	9704.76291001652
0.037687394366100385	9621.333805419397
0.03802252656445057	9538.107284790356
0.038360638899588066	9455.361490030478
0.03870175787214565	9373.871479156975
0.039045910218410605	9292.165865311386
0.03939312291242077	9211.655013164862
0.03974342316807849	9131.938056782843
0.040096838441283415	9052.868721908777
0.040453396432084884	8974.52303998487
0.04081312508685248	8896.827044697508
0.041176052600466986	8820.012729496064
0.041542207418529625	8744.313718894866
0.04191161823959215	8669.13702189598
0.04228431401740592	8594.39809177037
0.04266032396319104	8521.055117248103
0.0430396775479264	8448.648099077762
0.04342240450465894	8377.239519404222
0.043808534830834626	8306.763700578907
0.04419809879064938	8237.201661589259
0.04459112691742084	8168.802853603559
0.04498765001598213	8101.64581757501
0.04538769916509558	8035.380031233768
0.04579130571988933	7970.609417842597
0.0461985013143142	7906.781655952845
0.04660931786362368	7844.690270025943
0.04702378756687515	7783.751076681352
0.047441942909453326	7724.2826072199305
0.047863816665617016	7666.248720317064
0.04828944190106719	7609.293599364435
0.04871885197553925	7553.87428262993
0.04915208054541739	7499.72781255882
0.049589161566372365	7446.489801654893
0.05003012929602335	7394.669076052824
0.050475018296622404	7343.78166959876
0.05092386343776404	7293.7968089584
0.05137669989911754	7245.173980737565
0.05183356317318493	7197.5650272521025
0.052294489068082504	7150.401505642509
0.05275951371034715	7104.124677119241
0.053228673547768536	7058.36990596266
0.05370200535224505	7014.049185532105
0.054179546222666596	6970.284948668641
0.054661333587822034	6927.28254853368
0.05514740520933253	6884.967276163342
0.05563779918461186	6843.098111284871
0.0561325539498517	6801.818667276561
0.056631708283034925	6761.519897876499
0.05713530130697418	6722.07195309772
0.057643372492378976	6682.590089588044
0.05815596166094898	6643.61604127298
0.058673108988494926	6604.614232249217
0.05919485500808818	6566.068812064156
0.059721240613236866	6527.3587218355215
0.06025230706109173	6488.551462636359
0.060788095975679496	6450.180558606205
0.06132864935116495	6411.706926034208
0.061874009555143154	6372.668223176914
0.06242421933195922	6333.2059976712135
0.06297932180605945	6293.747298958192
0.06353936048537046	6253.877288300301
0.06410437926471002	6213.546411394407
0.06467442242922714	6172.7534352401735
0.06524953465787266	6131.518227867866
0.065829761026902	6089.4833950351995
0.06641514701340714	6046.178632882187
0.06700573849888193	6002.451094300188
0.06760158177281776	5957.2840252672395
0.06820272353633135	5911.337789935997
0.06880921090582591	5864.036716934999
0.06942109141668311	5815.330288257774
0.07003841302698972	5765.422353481315
0.07066122412129562	5714.476790262627
0.07128957351440678	5662.641515800305
0.07192351045521105	5610.031213795244
0.07256308463053779	5556.767698953351
0.07320834616905308	5503.045997275793
0.07385934564518773	5448.82131484481
0.07451613408310206	5393.8227465884565
0.0751787629606848	5337.790498372223
0.07584728421358732	5280.494070494977
0.07652175023929522	5221.721674774486
0.07720221390123416	5161.26987838528
0.07788872853291415	5098.959838386235
0.0785813479421087	5034.869371120515
0.07928012641507319	4969.3164014423555
0.07998511872079925	4902.669606902707
0.080696380115307	4835.063091733488
0.08141396634597703	4766.735872952187
0.08213793365591851	4698.008858263691
0.08286833878837851	4629.023857506076
0.08360523899118898	4559.761511016816
0.08434869202125322	4490.34199445668
0.08509875614907396	4420.743337521486
0.08585549016331911	4351.214471061734
0.08661895337543088	4281.795968511811
0.08738920562427314	4212.581382257814
0.0881663072808227	4143.706564728524
0.08895031925290049	4075.311061600672
0.08974130298994502	4007.5427978125326
0.09053932048782974	3940.5551943633327
0.0913444342937209	3874.4631851774147
0.09215670751098116	3809.3811286720525
0.09297620380411424	3745.5405133167255
0.09380298740375595	3682.960149684289
0.094637123111708	3621.792915955276
0.09547867630601653	3562.149470419338
0.0963277129460975	3504.109486118309
0.09718429957790516	3447.8145651523278
0.09804850333914888	3393.3668533341565
0.09892039196455492	3340.7955798867633
0.09980003379117469	3290.1805612669173
0.10068749776374222	3241.5952727173594
0.10158285344007648	3195.283661475195
0.10248617099653454	3150.8811430783294
0.10339752123351056	3108.57645519642
0.10431697558098618	3068.492912388271
0.10524460610412854	3030.190990731131
0.10618048550893808	2994.1908481801584
0.1071246871479484	2959.8501349447597
0.10807728502597397	2927.650257331362
0.10903835380591187	2897.263804609672
0.11000796881459313	2868.518952009318
0.11098620604868611	2841.270112708752
0.11197314218065439	2815.3999616066444
0.11296885456476465	2790.799360225903
0.11397342124315103	2767.329644837202
0.11498692095193054	2744.9184544916347
0.11600943312737544	2723.130014255597
0.11704103791213888	2702.056735577602
0.11808181616153561	2681.4474160248546
0.11913184944988078	2661.0654504176196
0.12019122007688188	2640.7556343582464
0.12126001107409073	2620.4370184380523
0.12233830621141074	2599.9584779790744
0.12342619000366194	2579.0338127110235
0.12452374771720665	2557.5490846806542
0.1256310653766307	2535.281322635103
0.12674822977148784	2512.1346730004266
0.1278753284631	2488.1489236769644
0.1290124497914222	2463.077777342657
0.1301596828819654	2436.758679796521
0.1313171176527816	2409.2642787250943
0.1324848448215129	2380.597222865811
0.1336629559125	2350.539256144467
0.13485154326395732	2319.054566490117
0.1360507000352096	2286.501812666483
0.13726052021399288	2252.7304954454908
0.13848109862382274	2217.7091962988156
0.13971253093142438	2181.706206146716
0.14095491365423296	2144.885062075499
0.14220834416795627	2107.232340816924
0.1434729207142087	2068.9080783512363
0.14474874240821056	2030.2976237732212
0.14603590924655566	1991.597349757378
0.14733452211505071	1952.677623419115
0.14864468279662052	1913.802770170821
0.14996649397928738	1875.2887222519516
0.1513000592642187	1837.2344017791554
0.1526454831738464	1799.8667305285032
0.15400287116006103	1763.5009260402267
0.15537232961247463	1728.1716704888506
0.15675396586676169	1693.9508614436547
0.1581478882130696	1661.022242669274
0.1595542059045083	1629.5921693622026
0.1609730291657124	1599.8718168287467
0.16240446920147958	1571.9020336423737
0.16384863820548862	1545.6037727194646
0.16530564936909056	1520.9244271633318
0.16677561689018267	1497.9397952939823
0.16825865598215792	1476.7250399341783
0.16975488288293453	1456.9958847190703
0.17126441486406846	1438.5968711052346
0.17278737023994262	1421.6387518816416
0.17432386837704242	1405.8002801081957
0.17587402970330923	1390.8691034191468
0.17743797571758133	1376.6859412293293
0.1790158289991159	1363.1377383752965
0.18060771321719563	1350.0815631234411
0.18221375314082383	1337.1297755833366
0.18383407464850116	1324.3351849814908
0.18546880473809388	1311.37903468523
0.18711807153678686	1298.1420966010085
0.1887820043111249	1284.3568408444137
0.19046073347714676	1270.0143595656532
0.19215439061060427	1254.9731126185193
0.19386310845727758	1239.0348152069441
0.19558702094337702	1222.2719013034507
0.1973262631860422	1204.538856717635
0.19908097150393136	1185.8154619706022
0.2008512834279046	1166.382213641189
0.20263733771180584	1146.126486172534
0.20443927434333528	1125.1594283435777
0.2062572345550238	1103.7792230116204
0.2080913608353015	1082.0952857040693
0.20994179693966455	1060.1856248947236
0.21180868790194515	1038.393376203458
0.2136921800456759	1016.7437019250729
0.21559242099556147	995.5468074908431
0.2175095596890461	974.8764736046396
0.21944374638798975	954.8848658244851
0.2213951326904442	935.7820534972473
0.2233638715425338	917.5707215724894
0.22535011725044587	900.2856183783333
0.2273540254925219	884.0785831262651
0.22937575333146193	868.8875091218737
0.2314154592266338	854.8118618880354
0.2334733030464916	841.6430343169212
0.23554944608110875	829.4972374474819
0.23764405105481637	818.0788383486495
0.23975728213896055	807.3544261255752
0.24188930496476654	797.2139020580162
0.24404028663632357	787.4450054713207
0.24621039574368087	777.9701896312938
0.24839980237606007	768.5412310876077
0.2506086781351898	758.9953723025841
0.2528371961487516	749.2929065775058
0.2550855310839528	739.2708775675544
0.2573538591612153	728.7852268579479
0.2596423581679857	717.8624272010277
0.26195120747267336	706.473643118477
0.2642805880387056	694.5873094498427
0.2666306824387142	682.3620075620598
0.26900167486884236	669.8311047766945
0.2713937511631841	657.0793333250746
0.27380709880834875	644.1860791089692
0.2762419069581541	631.316590853014
0.27869836644845536	618.5550083294347
0.2811766698120986	606.0724208140256
0.28367701129401474	593.9534292895449
0.2861995868664424	582.2049763313652
0.2887445942442865	571.0148326967366
0.29131223290061825	560.4047978816106
0.2939027040823055	550.4043826188533
0.2965162108257901	541.0004141187418
0.29915295797299746	532.1229309304163
0.3018131521873953	523.7421234478412
0.3044970019701901	515.7880644008912
0.30720471767666724	508.14681985016944
0.30993651153268226	500.72370051219184
0.31269259765129026	493.4317400191384
0.31547319204953145	486.1747467241567
0.31827851266536067	478.86288525449964
0.32110877937472737	471.4566029289963
0.3239642140088127	463.8882492196639
0.3268450403714121	456.1260407327006
0.32975148425648076	448.17888841202097
0.3326837734658269	440.07250222684416
0.33564213782696994	431.85756527547375
0.3386268092111526	423.625403421206
0.3416380215515127	415.43551965284865
0.34467601086142247	407.32218341895225
0.34774101525298207	399.40111980590285
0.3508332749556868	391.69903926509005
0.35395303233525377	384.26409540036394
0.3571005319126165	377.14393630988195
0.3602760203830941	370.341756417456
0.363479746635722	363.8452714740808
0.36671196177276444	357.60422568767433
0.3699729191293902	351.6150706740113
0.37326287429353305	345.8055612568779
0.37658208512592267	340.1506568050171
0.37993081178029287	334.56781645571493
0.38330931672377677	329.01676428372497
0.3867178647574734	323.4828345677378
0.39015672303720655	317.9158561764811
0.3936261610944625	312.2858227998594
0.3971264508575129	306.6258106266951
0.400657866672733	300.9539811901794
0.40422068532609895	295.29033366581666
0.4078151860648872	289.6887755348737
0.411441650619556	284.1681885980257
0.4151003632258316	278.75910556830434
0.4187916106469843	273.49662462514067
0.422515682196302	268.38410562082476
0.42627286975977124	263.4340137010059
0.43006346781894894	258.65445935893126
0.4338877734740483	254.04390570434776
0.437746086467223	249.54632408786532
0.44163870920605786	245.1568962356354
0.4455659467872767	240.84686073538546
0.44952810702064866	236.58379459034444
0.4535255004531205	232.3615340021947
0.4575584403931501	228.17054173978607
0.4616272429352684	223.98780210592133
0.46573222698485256	219.83191561803852
0.4698737142831181	215.7050488359198
0.47405202943234237	211.62304206077965
0.47826749992129974	207.60907996130564
0.4825204561509353	203.68065444786757
0.4868112314602587	199.8429454744897
0.49114016215246786	196.0950182522208
0.49550758752131413	192.44043254607817
0.49991384987768844	188.8862214216823
0.5043592945764578	185.42172050728342
0.5088442700435271	182.01866082332515
0.5133691278031534	178.6766106146377
0.517934222505496	175.38671138145082
0.5225399119544105	172.1359793750479
0.5271865571354982	168.9251704502237
0.5318745222443932	165.75583574669918
0.5366041747153137	162.6128925269487
0.5413758852498576	159.52114719673622
0.5461900278460547	156.48808628103703
0.5510469798276872	153.51345430675886
0.5559471218738552	150.59627507413444
0.560890838048822	147.74345763767113
0.5658785158321081	144.9540544592057
0.5709105461488683	142.22166267226055
0.5759873234005287	139.54605964997904
0.5811092454956961	136.92123636648267
0.5862767138813525	134.33978962096316
0.5914901335743115	131.78748848215656
0.5967499131929701	129.2738840930166
0.6020564649893323	126.80663157087554
0.6074102048813176	124.38030184944716
0.6128115524853672	121.99441667210314
0.6182609311493245	119.65396400808334
0.6237587679856242	117.3552046581001
0.6293054939047611	115.10258165983304
0.6349015436490706	112.89435480780045
0.6405473558268004	110.72384880554856
0.6462433729464845	108.59888102520202
0.6519900414516333	106.5134790463248
0.657787811755717	104.46604594653071
0.6636371382774755	102.45662294614432
0.6695384794765319	100.48165158739222
0.6754922978893219	98.54416576109837
0.6814990601653547	96.63704747457385
0.6875592371037793	94.77061474144988
0.6936733036902937	92.93565082605302
0.6998417391343641	91.13256063574742
0.7060650269067932	89.3622587778161
0.7123436547776099	87.62433744214772
0.7186781148542957	85.91994411568568
0.7250689036203646	84.24798442068683
0.7315165219742663	82.60152142681993
0.7380214752686544	80.98959841294025
0.7445842733499912	79.40673831950825
0.7512054305985051	77.8558469862171
0.7578854659685152	76.32914146544614
0.7646249030290962	74.83131452263062
0.771424270005125	73.36297761543382
0.7782840998186713	71.92028936973118
0.7852049301307765	70.50828958223869
0.792187303383591	69.11934575085631
0.7992317668428849	67.7535973333125
0.806338872640952	66.41715805709114
0.8135091778198738	65.10841832681926
0.8207432443751886	63.81964612362803
0.8280416392999365	62.55496733346515
0.8354049346290939	61.31776243645708
0.8428337074844195	60.10228108420914
0.8503285401196761	58.907996505804746
0.857890019966278	57.73781484572381
0.8655187396793218	56.59055116768132
0.8732152971840471	55.4645423817717
0.8809802957226971	54.35967436424539
0.8888143439017947	53.27648765862064
0.8967180557398547	52.21351907003967
0.9046920507154972	51.170199214851706
0.9127369538160134	50.14787350907351
0.9208533955863389	49.14528306900552
0.9290420121784854	48.16154937263492
0.9373034454013964	47.19666910267384
0.9456383427712464	46.25060155550765
0.9540473575622029	45.3224704334838
0.9625311488576165	44.41262233692768
0.9710903816016894	43.52068994043607
0.9797257266515883	42.645516780945535
0.9884378608300193	41.787002164120146
0.9972274669782883	40.945364265653225
1.006095234009807	40.12009803668422
1.0150418569641029	39.309223504865244
1.02406803706128	38.51349426703018
1.0331744817569934	37.738568096544306
1.0423619047978916	36.97765718230193
1.0516310262775541	36.2263787620329
1.0609825726929432	35.49205613689292
1.0704172770013305	34.77620101830609
1.0799358786777595	34.067553853384695
1.0895391237729963	33.37905036336073
1.0992277649720001	32.69767263281275
1.1090025616529293	32.032618428641456
1.118864279946645	31.382594555790355
1.1288136927967756	30.74400055646855
1.1388515800202812	30.11724098204101
1.1489787283685895	29.5024452874879
1.1591959315892537	28.899277391740686
1.1695039904881586	28.312207441844972
1.1799037129923005	27.73063707162779
1.1903959142130953	27.163590341258743
1.2009814165102792	26.608332700488834
1.2116610495563578	26.062952797551528
1.2224356504016285	25.529857357205906
1.2333060635398005	25.00721581841355
1.2442731409741694	24.491256494456835
1.2553377422844114	23.98858305109303
1.2665007346939388	23.49503161367119
1.2777629931378869	23.014064072954653
1.289125400331683	22.538743973947238
1.3005888468402254	22.07303052236835
1.3121542311476997	21.61969196429462
1.3238224597279826	21.17444117642261
1.3355944471157062	20.73553080385703
1.3474711159779293	20.307274774866634
1.3594533971864482	19.886382120893067
1.3715422298907733	19.476338361401464
1.3837385615917193	19.073383953551474
1.396043348215686	18.67711241706262
1.408457554189565	18.289734354762974
1.4209821525163453	17.910106822672606
1.4336181248513693	17.538035585465682
1.446366461579264	17.174437775273073
1.4592281618915848	16.816973244967574
1.4722042338651093	16.468205534372952
1.4852956945408669	16.125370937235328
1.4985035700038434	15.78844743054572
1.5118288954633983	15.4587111636085
1.525272715334419	15.13702229094525
1.53883608331916	14.821764360508372
1.552520062489851	14.511469787512222
1.5663257253719973	14.207103711572124
1.5802541540284614	13.909673125891283
1.594306440144265	13.61898380663946
1.6084836851121447	13.335145984033664
1.622787000118897	13.054507113875356
1.6372175062324485	12.780510146851569
1.6517763344897427	12.512530688881396
1.6664646259853808	12.249401841093574
1.6812835319610495	11.992175187779807
1.6962342138957731	11.740603420904478
1.7113178435969258	11.493201226306951
1.7265356032920989	11.251362343029212
1.7418886857217373	11.015102831339654
1.757378294232646	10.782329046681282
1.7730056428722971	10.55431426953528
1.788771956483976	10.331567170481211
1.804678470802802	10.11370287307209
1.8207264325525614	9.900598343730376
1.8369170995434414	9.69163983975381
1.8532517407706093	9.48600926898795
1.8697316365136616	9.284771385102921
1.8863580784369944	9.08786924028328
1.9031323696910145	8.895310137737606
1.9200558250143054	8.706682199404801
1.9371297708366462	8.522132410050778
1.9543555453829993	8.34144288261325
1.9717344987783874	8.164236632075175
1.989267993153704	7.991199719700082
2.006957402752499	7.821366029146973
2.02480411403866	7.654474977688481
2.042809525805107	7.491514826529951
2.0609750492834182	7.3319817912983565
2.0793021082544243	7.175587243798615
2.0977921391598318	7.022693065602585
2.116446591214777	6.873146594641727
2.135266926521443	6.726399801596959
2.1542546201836266	6.58293759904497
2.1734111604223814	6.442010258386409
2.19273804869265	6.304372113389081
2.2122367998009334	6.1694376434898714
2.231908942024046	6.037160013988168
2.2517560172288684	5.90800880685355
2.2717795809932237	5.7815377604816645
2.291981202727788	5.657346532656275
2.312362465799088	5.536078856734258
2.3329249676536272	5.4172150307282365
2.3536703199430624	5.301212625060234
2.3746001486505524	5.18697122696433
2.395716094218166	5.075640085580202
2.4170198116754884	4.966508358509194
2.4385129707693247	4.8594382478643166
2.46019725609456	4.754894062673534
2.4820743672262253	4.652697960246378
2.5041460188526696	4.552413334568671
2.5264139409099893	4.454059723892199
2.5488798787176	4.357984524384479
2.571545593115021	4.264039717387476
2.5944128605999164	4.172016742161577
2.6174834734672987	4.081679971408404
2.640759239950041	3.9933904209495763
2.664241984360567	3.9072106934046675
2.68793354723387	3.822582631750866
2.711835785471756	3.7396480681422735
2.73595057248837	3.658857511037605
2.760279798357066	3.5795388694272243
2.7848253699585057	3.501920748668303
2.8095892111301537	3.426069793890239
2.8345732628170475	3.3516899932370317
2.8597794832239116	3.278751547600373
2.8852098479686723	3.207539064437109
2.9108663502372636	3.138006858212125
2.9367510009398887	3.0697049347309813
2.9628658288685914	3.0029237478802675
2.9892128808563068	2.9375519711346074
3.015794221937269	2.873582872786604
3.042611935508853	2.81098015822193
3.0696681234949024	2.749692602964466
3.096964906510432	2.689688859152703
3.1245044240278745	2.631025688716498
3.152288834544756	2.573705105219107
3.1803203157528537	2.517400528634814
3.208601064708921	2.462507223865167
3.2371332980068446	2.4087140892878494
3.2659192519514195	2.356037918766802
3.294961182733585	2.3044551063302814
3.3242613666072955	2.254005951379622
3.353822100067919	2.2046739029319746
3.3836457000322073	2.1563555290047782
3.4137345040199394	2.1090680651915727
3.4440908703370785	2.0628324669045264
3.4747171782606596	2.017566306125823
3.5056158282252508	1.9733462326917925
3.5367892420110776	1.9299884495257429
3.568239862933882	1.887582620196945
3.599970156036373	1.8461741057382264
3.631982608281486	1.8056481809687177
3.6642797287472515	1.7659193661674113
3.6968640488235005	1.7269886963575045
3.7297381224102484	1.689078899295638
3.7629045261178473	1.6518941767294197
3.796365859468981	1.6155062797738853
3.830124745102358	1.5799405981028292
3.8641838289783164	1.545093293607217
3.8985457805861885	1.510994875887183
3.9332132931535106	1.4776907878146557
3.9681890838571623	1.4450545486836033
4.003475894036276	1.4131247775747509
4.039076489407156	1.3819186136652342
4.074993660279995	1.3513937425006675
4.111230221777619	1.321473962175518
4.147789014056116	1.2922320972258747
4.184672902527414	1.2636709766710066
4.221884778083925	1.235725744725861
4.25942755732506	1.208371249796106
4.297304182785892	1.1816008933871163
4.335517623167747	1.1553734566853557
4.37407087357088	1.129742648057028
4.4129669557292655	1.1047024574631963
4.452208918247381	1.08021613369064
4.4917998368392125	1.056231198763303
4.531742814569259	1.0327559082078115
4.5720409820958	1.009821476280097
4.61269749791625	0.987410462138536
4.653715548614688	0.9654732981765444
4.695098349111677	0.9439732053441795
4.736849142916173	0.9229522147748902
4.778971202379808	0.9024081851882357
4.821467828953345	0.8823446156404253
4.86434235344541	0.8626968861897213
4.907598136283621	0.8434699430109505
4.951238567777899	0.8246835208524351
4.9952670683862666	0.8062727289862504
5.039687088982863	0.7882452475956817
5.084502111128483	0.7707236980946792
5.1297156473434296	0.7534945204091807
5.1753312413827866	0.7366450851606715
5.22135246851424	0.7201927772662334
5.267782935798229	0.7041038067654222
5.314626282370717	0.6883582886280594
5.361886179728403	0.6729538165406286
5.409566332016454	0.6578935927038719
5.457670476318892	0.6431970742966178
5.5062023829514315	0.6287874221299913
5.55516585575706	0.6147162108437939
5.6045647324041	0.6009425214397383
5.654402884687071	0.5874695411841983
5.7046842188301214	0.5742997472651867
5.755412675793159	0.5614234659305121
5.806592231580811	0.5488289095834253
5.858226897553972	0.5364986098311173
5.91032072074428	0.5244474526210475
5.962877784171284	0.5126831601470767
6.0159022071624335	0.5011660184581471
6.069398145676017	0.48989775356623794
6.123369792626811	0.4788769933978281
6.177821378214803	0.4681092249471261
6.232757170256658	0.45758151440829603
6.288181474520298	0.44727237137102627
6.344098635062351	0.43720792608709713
6.400513034568591	0.4273706958619763
6.457429094697529	0.4177320601557143
6.5148512764268816	0.4083262064188187
6.572784080403292	0.3991216700816365
6.631232047295055	0.39011960698929005
6.690199758147963	0.3813258678689366
6.749691834744448	0.3727206857529912
6.809712939965732	0.36429805263715737
6.87026777815739	0.35607950243024206
6.931361095497972	0.3480316756224401
6.992997680371087	0.3401723274478683
7.055182363740668	0.33248379058057576
7.1179200195295795	0.3249609242749289
7.181215565001713	0.31761107441342423
7.245073961147292	0.3104318425495034
7.309500213071795	0.30340965611462734
7.374499370388208	0.29653778506839734
7.440076527612767	0.2898170767255124
7.506236824564346	0.28325589587432815
7.572985446767201	0.27683116738955604
7.64032762585751	0.2705559937672719
7.708268639993311	0.2644246327217526
7.776813814268291	0.258424934415335
7.845968521129111	0.2525606286961369
7.915738180796454	0.24683590278986983
7.986128261689948	0.24123396969817112
8.057144280856653	0.2357532280774388
8.12879180440358	0.23039855544804416
8.201076447933916	0.225160400518717
8.274003876987107	0.22004199685466883
8.34757980748303	0.21504164014490224
8.421810006169867	0.2101503725965586
8.496700291076218	0.20536743978625868
8.572256531966985	0.2006964517768604
8.64848465080354	0.19612506510989694
8.725390622207833	0.19166326272549056
8.802980473930623	0.1872958714091363
8.88126028732403	0.18302697928457637
8.960236197818062	0.17885318516250726
9.039914395401622	0.17477544741221937
9.120301125107533	0.17079165239922886
9.201402687502137	0.16689552042320255
9.283225439179065	0.16308640864629928
9.36577579325741	0.1593646310128482
9.449060219884489	0.15572518167108632
9.53308524674283	0.15217213848014516
9.617857459561918	0.1486933011041304
9.70338350263432	0.14529617532878902
9.7896700793364	0.14197658009192485
9.876723952653844	0.13872921044728775
9.964551945711582	0.1355584211723649
10.053160942308724	0.13245900100178878
10.142557887457947	0.12942432084300617
10.232749787929967	0.12646437131381258
10.323743712802656	0.12356991841333914
10.415546794015052	0.1207400037844864
10.508166226926477	0.11797103376577012
10.601609270880346	0.1152639607183922
10.69588324977327	0.11261884362558079
10.790995552629042	0.11003751463299186
10.886953634177706	0.10752850366891602
10.983765015439987	0.10505569965906077
11.08143728431662	0.10263111540741784
11.179978096183232	0.10028334877137299
11.279395174490196	0.09798824700597145
11.379696311368122	0.09574241615035049
11.480889368238527	0.093537934613362
11.58298227642995	0.09138084513364804
11.685983037799723	0.08929453222274164
11.78989972536098	0.08723361356601098
11.894740483915562	0.0852171837118745
12.000513530692317	0.08326518738885653
12.107227155991092	0.08135157726850717
12.214889723832664	0.07947792803478533
12.323509672614117	0.07764504033590333
12.433095515770413	0.07585732100357427
12.543655842441472	0.07411691755358552
12.655199318145538	0.0724098561486283
12.767734685458295	0.07074172180264107
12.881270764698028	0.06910725715534768
12.995816454617103	0.06751823098527698
13.111380733099248	0.06596148591519076
13.227972657863388	0.0644364081297536
13.345601367173508	0.0629455435084389
13.464276080554813	0.061491124945511594
13.58400609951651	0.060075536605399
13.704800808280647	0.058692369105554885
13.826669674517836	0.057329919433716715
13.949622250089101	0.05600439391134292
14.073668171794719	0.05471497223803901
14.198817162129457	0.053453112634699776
14.32507903004453	0.05221673813818765
14.452463671716579	0.051004502548986926
14.580981071323123	0.04982250252296856
14.710641301825271	0.04867542746527142
14.841454525757149	0.04754370269776139
14.973430996022342	0.04644192158229116
15.106581056697683	0.045369385801019034
15.240915143843786	0.04431848393499519
15.376443786323229	0.04329277806220887
15.51317760662556	0.04229012971261387
15.651127321700068	0.04130989786519907
15.790303743795675	0.04035274831691212
15.930717781308289	0.03941500644694163
16.07238043963599	0.03850138476020724
16.21530282204138	0.03760520731904156
16.359496130522047	0.036736114399325455
16.504971666688448	0.035881550026792726
16.651740832649658	0.03504847298456002
16.79981513190721	0.034235789241425126
16.949206170256517	0.033440314537900355
17.099925656696733	0.0326636801402064
17.251985404348247	0.03190246148461953
17.405397331378786	0.031164536115758687
17.56017346193745	0.030435643599981774
17.716325927097046	0.02972788269476783
17.87386696580512	0.029038380759735437
18.032808925842982	0.028362715712996953
18.193164264793698	0.027701461545763625
18.354945551018425	0.02705651307512341
18.51816546464139	0.02642710641243581
18.682836798543953	0.02581206744140273
18.848972459367044	0.025211831271915446
19.016585468523008	0.024622905260115877
19.18568896321596	0.02404976702155625
19.356296197471657	0.0234889504389598
19.52842054317625	0.02294017079979444
19.70207549112423	0.022405743969974426
19.877274652076064	0.021884311832256285
20.0540317578247	0.02137277417237059
20.23236066227207	0.02087348463323515
20.412275342514867	0.020385281891699646
20.593789899939885	0.01991042122041067
20.776918561329556	0.019444996658020908
20.96167567997671	0.018991230161097584
21.148075736809854	0.01854743778583054
21.336133341527862	0.018113230011516587
21.52586323374533	0.01769049033515923
21.717280284147716	0.0172770864208073
21.91039949565677	0.016873146252415625
22.105236004606695	0.01647765286862958
22.301805081930215	0.016092767424647197
22.50012213435573	0.015715832245272097
22.700202705614775	0.015347737979896033
22.90206247766017	0.014988071493195703
23.105717271895436	0.01463679959820429
23.31118305041452	0.014294921758118822
23.518475917253202	0.013960274824858072
23.72761211965097	0.013632628698617618
23.938608049324746	0.013312481869716952
24.151480243753497	0.013000009450554675
24.366245387474308	0.012695666392399566
24.58292031339037	0.012398403504770002
24.801522004089975	0.012107484252584727
25.02206759317787	0.01182331243392086
25.244574366618046	0.011545988026203723
25.469059764088446	0.01127466350073392
25.695541380348146	0.011009863740894087
25.924036966616068	0.010750556438288521
26.15456443196263	0.010498023843989264
26.387141844713074	0.010251770580996725
26.62178743386395	0.010010801226121096
26.858519590511722	0.009775228252701783
27.097356869294103	0.009545391980389699
27.33831798984465	0.009320959415416531
27.581421838259608	0.009102256032831987
27.826687468578488	0.008888084580046937
28.074134104277363	0.008678724203858958
28.3237811397754	0.008473958771686649
28.575648141955327	0.008274396021914689
28.829754851696634	0.008079978191039245
29.08612118542324	0.007889731223229775
29.344767236664097	0.007703353860399734
29.605713277628436	0.00752179947570499
29.868979760794527	0.007344965621267756
30.134587320512537	0.0071717802455455275
30.402556774622184	0.00700228254224427
30.67290912608398	0.006836878554673482
30.94566556462578	0.0066757337244878825
31.22084746840343	0.006518201922721372
31.498476405676186	0.0063641783740522205
31.77857413649758	0.006214248323796813
32.06116261442048	0.006067845930012985
32.34626398821825	0.005924301303740412
32.633900603620226	0.005784206151610789
32.92409500506359	0.005647680497578697
33.21686993746014	0.005514288875486441
33.51224834797886	0.005383920471413313
33.81025338784486	0.005256475359903765
34.11090841415347	0.0051319623081326985
34.41423699170134	0.005010644747621626
34.72026289483321	0.004892273978430889
35.02901010930516	0.004776214058377795
35.34050283416496	0.00466325689925049
35.65476548364824	0.0045529536396846145
35.9718226890926	0.004445023309833827
36.29169930086759	0.004339601068252911
36.614420390322934	0.004236801769640282
36.94001125175336	0.004136516529198645
37.26849740438092	0.004038575405912039
37.59990459435564	0.0039427838109047635
37.934258796772866	0.003849299419089069
38.27158621770967	0.0037578337774745872
38.61191329627859	0.0036686720981878463
38.955266706699696	0.0035815988000390247
39.30167336039175	0.0034965994419252403
39.65116040808093	0.003413640404293573
40.003755241929376	0.0033325036507565685
40.359485497681604	0.003253281549306837
40.71837905683102	0.0031759204132058225
41.080464048805055	0.0031005490915110285
41.44576885316963	0.0030267869842369407
41.81432210185403	0.0029548263253196126
42.18615268139441	0.0028846052082332164
42.56128973519844	0.0028159939577400103
42.93976266582922	0.0027489539450407364
43.32160113730964	0.0026834802045354864
43.70683507744788	0.002619627601791219
44.09549468018248	0.0025572572239981046
44.48761040794956	0.0024964091408029663
44.88321299406972	0.0024369727643918206
45.28233344515745	0.0023788388761270896
45.68500304355112	0.0023220957299534034
46.091253349764614	0.002266776880891531
46.50111620496153	0.002212740291703686
46.91462373345016	0.0021599158359900403
47.33180834520199	0.0021084238800084176
47.7527027383916	0.002058011103231605
48.17733990195926	0.0020089281957827087
48.60575311819717	0.0019609765007797264
49.03797596535735	0.0019141368591034983
49.474042320284134	0.0018684014541263888
49.913986361068694	0.0018237418611023954
50.357842569728454	0.001780142086005884
50.80564573490948	0.001737561148771291
51.257430954612886	0.0016960008864109425
51.71323363894634	0.0016554865756277855
52.17308951289878	0.0016158775256072588
52.637034619141055	0.0015771948296496537
53.10510532085067	0.001539439081797604
53.577338304561515	0.0015025663094034355
54.05377058304002	0.0014665849926950526
54.534439498185336	0.0014314907651325685
55.0193827239569	0.001397155991721504
55.50863826932651	0.0013636372972334607
56.002244481258046	0.0013309977146027958
56.50024004771276	0.001299030589350661
57.00266400068127	0.0012678833012451701
57.5095557192435	0.0012374810633145911
58.020954932654355	0.001207750960798521
58.536901723458335	0.001178734858117763
59.05743653063081	0.0011504143535323358
59.58260015274727	0.001122755573991534
60.11243375118175	0.0010957947327924606
60.646978853332136	0.0010694910155492098
61.1862773558759	0.0010437590545309136
61.73037152805298	0.0010186484782721162
62.279304014979544	0.0009941245365954817
62.83311784099012	0.0009701878144365957
63.391856413009414	0.0009468504728472793
63.955563523955256	0.0009240329812630583
64.5242833561701	0.0009017947276470429
65.0980604848848	0.0008800322495096928
65.67693988171187	0.0008588114957751358
66.26096691817011	0.0008381257658206363
66.8501873692414	0.0008179057377254307
67.4446474169576	0.000798176778062069
68.04439365402112	0.0007789202949640946
68.64947308745589	0.0007600800105780222
69.25993314229243	0.000741739557447975
69.87582166528466	0.000723862463790047
70.4971869286596	0.0007063277050845177
71.1240776339018	0.0006892762468122949
71.75654291556941	0.0006726053535345173
72.39463234514616	0.0006563003459407657
73.03839593492634	0.0006404020615140689
73.68788414193423	0.0006249103922930996
74.34314787187978	0.0006097982692284249
75.00423848314745	0.0005950441352420037
75.6712077908226	0.0005806001634726776
76.34410807075169	0.0005665236526846868
77.0229920636404	0.0005527884411049233
77.70791297918703	0.0005393853308757025
78.39892450025253	0.0005262997568228269
79.09608078706903	0.0005135200454563483
79.79943648148372	0.0005010448643583016
80.50904671124269	0.0004888715943326056
81.22496709431063	0.0004769898396639113
81.94725374323102	0.00046538566471210466
82.67596326952378	0.0004540588665272262
83.41115278812184	0.00044301240452661095
84.15287992184884	0.0004322287731247685
84.90120280593419	0.00042170509476337193
85.65618009257078	0.00041143482439180945
86.4178709555115	0.0004014062042215544
87.18633509470675	0.00039162097658271733
87.96163274098465	0.00038206066941384286
88.74382466077064	0.0003727310428378069
89.53297216085144	0.0003636320316632461
90.32913709317893	0.0003547509983196294
91.13238185971927	0.00034608067766115085
91.9427694173424	0.00033761625685419346
92.76036328275842	0.0003293569767818369
93.58522753749382	0.0003213010657796836
94.41742683291535	0.0003134365802423075
95.25702639529666	0.0003057597389846215
96.10409203093191	0.0002982682957258794
96.95869013129156	0.0002909573890852432
97.82088767822702	0.0002838201677920958
98.69075224922157	0.00027685690943327616
99.56835202268496	0.00027005810294432515
100.45375578329805	0.0002634278751927266
101.34703292740517	0.00025696119234315876
102.24825346845114	0.00025060014612619054
103.15748804247018	0.00024445320756480627
104.07480791362154	0.0002384491321530306
105.00028497977654	0.00023259055293588124
105.93399177815155	0.00022686769105182482
106.87600149099445	0.00022127893559585415
107.82638795132168	0.00021582547773084322
108.7852256487028	0.00021050048650631326
109.75258973510046	0.00020529712190704602
110.72855603075978	0.0002002157822970758
111.7132010301527	0.0001952518057122253
112.70660190797106	0.00019040341446328242
113.7088365251766	0.0001857017256147066
114.71998343510468	0.0001811232386555371
115.74012188961895	0.00017662495052635325
116.76933184532434	0.00017222307642271055
117.80769396983327	0.0001679630340011946
118.8552896480898	0.00016381974069052492
119.91220098874594	0.0001597345496383023
120.97851083059848	0.00015577993109273233
122.054302749083	0.00015188607648524322
123.13966106282179	0.00014809851015613193
124.23467084023382	0.0001444266079760975
125.33941790620369	0.0001408325609179266
126.45398884880571	0.0001373126200159321
127.57847102609226	0.0001338925979567047
128.71295257293994	0.00013054781777636457
129.85752240795918	0.00012728063380000858
131.01227024046077	0.00012410416900597067
132.17728657748856	0.00012100256800499932
133.35266273091457	0.00011796938667547886
134.53849082459305	0.00011500321138427895
135.7348638015829	0.0001121122567731142
136.94187543143136	0.00010930633612010534
138.1596203175255	0.00010657238834819917
139.38819390450416	0.00010387941520871421
140.62769248574006	0.00010126930925099219
141.87821321088873	0.00009872506040143
143.13985409349988	0.00009624485325300743
144.4127140187015	0.00009381682744611957
145.69689275094936	0.00009144638596124378
146.99249094184836	0.00008913627573173158
148.2996101380383	0.00008688276557407011
149.61835278915459	0.0000846896937547429
150.94882225585948	0.0000825409055963475
152.29112281794028	0.00008045559089863882
153.64535968248407	0.0000784106634829989
155.01163899212537	0.00007642432481064668
156.39006783336214	0.0000744816700315439
157.78075424495105	0.00007258520276169256
159.1838072263745	0.000070737198645858
160.59933674638592	0.00006893095638308229
162.02745375162547	0.00006718229888614794
163.46827017531768	0.00006545845807441258
164.9218989460462	0.00006379543116167888
166.38845399660156	0.0000621668166551058
167.86805027291317	0.00006056717363998107
169.3608037430576	0.000059015323164771165
170.8668314063502	0.000057506875036801117
172.38625130251177	0.00005603016741775471
173.91918252092202	0.000054591006160347067
175.46574520995554	0.00005318197189170474
177.02606058639503	0.00005181071736717912
178.60025094493454	0.000050474247868218096
180.18843966776345	0.00004917229404572471
181.79075123423948	0.0000479044418154414
183.40731123064143	0.00004666486270308831
185.03824636001414	0.000045456387996345325
186.68368445210135	0.000044281437752721176
188.34375447336078	0.000043131243275019715
190.01858653707424	0.000042010398264572714
191.70831191354773	0.000040917531887842826
193.41306304039614	0.000039852612472487024
195.1329735329261	0.00003881510683459516
196.86817819460717	0.00003779992820094886
198.61881302764039	0.000036810520518530664
200.38501524361342	0.00003584896681094269
202.16692327425739	0.00003491119142869397
203.96467678229874	0.00003399620024119668
205.77841667240165	0.00003309991173290435
207.60828510221472	0.00003223004382789297
209.45442549351148	0.00003138221716840012
211.31698254343465	0.00003055486261279854
213.19610223583265	0.00002975043409707338
215.0919318527038	0.00002896572273048177
217.00461998574235	0.000028197680242992375
218.93431654798025	0.000027449599872331503
220.8811727855401	0.000026722455131509672
222.8453412894879	0.000026013127916051303
224.82697600779625	0.00002532087392023318
226.82623225740554	0.000024645575806971252
228.84326673639993	0.000023988784739235685
230.87823753629135	0.000023348810707649586
232.93130415440572	0.000022724072605150964
235.00262750638643	0.00002211547201982684
237.09236993880901	0.000021523291554800065
239.2006952419008	0.000020944977416793045
241.3277686623816	0.000020380738465809452
243.47375691641395	0.000019832254904998306
245.63882820267327	0.00001929719862548623
247.82315221552602	0.000018776337712477592
250.02690015833244	0.000018268754425134433
252.25024475686786	0.00001777273731248361
254.4933602728554	0.00001728980782299877
256.7564225176277	0.00001682153948901381
259.0396088659051	0.000016362170755111026
261.34309826970133	0.000015916938858170283
263.66707127234423	0.000015482628875223918
266.0117100226289	0.00001505839914715172
268.37719828909724	0.000014646611815792471
270.76372147443556	0.000014245707647834145
273.17146663001006	0.000013853617108217924
275.60062247052554	0.000013471919027279786
278.05137938882035	0.000013101337187281675
280.5239294707834	0.000012739481333125295
283.0184665104123	0.000012387187953863553
285.53518602500543	0.000012044440410431367
288.0742852704805	0.000011710906693058239
290.63596325683807	0.000011385206352150425
293.22042076376243	0.000011068292446182796
295.82786035635246	0.000010760366531430941
298.45848640100235	0.000010459714539876499
301.11250508141734	0.000010167800133355024
303.7901244147782	9.882344613226547e-6
306.49155426803907	9.605670562060166e-6
309.21700637437954	9.336193074753239e-6
311.966694349803	9.073310631238462e-6
314.74083370987324	8.817389839866254e-6
317.5396418866104	8.568603532696465e-6
320.36333824553054	8.326296514936093e-6
323.212144102844	8.090194984854052e-6
326.0862827427945	7.861523788486291e-6
328.98597943516353	7.637499228484198e-6
331.9114614529298	7.419904123762507e-6
334.8629580900759	7.208903782476424e-6
337.840700679564	7.003138023405195e-6
340.84492261146556	6.802822281860725e-6
343.8758593512585	6.608067284632309e-6
346.9337484582753	6.418255286798237e-6
350.0188296043263	6.233809733644122e-6
353.13134459248823	6.05423725509412e-6
356.27153737604897	5.879533810388041e-6
359.43965407763193	5.7098911478150044e-6
362.6359430084904	5.544692997335963e-6
365.8606546879623	5.383975626438529e-6
369.1140418631103	5.227580764344865e-6
372.39635952852905	5.075542693738275e-6
375.7078649463369	4.92789436117845e-6
379.0488176663311	4.783756939172582e-6
382.4194795463354	4.644041571613416e-6
385.82011477272766	4.50826233666064e-6
389.25098988113814	4.376000520530168e-6
392.7123737773459	4.247621362859771e-6
396.204537758352	4.122817323693103e-6
399.72775553364903	4.001360224828583e-6
403.2823032466656	3.883332582276371e-6
406.86845949641406	3.768696194936709e-6
410.4865053593309	3.6575141005280188e-6
414.13672441129853	3.5492021641331816e-6
417.819402749877	3.4441330751882272e-6
421.53482901672504	3.341888556040475e-6
425.28329442022914	3.242609527305069e-6
429.0650927583191	3.1464017947437483e-6
432.8805204414997	3.0529196003153787e-6
436.7298765160874	2.9619364903781604e-6
440.6134626876401	2.873676151298464e-6
444.5315833446086	2.7879457665400947e-6
448.4845455821988	2.70478336038017e-6
452.4726592264321	2.6241473298194168e-6
456.4962368584348	2.5456920548174023e-6
460.55559383893495	2.4695974950838477e-6
464.6510483329859	2.3957761519026377e-6
468.7829213348939	2.324073888202106e-6
472.9515366933819	2.2545031204234454e-6
477.1572211369772	2.1868836554217897e-6
481.40030429960996	2.121304266490367e-6
485.6811187464557	2.057709564307638e-6
489.99999999999807	1.996006393656652e-6