    0.10101E-04    0.54189E+02
    0.10202E-04    0.54717E+02
    0.10305E-04    0.55251E+02
    0.10408E-04    0.55790E+02
    0.10513E-04    0.56335E+02
    0.10618E-04    0.56884E+02
    0.10725E-04    0.57439E+02
    0.10833E-04    0.58000E+02
    0.10942E-04    0.58566E+02
    0.11052E-04    0.59137E+02
    0.11163E-04    0.59714E+02
    0.11275E-04    0.60297E+02
    0.11388E-04    0.60885E+02
    0.11503E-04    0.61479E+02
    0.11618E-04    0.62079E+02
    0.11735E-04    0.62685E+02
    0.11853E-04    0.63296E+02
    0.11972E-04    0.63914E+02
    0.12092E-04    0.64538E+02
    0.12214E-04    0.65167E+02
    0.12337E-04    0.65803E+02
    0.12461E-04    0.66445E+02
    0.12586E-04    0.67094E+02
    0.12712E-04    0.67748E+02
    0.12840E-04    0.68409E+02
    0.12969E-04    0.69077E+02
    0.13100E-04    0.69751E+02
    0.13231E-04    0.70431E+02
    0.13364E-04    0.71118E+02
    0.13499E-04    0.71812E+02
    0.13634E-04    0.72513E+02
    0.13771E-04    0.73221E+02
    0.13910E-04    0.73935E+02
    0.14049E-04    0.74656E+02
    0.14191E-04    0.75385E+02
    0.14333E-04    0.76120E+02
    0.14477E-04    0.76863E+02
    0.14623E-04    0.77613E+02
    0.14770E-04    0.78370E+02
    0.14918E-04    0.79135E+02
    0.15068E-04    0.79907E+02
    0.15220E-04    0.80687E+02
    0.15373E-04    0.81474E+02
    0.15527E-04    0.82269E+02
    0.15683E-04    0.83072E+02
    0.15841E-04    0.83882E+02
    0.16000E-04    0.84701E+02
    0.16161E-04    0.85527E+02
    0.16323E-04    0.86362E+02
    0.16487E-04    0.87204E+02
    0.16653E-04    0.88055E+02
    0.16820E-04    0.88914E+02
    0.16989E-04    0.89782E+02
    0.17160E-04    0.90658E+02
    0.17333E-04    0.91543E+02
    0.17507E-04    0.92436E+02
    0.17683E-04    0.93338E+02
    0.17860E-04    0.94248E+02
    0.18040E-04    0.95168E+02
    0.18221E-04    0.96096E+02
    0.18404E-04    0.97034E+02
    0.18589E-04    0.97981E+02
    0.18776E-04    0.98937E+02
    0.18965E-04    0.99902E+02
    0.19155E-04    0.10088E+03
    0.19348E-04    0.10186E+03
    0.19542E-04    0.10286E+03
    0.19739E-04    0.10386E+03
    0.19937E-04    0.10487E+03
    0.20138E-04    0.10590E+03
    0.20340E-04    0.10693E+03
    0.20544E-04    0.10797E+03
    0.20751E-04    0.10903E+03
    0.20959E-04    0.11009E+03
    0.21170E-04    0.11116E+03
    0.21383E-04    0.11225E+03
    0.21598E-04    0.11334E+03
    0.21815E-04    0.11445E+03
    0.22034E-04    0.11557E+03
    0.22255E-04    0.11669E+03
    0.22479E-04    0.11783E+03
    0.22705E-04    0.11898E+03
    0.22933E-04    0.12014E+03
    0.23164E-04    0.12131E+03
    0.23396E-04    0.12250E+03
    0.23632E-04    0.12369E+03
    0.23869E-04    0.12490E+03
    0.24109E-04    0.12612E+03
    0.24351E-04    0.12735E+03
    0.24596E-04    0.12859E+03
    0.24843E-04    0.12985E+03
    0.25093E-04    0.13111E+03
    0.25345E-04    0.13239E+03
    0.25600E-04    0.13368E+03
    0.25857E-04    0.13499E+03
    0.26117E-04    0.13631E+03
    0.26379E-04    0.13764E+03
    0.26645E-04    0.13898E+03
    0.26912E-04    0.14033E+03
    0.27183E-04    0.14170E+03
    0.27456E-04    0.14309E+03
    0.27732E-04    0.14448E+03
    0.28011E-04    0.14589E+03
    0.28292E-04    0.14732E+03
    0.28577E-04    0.14875E+03
    0.28864E-04    0.15020E+03
    0.29154E-04    0.15167E+03
    0.29447E-04    0.15315E+03
    0.29743E-04    0.15464E+03
    0.30042E-04    0.15615E+03
    0.30344E-04    0.15768E+03
    0.30649E-04    0.15921E+03
    0.30957E-04    0.16077E+03
    0.31268E-04    0.16234E+03
    0.31582E-04    0.16392E+03
    0.31899E-04    0.16552E+03
    0.32220E-04    0.16714E+03
    0.32544E-04    0.16877E+03
    0.32871E-04    0.17041E+03
    0.33201E-04    0.17208E+03
    0.33535E-04    0.17375E+03
    0.33872E-04    0.17545E+03
    0.34212E-04    0.17716E+03
    0.34556E-04    0.17889E+03
    0.34903E-04    0.18063E+03
    0.35254E-04    0.18240E+03
    0.35609E-04    0.18418E+03
    0.35966E-04    0.18597E+03
    0.36328E-04    0.18779E+03
    0.36693E-04    0.18962E+03
    0.37062E-04    0.19147E+03
    0.37434E-04    0.19334E+03
    0.37810E-04    0.19522E+03
    0.38190E-04    0.19713E+03
    0.38574E-04    0.19905E+03
    0.38962E-04    0.20099E+03
    0.39354E-04    0.20296E+03
    0.39749E-04    0.20494E+03
    0.40149E-04    0.20694E+03
    0.40552E-04    0.20895E+03
    0.40960E-04    0.21099E+03
    0.41371E-04    0.21305E+03
    0.41787E-04    0.21513E+03
    0.42207E-04    0.21723E+03
    0.42631E-04    0.21935E+03
    0.43060E-04    0.22149E+03
    0.43492E-04    0.22365E+03
    0.43929E-04    0.22583E+03
    0.44371E-04    0.22803E+03
    0.44817E-04    0.23026E+03
    0.45267E-04    0.23251E+03
    0.45722E-04    0.23477E+03
    0.46182E-04    0.23706E+03
    0.46646E-04    0.23938E+03
    0.47115E-04    0.24171E+03
    0.47588E-04    0.24407E+03
    0.48066E-04    0.24645E+03
    0.48550E-04    0.24886E+03
    0.49037E-04    0.25128E+03
    0.49530E-04    0.25374E+03
    0.50028E-04    0.25621E+03
    0.50531E-04    0.25871E+03
    0.51039E-04    0.26123E+03
    0.51552E-04    0.26378E+03
    0.52070E-04    0.26636E+03
    0.52593E-04    0.26895E+03
    0.53122E-04    0.27158E+03
    0.53656E-04    0.27423E+03
    0.54195E-04    0.27690E+03
    0.54739E-04    0.27960E+03
    0.55290E-04    0.28233E+03
    0.55845E-04    0.28509E+03
    0.56407E-04    0.28787E+03
    0.56973E-04    0.29068E+03
    0.57546E-04    0.29351E+03
    0.58124E-04    0.29638E+03
    0.58709E-04    0.29927E+03
    0.59299E-04    0.30219E+03
    0.59895E-04    0.30513E+03
    0.60496E-04    0.30811E+03
    0.61104E-04    0.31112E+03
    0.61719E-04    0.31415E+03
    0.62339E-04    0.31722E+03
    0.62965E-04    0.32031E+03
    0.63598E-04    0.32343E+03
    0.64237E-04    0.32659E+03
    0.64883E-04    0.32978E+03
    0.65535E-04    0.33299E+03
    0.66194E-04    0.33624E+03
    0.66859E-04    0.33952E+03
    0.67531E-04    0.34283E+03
    0.68210E-04    0.34618E+03
    0.68895E-04    0.34955E+03
    0.69588E-04    0.35296E+03
    0.70287E-04    0.35641E+03
    0.70993E-04    0.35988E+03
    0.71707E-04    0.36339E+03
    0.72427E-04    0.36694E+03
    0.73155E-04    0.37052E+03
    0.73891E-04    0.37413E+03
    0.74633E-04    0.37778E+03
    0.75383E-04    0.38147E+03
    0.76141E-04    0.38519E+03
    0.76906E-04    0.38894E+03
    0.77679E-04    0.39274E+03
    0.78460E-04    0.39657E+03
    0.79248E-04    0.40044E+03
    0.80045E-04    0.40434E+03
    0.80849E-04    0.40829E+03
    0.81662E-04    0.41227E+03
    0.82482E-04    0.41629E+03
    0.83311E-04    0.42035E+03
    0.84149E-04    0.42445E+03
    0.84994E-04    0.42859E+03
    0.85849E-04    0.43277E+03
    0.86711E-04    0.43699E+03
    0.87583E-04    0.44125E+03
    0.88463E-04    0.44555E+03
    0.89352E-04    0.44990E+03
    0.90250E-04    0.45429E+03
    0.91157E-04    0.45872E+03
    0.92073E-04    0.46319E+03
    0.92999E-04    0.46771E+03
    0.93933E-04    0.47227E+03
    0.94877E-04    0.47688E+03
    0.95831E-04    0.48153E+03
    0.96794E-04    0.48622E+03
    0.97767E-04    0.49096E+03
    0.98749E-04    0.49575E+03
    0.99742E-04    0.50059E+03
    0.10074E-03    0.50547E+03
    0.10176E-03    0.51040E+03
    0.10278E-03    0.51537E+03
    0.10381E-03    0.52040E+03
    0.10486E-03    0.52547E+03
    0.10591E-03    0.53060E+03
    0.10697E-03    0.53577E+03
    0.10805E-03    0.54099E+03
    0.10913E-03    0.54627E+03
    0.11023E-03    0.55160E+03
    0.11134E-03    0.55697E+03
    0.11246E-03    0.56241E+03
    0.11359E-03    0.56789E+03
    0.11473E-03    0.57343E+03
    0.11588E-03    0.57902E+03
    0.11705E-03    0.58466E+03
    0.11822E-03    0.59036E+03
    0.11941E-03    0.59612E+03
    0.12061E-03    0.60193E+03
    0.12182E-03    0.60780E+03
    0.12305E-03    0.61372E+03
    0.12429E-03    0.61970E+03
    0.12554E-03    0.62575E+03
    0.12680E-03    0.63185E+03
    0.12807E-03    0.63800E+03
    0.12936E-03    0.64422E+03
    0.13066E-03    0.65050E+03
    0.13197E-03    0.65684E+03
    0.13330E-03    0.66325E+03
    0.13464E-03    0.66971E+03
    0.13599E-03    0.67624E+03
    0.13736E-03    0.68283E+03
    0.13874E-03    0.68949E+03
    0.14013E-03    0.69621E+03
    0.14154E-03    0.70299E+03
    0.14296E-03    0.70984E+03
    0.14440E-03    0.71676E+03
    0.14585E-03    0.72374E+03
    0.14732E-03    0.73080E+03
    0.14880E-03    0.73792E+03
    0.15029E-03    0.74511E+03
    0.15180E-03    0.75237E+03
    0.15333E-03    0.75970E+03
    0.15487E-03    0.76710E+03
    0.15643E-03    0.77458E+03
    0.15800E-03    0.78213E+03
    0.15959E-03    0.78975E+03
    0.16119E-03    0.79744E+03
    0.16281E-03    0.80521E+03
    0.16445E-03    0.81305E+03
    0.16610E-03    0.82097E+03
    0.16777E-03    0.82897E+03
    0.16945E-03    0.83705E+03
    0.17116E-03    0.84520E+03
    0.17288E-03    0.85343E+03
    0.17462E-03    0.86175E+03
    0.17637E-03    0.87014E+03
    0.17814E-03    0.87861E+03
    0.17993E-03    0.88717E+03
    0.18174E-03    0.89581E+03
    0.18357E-03    0.90453E+03
    0.18541E-03    0.91334E+03
    0.18728E-03    0.92224E+03
    0.18916E-03    0.93122E+03
    0.19106E-03    0.94028E+03
    0.19298E-03    0.94944E+03
    0.19492E-03    0.95868E+03
    0.19688E-03    0.96802E+03
    0.19886E-03    0.97744E+03
    0.20086E-03    0.98695E+03
    0.20287E-03    0.99656E+03
    0.20491E-03    0.10063E+04
    0.20697E-03    0.10161E+04
    0.20905E-03    0.10259E+04
    0.21115E-03    0.10359E+04
    0.21328E-03    0.10460E+04
    0.21542E-03    0.10562E+04
    0.21758E-03    0.10665E+04
    0.21977E-03    0.10768E+04
    0.22198E-03    0.10873E+04
    0.22421E-03    0.10979E+04
    0.22646E-03    0.11086E+04
    0.22874E-03    0.11194E+04
    0.23104E-03    0.11303E+04
    0.23336E-03    0.11413E+04
    0.23571E-03    0.11524E+04
    0.23807E-03    0.11636E+04
    0.24047E-03    0.11749E+04
    0.24288E-03    0.11863E+04
    0.24533E-03    0.11978E+04
    0.24779E-03    0.12095E+04
    0.25028E-03    0.12212E+04
    0.25280E-03    0.12331E+04
    0.25534E-03    0.12451E+04
    0.25790E-03    0.12572E+04
    0.26050E-03    0.12694E+04
    0.26311E-03    0.12818E+04
    0.26576E-03    0.12942E+04
    0.26843E-03    0.13068E+04
    0.27113E-03    0.13195E+04
    0.27385E-03    0.13323E+04
    0.27660E-03    0.13453E+04
    0.27938E-03    0.13583E+04
    0.28219E-03    0.13715E+04
    0.28503E-03    0.13849E+04
    0.28789E-03    0.13983E+04
    0.29079E-03    0.14119E+04
    0.29371E-03    0.14256E+04
    0.29666E-03    0.14394E+04
    0.29964E-03    0.14534E+04
    0.30265E-03    0.14675E+04
    0.30569E-03    0.14818E+04
    0.30877E-03    0.14961E+04
    0.31187E-03    0.15107E+04
    0.31500E-03    0.15253E+04
    0.31817E-03    0.15401E+04
    0.32137E-03    0.15551E+04
    0.32460E-03    0.15702E+04
    0.32786E-03    0.15854E+04
    0.33115E-03    0.16008E+04
    0.33448E-03    0.16163E+04
    0.33784E-03    0.16320E+04
    0.34124E-03    0.16478E+04
    0.34467E-03    0.16638E+04
    0.34813E-03    0.16799E+04
    0.35163E-03    0.16962E+04
    0.35517E-03    0.17126E+04
    0.35874E-03    0.17292E+04
    0.36234E-03    0.17459E+04
    0.36598E-03    0.17629E+04
    0.36966E-03    0.17799E+04
    0.37338E-03    0.17972E+04
    0.37713E-03    0.18146E+04
    0.38092E-03    0.18321E+04
    0.38475E-03    0.18499E+04
    0.38861E-03    0.18678E+04
    0.39252E-03    0.18858E+04
    0.39646E-03    0.19041E+04
    0.40045E-03    0.19225E+04
    0.40447E-03    0.19411E+04
    0.40854E-03    0.19599E+04
    0.41264E-03    0.19788E+04
    0.41679E-03    0.19980E+04
    0.42098E-03    0.20173E+04
    0.42521E-03    0.20368E+04
    0.42948E-03    0.20564E+04
    0.43380E-03    0.20763E+04
    0.43816E-03    0.20964E+04
    0.44256E-03    0.21166E+04
    0.44701E-03    0.21371E+04
    0.45150E-03    0.21577E+04
    0.45604E-03    0.21785E+04
    0.46063E-03    0.21995E+04
    0.46525E-03    0.22208E+04
    0.46993E-03    0.22422E+04
    0.47465E-03    0.22638E+04
    0.47942E-03    0.22856E+04
    0.48424E-03    0.23077E+04
    0.48911E-03    0.23299E+04
    0.49402E-03    0.23524E+04
    0.49899E-03    0.23750E+04
    0.50400E-03    0.23979E+04
    0.50907E-03    0.24210E+04
    0.51419E-03    0.24443E+04
    0.51935E-03    0.24678E+04
    0.52457E-03    0.24916E+04
    0.52985E-03    0.25155E+04
    0.53517E-03    0.25397E+04
    0.54055E-03    0.25641E+04
    0.54598E-03    0.25888E+04
    0.55147E-03    0.26137E+04
    0.55701E-03    0.26388E+04
    0.56261E-03    0.26641E+04
    0.56826E-03    0.26897E+04
    0.57397E-03    0.27155E+04
    0.57974E-03    0.27416E+04
    0.58557E-03    0.27679E+04
    0.59145E-03    0.27944E+04
    0.59740E-03    0.28212E+04
    0.60340E-03    0.28483E+04
    0.60947E-03    0.28756E+04
    0.61559E-03    0.29031E+04
    0.62178E-03    0.29309E+04
    0.62803E-03    0.29590E+04
    0.63434E-03    0.29873E+04
    0.64072E-03    0.30159E+04
    0.64715E-03    0.30447E+04
    0.65366E-03    0.30739E+04
    0.66023E-03    0.31032E+04
    0.66686E-03    0.31329E+04
    0.67357E-03    0.31628E+04
    0.68033E-03    0.31930E+04
    0.68717E-03    0.32235E+04
    0.69408E-03    0.32543E+04
    0.70105E-03    0.32853E+04
    0.70810E-03    0.33166E+04
    0.71522E-03    0.33482E+04
    0.72240E-03    0.33801E+04
    0.72966E-03    0.34123E+04
    0.73700E-03    0.34448E+04
    0.74440E-03    0.34776E+04
    0.75189E-03    0.35107E+04
    0.75944E-03    0.35440E+04
    0.76708E-03    0.35777E+04
    0.77478E-03    0.36117E+04
    0.78257E-03    0.36460E+04
    0.79044E-03    0.36806E+04
    0.79838E-03    0.37156E+04
    0.80640E-03    0.37508E+04
    0.81451E-03    0.37864E+04
    0.82269E-03    0.38222E+04
    0.83096E-03    0.38584E+04
    0.83931E-03    0.38950E+04
    0.84775E-03    0.39318E+04
    0.85627E-03    0.39690E+04
    0.86488E-03    0.40065E+04
    0.87357E-03    0.40444E+04
    0.88235E-03    0.40826E+04
    0.89121E-03    0.41211E+04
    0.90017E-03    0.41600E+04
    0.90922E-03    0.41992E+04
    0.91836E-03    0.42388E+04
    0.92759E-03    0.42787E+04
    0.93691E-03    0.43190E+04
    0.94632E-03    0.43596E+04
    0.95583E-03    0.44006E+04
    0.96544E-03    0.44420E+04
    0.97514E-03    0.44837E+04
    0.98494E-03    0.45258E+04
    0.99484E-03    0.45682E+04
    0.10048E-02    0.46111E+04
    0.10149E-02    0.46543E+04
    0.10251E-02    0.46979E+04
    0.10354E-02    0.47418E+04
    0.10458E-02    0.47862E+04
    0.10564E-02    0.48309E+04
    0.10670E-02    0.48761E+04
    0.10777E-02    0.49216E+04
    0.10885E-02    0.49675E+04
    0.10995E-02    0.50138E+04
    0.11105E-02    0.50605E+04
    0.11217E-02    0.51076E+04
    0.11330E-02    0.51552E+04
    0.11443E-02    0.52031E+04
    0.11558E-02    0.52514E+04
    0.11675E-02    0.53002E+04
    0.11792E-02    0.53494E+04
    0.11910E-02    0.53989E+04
    0.12030E-02    0.54490E+04
    0.12151E-02    0.54994E+04
    0.12273E-02    0.55503E+04
    0.12397E-02    0.56016E+04
    0.12521E-02    0.56533E+04
    0.12647E-02    0.57054E+04
    0.12774E-02    0.57580E+04
    0.12902E-02    0.58111E+04
    0.13032E-02    0.58646E+04
    0.13163E-02    0.59185E+04
    0.13295E-02    0.59729E+04
    0.13429E-02    0.60277E+04
    0.13564E-02    0.60830E+04
    0.13700E-02    0.61388E+04
    0.13838E-02    0.61950E+04
    0.13977E-02    0.62516E+04
    0.14117E-02    0.63088E+04
    0.14259E-02    0.63664E+04
    0.14403E-02    0.64244E+04
    0.14547E-02    0.64830E+04
    0.14694E-02    0.65420E+04
    0.14841E-02    0.66015E+04
    0.14990E-02    0.66615E+04
    0.15141E-02    0.67220E+04
    0.15293E-02    0.67829E+04
    0.15447E-02    0.68444E+04
    0.15602E-02    0.69063E+04
    0.15759E-02    0.69687E+04
    0.15917E-02    0.70316E+04
    0.16077E-02    0.70951E+04
    0.16239E-02    0.71590E+04
    0.16402E-02    0.72234E+04
    0.16567E-02    0.72883E+04
    0.16734E-02    0.73538E+04
    0.16902E-02    0.74197E+04
    0.17072E-02    0.74862E+04
    0.17243E-02    0.75532E+04
    0.17416E-02    0.76206E+04
    0.17591E-02    0.76887E+04
    0.17768E-02    0.77572E+04
    0.17947E-02    0.78262E+04
    0.18127E-02    0.78958E+04
    0.18309E-02    0.79659E+04
    0.18493E-02    0.80366E+04
    0.18679E-02    0.81078E+04
    0.18867E-02    0.81795E+04
    0.19057E-02    0.82517E+04
    0.19248E-02    0.83245E+04
    0.19442E-02    0.83978E+04
    0.19637E-02    0.84717E+04
    0.19834E-02    0.85461E+04
    0.20034E-02    0.86210E+04
    0.20235E-02    0.86965E+04
    0.20438E-02    0.87726E+04
    0.20644E-02    0.88491E+04
    0.20851E-02    0.89263E+04
    0.21061E-02    0.90040E+04
    0.21272E-02    0.90822E+04
    0.21486E-02    0.91610E+04
    0.21702E-02    0.92404E+04
    0.21920E-02    0.93203E+04
    0.22141E-02    0.94008E+04
    0.22363E-02    0.94818E+04
    0.22588E-02    0.95634E+04
    0.22815E-02    0.96456E+04
    0.23044E-02    0.97283E+04
    0.23276E-02    0.98115E+04
    0.23510E-02    0.98954E+04
    0.23746E-02    0.99798E+04
    0.23985E-02    0.10065E+05
    0.24226E-02    0.10150E+05
    0.24469E-02    0.10236E+05
    0.24715E-02    0.10323E+05
    0.24964E-02    0.10410E+05
    0.25214E-02    0.10498E+05
    0.25468E-02    0.10587E+05
    0.25724E-02    0.10675E+05
    0.25982E-02    0.10765E+05
    0.26243E-02    0.10855E+05
    0.26507E-02    0.10946E+05
    0.26774E-02    0.11037E+05
    0.27043E-02    0.11129E+05
    0.27314E-02    0.11221E+05
    0.27589E-02    0.11314E+05
    0.27866E-02    0.11407E+05
    0.28146E-02    0.11501E+05
    0.28429E-02    0.11596E+05
    0.28715E-02    0.11691E+05
    0.29003E-02    0.11787E+05
    0.29295E-02    0.11883E+05
    0.29589E-02    0.11980E+05
    0.29887E-02    0.12077E+05
    0.30187E-02    0.12175E+05
    0.30490E-02    0.12274E+05
    0.30797E-02    0.12373E+05
    0.31106E-02    0.12472E+05
    0.31419E-02    0.12572E+05
    0.31735E-02    0.12673E+05
    0.32054E-02    0.12774E+05
    0.32376E-02    0.12876E+05
    0.32701E-02    0.12978E+05
    0.33030E-02    0.13081E+05
    0.33362E-02    0.13185E+05
    0.33697E-02    0.13289E+05
    0.34036E-02    0.13393E+05
    0.34378E-02    0.13498E+05
    0.34723E-02    0.13603E+05
    0.35072E-02    0.13709E+05
    0.35425E-02    0.13816E+05
    0.35781E-02    0.13923E+05
    0.36141E-02    0.14030E+05
    0.36504E-02    0.14138E+05
    0.36871E-02    0.14247E+05
    0.37241E-02    0.14356E+05
    0.37615E-02    0.14465E+05
    0.37993E-02    0.14575E+05
    0.38375E-02    0.14685E+05
    0.38761E-02    0.14796E+05
    0.39151E-02    0.14908E+05
    0.39544E-02    0.15019E+05
    0.39941E-02    0.15132E+05
    0.40343E-02    0.15244E+05
    0.40748E-02    0.15357E+05
    0.41158E-02    0.15471E+05
    0.41571E-02    0.15585E+05
    0.41989E-02    0.15699E+05
    0.42411E-02    0.15814E+05
    0.42838E-02    0.15929E+05
    0.43268E-02    0.16045E+05
    0.43703E-02    0.16161E+05
    0.44142E-02    0.16277E+05
    0.44586E-02    0.16394E+05
    0.45034E-02    0.16511E+05
    0.45486E-02    0.16629E+05
    0.45944E-02    0.16746E+05
    0.46405E-02    0.16864E+05
    0.46872E-02    0.16983E+05
    0.47343E-02    0.17102E+05
    0.47819E-02    0.17221E+05
    0.48299E-02    0.17340E+05
    0.48785E-02    0.17460E+05
    0.49275E-02    0.17580E+05
    0.49770E-02    0.17700E+05
    0.50270E-02    0.17820E+05
    0.50776E-02    0.17941E+05
    0.51286E-02    0.18062E+05
    0.51801E-02    0.18183E+05
    0.52322E-02    0.18305E+05
    0.52848E-02    0.18426E+05
    0.53379E-02    0.18548E+05
    0.53915E-02    0.18670E+05
    0.54457E-02    0.18792E+05
    0.55004E-02    0.18914E+05
    0.55557E-02    0.19036E+05
    0.56116E-02    0.19159E+05
    0.56680E-02    0.19281E+05
    0.57249E-02    0.19404E+05
    0.57825E-02    0.19527E+05
    0.58406E-02    0.19649E+05
    0.58993E-02    0.19772E+05
    0.59586E-02    0.19895E+05
    0.60184E-02    0.20018E+05
    0.60789E-02    0.20141E+05
    0.61400E-02    0.20264E+05
    0.62017E-02    0.20386E+05
    0.62641E-02    0.20509E+05
    0.63270E-02    0.20632E+05
    0.63906E-02    0.20754E+05
    0.64548E-02    0.20877E+05
    0.65197E-02    0.20999E+05
    0.65852E-02    0.21121E+05
    0.66514E-02    0.21243E+05
    0.67183E-02    0.21365E+05
    0.67858E-02    0.21486E+05
    0.68540E-02    0.21608E+05
    0.69229E-02    0.21729E+05
    0.69924E-02    0.21850E+05
    0.70627E-02    0.21970E+05
    0.71337E-02    0.22090E+05
    0.72054E-02    0.22210E+05
    0.72778E-02    0.22330E+05
    0.73510E-02    0.22449E+05
    0.74248E-02    0.22568E+05
    0.74994E-02    0.22686E+05
    0.75748E-02    0.22804E+05
    0.76509E-02    0.22921E+05
    0.77278E-02    0.23038E+05
    0.78055E-02    0.23154E+05
    0.78840E-02    0.23270E+05
    0.79632E-02    0.23385E+05
    0.80432E-02    0.23500E+05
    0.81241E-02    0.23614E+05
    0.82057E-02    0.23727E+05
    0.82882E-02    0.23840E+05
    0.83715E-02    0.23951E+05
    0.84556E-02    0.24063E+05
    0.85406E-02    0.24173E+05
    0.86264E-02    0.24283E+05
    0.87131E-02    0.24391E+05
    0.88007E-02    0.24499E+05
    0.88891E-02    0.24606E+05
    0.89785E-02    0.24712E+05
    0.90687E-02    0.24818E+05
    0.91598E-02    0.24922E+05
    0.92519E-02    0.25025E+05
    0.93449E-02    0.25127E+05
    0.94388E-02    0.25228E+05
    0.95337E-02    0.25328E+05
    0.96295E-02    0.25427E+05
    0.97263E-02    0.25525E+05
    0.98240E-02    0.25621E+05
    0.99227E-02    0.25716E+05
    0.10022E-01    0.25810E+05
    0.10123E-01    0.25903E+05
    0.10225E-01    0.25994E+05
    0.10328E-01    0.26084E+05
    0.10431E-01    0.26173E+05
    0.10536E-01    0.26260E+05
    0.10642E-01    0.26345E+05
    0.10749E-01    0.26430E+05
    0.10857E-01    0.26512E+05
    0.10966E-01    0.26593E+05
    0.11077E-01    0.26672E+05
    0.11188E-01    0.26750E+05
    0.11300E-01    0.26826E+05
    0.11414E-01    0.26900E+05
    0.11529E-01    0.26972E+05
    0.11644E-01    0.27043E+05
    0.11761E-01    0.27111E+05
    0.11880E-01    0.27178E+05
    0.11999E-01    0.27243E+05
    0.12120E-01    0.27306E+05
    0.12241E-01    0.27367E+05
    0.12365E-01    0.27426E+05
    0.12489E-01    0.27483E+05
    0.12614E-01    0.27538E+05
    0.12741E-01    0.27591E+05
    0.12869E-01    0.27642E+05
    0.12998E-01    0.27691E+05
    0.13129E-01    0.27737E+05
    0.13261E-01    0.27781E+05
    0.13394E-01    0.27822E+05
    0.13529E-01    0.27861E+05
    0.13665E-01    0.27896E+05
    0.13802E-01    0.27929E+05
    0.13941E-01    0.27959E+05
    0.14081E-01    0.27986E+05
    0.14223E-01    0.28011E+05
    0.14366E-01    0.28032E+05
    0.14510E-01    0.28051E+05
    0.14656E-01    0.28068E+05
    0.14803E-01    0.28083E+05
    0.14952E-01    0.28097E+05
    0.15102E-01    0.28108E+05
    0.15254E-01    0.28119E+05
    0.15407E-01    0.28128E+05
    0.15562E-01    0.28136E+05
    0.15718E-01    0.28143E+05
    0.15876E-01    0.28148E+05
    0.16036E-01    0.28150E+05
    0.16197E-01    0.28150E+05
    0.16360E-01    0.28146E+05
    0.16524E-01    0.28139E+05
    0.16690E-01    0.28128E+05
    0.16858E-01    0.28113E+05
    0.17028E-01    0.28093E+05
    0.17199E-01    0.28068E+05
    0.17371E-01    0.28038E+05
    0.17546E-01    0.28004E+05
    0.17722E-01    0.27966E+05
    0.17901E-01    0.27924E+05
    0.18080E-01    0.27878E+05
    0.18262E-01    0.27829E+05
    0.18446E-01    0.27777E+05
    0.18631E-01    0.27722E+05
    0.18818E-01    0.27664E+05
    0.19007E-01    0.27603E+05
    0.19198E-01    0.27540E+05
    0.19391E-01    0.27473E+05
    0.19586E-01    0.27403E+05
    0.19783E-01    0.27330E+05
    0.19982E-01    0.27252E+05
    0.20183E-01    0.27170E+05
    0.20386E-01    0.27084E+05
    0.20590E-01    0.26993E+05
    0.20797E-01    0.26897E+05
    0.21006E-01    0.26797E+05
    0.21218E-01    0.26692E+05
    0.21431E-01    0.26583E+05
    0.21646E-01    0.26470E+05
    0.21864E-01    0.26353E+05
    0.22083E-01    0.26233E+05
    0.22305E-01    0.26110E+05
    0.22530E-01    0.25984E+05
    0.22756E-01    0.25856E+05
    0.22985E-01    0.25726E+05
    0.23216E-01    0.25594E+05
    0.23449E-01    0.25460E+05
    0.23685E-01    0.25323E+05
    0.23923E-01    0.25184E+05
    0.24163E-01    0.25044E+05
    0.24406E-01    0.24901E+05
    0.24651E-01    0.24756E+05
    0.24899E-01    0.24609E+05
    0.25149E-01    0.24460E+05
    0.25402E-01    0.24308E+05
    0.25657E-01    0.24155E+05
    0.25915E-01    0.23999E+05
    0.26176E-01    0.23841E+05
    0.26439E-01    0.23681E+05
    0.26704E-01    0.23518E+05
    0.26973E-01    0.23353E+05
    0.27244E-01    0.23186E+05
    0.27518E-01    0.23016E+05
    0.27794E-01    0.22844E+05
    0.28074E-01    0.22669E+05
    0.28356E-01    0.22492E+05
    0.28641E-01    0.22313E+05
    0.28929E-01    0.22132E+05
    0.29219E-01    0.21949E+05
    0.29513E-01    0.21764E+05
    0.29810E-01    0.21578E+05
    0.30109E-01    0.21390E+05
    0.30412E-01    0.21202E+05
    0.30717E-01    0.21012E+05
    0.31026E-01    0.20821E+05
    0.31338E-01    0.20629E+05
    0.31653E-01    0.20437E+05
    0.31971E-01    0.20244E+05
    0.32292E-01    0.20051E+05
    0.32617E-01    0.19858E+05
    0.32945E-01    0.19666E+05
    0.33276E-01    0.19473E+05
    0.33610E-01    0.19282E+05
    0.33948E-01    0.19091E+05
    0.34289E-01    0.18900E+05
    0.34634E-01    0.18711E+05
    0.34982E-01    0.18523E+05
    0.35333E-01    0.18336E+05
    0.35689E-01    0.18151E+05
    0.36047E-01    0.17966E+05
    0.36409E-01    0.17784E+05
    0.36775E-01    0.17602E+05
    0.37145E-01    0.17423E+05
    0.37518E-01    0.17245E+05
    0.37895E-01    0.17069E+05
    0.38276E-01    0.16895E+05
    0.38661E-01    0.16723E+05
    0.39049E-01    0.16553E+05
    0.39442E-01    0.16385E+05
    0.39838E-01    0.16219E+05
    0.40239E-01    0.16055E+05
    0.40643E-01    0.15894E+05
    0.41052E-01    0.15735E+05
    0.41464E-01    0.15579E+05
    0.41881E-01    0.15425E+05
    0.42302E-01    0.15273E+05
    0.42727E-01    0.15124E+05
    0.43156E-01    0.14979E+05
    0.43590E-01    0.14836E+05
    0.44028E-01    0.14696E+05
    0.44471E-01    0.14560E+05
    0.44918E-01    0.14427E+05
    0.45369E-01    0.14297E+05
    0.45825E-01    0.14171E+05
    0.46286E-01    0.14049E+05
    0.46751E-01    0.13930E+05
    0.47221E-01    0.13814E+05
    0.47695E-01    0.13701E+05
    0.48174E-01    0.13592E+05
    0.48659E-01    0.13485E+05
    0.49148E-01    0.13380E+05
    0.49642E-01    0.13278E+05
    0.50141E-01    0.13179E+05
    0.50644E-01    0.13081E+05
    0.51153E-01    0.12986E+05
    0.51668E-01    0.12893E+05
    0.52187E-01    0.12802E+05
    0.52711E-01    0.12713E+05
    0.53241E-01    0.12626E+05
    0.53776E-01    0.12540E+05
    0.54317E-01    0.12456E+05
    0.54862E-01    0.12373E+05
    0.55414E-01    0.12291E+05
    0.55971E-01    0.12210E+05
    0.56533E-01    0.12130E+05
    0.57101E-01    0.12050E+05
    0.57675E-01    0.11970E+05
    0.58255E-01    0.11890E+05
    0.58840E-01    0.11810E+05
    0.59432E-01    0.11729E+05
    0.60029E-01    0.11648E+05
    0.60632E-01    0.11567E+05
    0.61242E-01    0.11484E+05
    0.61857E-01    0.11400E+05
    0.62479E-01    0.11315E+05
    0.63107E-01    0.11228E+05
    0.63741E-01    0.11140E+05
    0.64382E-01    0.11049E+05
    0.65029E-01    0.10956E+05
    0.65682E-01    0.10860E+05
    0.66342E-01    0.10761E+05
    0.67009E-01    0.10659E+05
    0.67683E-01    0.10554E+05
    0.68363E-01    0.10446E+05
    0.69050E-01    0.10337E+05
    0.69744E-01    0.10226E+05
    0.70445E-01    0.10113E+05
    0.71153E-01    0.99999E+04
    0.71868E-01    0.98844E+04
    0.72590E-01    0.97663E+04
    0.73320E-01    0.96448E+04
    0.74057E-01    0.95192E+04
    0.74801E-01    0.93890E+04
    0.75553E-01    0.92542E+04
    0.76312E-01    0.91155E+04
    0.77079E-01    0.89738E+04
    0.77854E-01    0.88298E+04
    0.78636E-01    0.86842E+04
    0.79426E-01    0.85376E+04
    0.80225E-01    0.83902E+04
    0.81031E-01    0.82424E+04
    0.81845E-01    0.80943E+04
    0.82668E-01    0.79462E+04
    0.83499E-01    0.77982E+04
    0.84338E-01    0.76507E+04
    0.85185E-01    0.75043E+04
    0.86041E-01    0.73593E+04
    0.86906E-01    0.72161E+04
    0.87780E-01    0.70751E+04
    0.88662E-01    0.69367E+04
    0.89553E-01    0.68012E+04
    0.90453E-01    0.66690E+04
    0.91362E-01    0.65404E+04
    0.92280E-01    0.64158E+04
    0.93208E-01    0.62953E+04
    0.94144E-01    0.61793E+04
    0.95091E-01    0.60679E+04
    0.96046E-01    0.59614E+04
    0.97011E-01    0.58598E+04
    0.97986E-01    0.57635E+04
    0.98971E-01    0.56723E+04
    0.99966E-01    0.55862E+04
    0.10097E+00    0.55052E+04
    0.10199E+00    0.54291E+04
    0.10301E+00    0.53580E+04
    0.10405E+00    0.52915E+04
    0.10509E+00    0.52294E+04
    0.10615E+00    0.51712E+04
    0.10721E+00    0.51168E+04
    0.10829E+00    0.50659E+04
    0.10938E+00    0.50179E+04
    0.11048E+00    0.49725E+04
    0.11159E+00    0.49291E+04
    0.11271E+00    0.48873E+04
    0.11384E+00    0.48467E+04
    0.11499E+00    0.48068E+04
    0.11614E+00    0.47669E+04
    0.11731E+00    0.47268E+04
    0.11849E+00    0.46858E+04
    0.11968E+00    0.46435E+04
    0.12088E+00    0.45994E+04
    0.12210E+00    0.45533E+04
    0.12333E+00    0.45046E+04
    0.12457E+00    0.44531E+04
    0.12582E+00    0.43986E+04
    0.12708E+00    0.43409E+04
    0.12836E+00    0.42800E+04
    0.12965E+00    0.42158E+04
    0.13095E+00    0.41485E+04
    0.13227E+00    0.40782E+04
    0.13360E+00    0.40052E+04
    0.13494E+00    0.39297E+04
    0.13630E+00    0.38522E+04
    0.13767E+00    0.37730E+04
    0.13905E+00    0.36926E+04
    0.14045E+00    0.36113E+04
    0.14186E+00    0.35298E+04
    0.14328E+00    0.34484E+04
    0.14472E+00    0.33678E+04
    0.14618E+00    0.32883E+04
    0.14765E+00    0.32107E+04
    0.14913E+00    0.31355E+04
    0.15063E+00    0.30630E+04
    0.15214E+00    0.29938E+04
    0.15367E+00    0.29283E+04
    0.15522E+00    0.28668E+04
    0.15678E+00    0.28095E+04
    0.15835E+00    0.27564E+04
    0.15994E+00    0.27076E+04
    0.16155E+00    0.26629E+04
    0.16318E+00    0.26221E+04
    0.16482E+00    0.25847E+04
    0.16647E+00    0.25505E+04
    0.16815E+00    0.25189E+04
    0.16984E+00    0.24896E+04
    0.17154E+00    0.24620E+04
    0.17327E+00    0.24356E+04
    0.17501E+00    0.24101E+04
    0.17677E+00    0.23849E+04
    0.17854E+00    0.23595E+04
    0.18034E+00    0.23333E+04
    0.18215E+00    0.23060E+04
    0.18398E+00    0.22771E+04
    0.18583E+00    0.22462E+04
    0.18770E+00    0.22131E+04
    0.18958E+00    0.21776E+04
    0.19149E+00    0.21397E+04
    0.19341E+00    0.20997E+04
    0.19536E+00    0.20577E+04
    0.19732E+00    0.20142E+04
    0.19930E+00    0.19697E+04
    0.20131E+00    0.19245E+04
    0.20333E+00    0.18792E+04
    0.20537E+00    0.18343E+04
    0.20744E+00    0.17902E+04
    0.20952E+00    0.17473E+04
    0.21163E+00    0.17061E+04
    0.21375E+00    0.16669E+04
    0.21590E+00    0.16299E+04
    0.21807E+00    0.15953E+04
    0.22026E+00    0.15634E+04
    0.22248E+00    0.15340E+04
    0.22471E+00    0.15072E+04
    0.22697E+00    0.14826E+04
    0.22925E+00    0.14599E+04
    0.23156E+00    0.14389E+04
    0.23388E+00    0.14191E+04
    0.23624E+00    0.14000E+04
    0.23861E+00    0.13812E+04
    0.24101E+00    0.13623E+04
    0.24343E+00    0.13430E+04
    0.24588E+00    0.13229E+04
    0.24835E+00    0.13017E+04
    0.25084E+00    0.12794E+04
    0.25336E+00    0.12558E+04
    0.25591E+00    0.12312E+04
    0.25848E+00    0.12057E+04
    0.26108E+00    0.11796E+04
    0.26370E+00    0.11531E+04
    0.26635E+00    0.11266E+04
    0.26903E+00    0.11005E+04
    0.27174E+00    0.10750E+04
    0.27447E+00    0.10505E+04
    0.27722E+00    0.10271E+04
    0.28001E+00    0.10051E+04
    0.28283E+00    0.98448E+03
    0.28567E+00    0.96531E+03
    0.28854E+00    0.94749E+03
    0.29144E+00    0.93085E+03
    0.29437E+00    0.91514E+03
    0.29733E+00    0.90011E+03
    0.30031E+00    0.88545E+03
    0.30333E+00    0.87091E+03
    0.30638E+00    0.85626E+03
    0.30946E+00    0.84133E+03
    0.31257E+00    0.82599E+03
    0.31571E+00    0.81020E+03
    0.31888E+00    0.79397E+03
    0.32209E+00    0.77739E+03
    0.32533E+00    0.76060E+03
    0.32860E+00    0.74380E+03
    0.33190E+00    0.72723E+03
    0.33523E+00    0.71108E+03
    0.33860E+00    0.69551E+03
    0.34201E+00    0.68061E+03
    0.34544E+00    0.66644E+03
    0.34892E+00    0.65298E+03
    0.35242E+00    0.64021E+03
    0.35596E+00    0.62805E+03
    0.35954E+00    0.61638E+03
    0.36316E+00    0.60503E+03
    0.36680E+00    0.59386E+03
    0.37049E+00    0.58271E+03
    0.37421E+00    0.57149E+03
    0.37798E+00    0.56018E+03
    0.38177E+00    0.54877E+03
    0.38561E+00    0.53729E+03
    0.38949E+00    0.52583E+03
    0.39340E+00    0.51446E+03
    0.39735E+00    0.50329E+03
    0.40135E+00    0.49242E+03
    0.40538E+00    0.48191E+03
    0.40946E+00    0.47180E+03
    0.41357E+00    0.46208E+03
    0.41773E+00    0.45271E+03
    0.42193E+00    0.44366E+03
    0.42617E+00    0.43486E+03
    0.43045E+00    0.42622E+03
    0.43478E+00    0.41769E+03
    0.43914E+00    0.40920E+03
    0.44356E+00    0.40076E+03
    0.44802E+00    0.39235E+03
    0.45252E+00    0.38402E+03
    0.45707E+00    0.37578E+03
    0.46166E+00    0.36770E+03
    0.46630E+00    0.35981E+03
    0.47099E+00    0.35214E+03
    0.47572E+00    0.34471E+03
    0.48050E+00    0.33748E+03
    0.48533E+00    0.33046E+03
    0.49021E+00    0.32361E+03
    0.49513E+00    0.31690E+03
    0.50011E+00    0.31030E+03
    0.50514E+00    0.30377E+03
    0.51021E+00    0.29733E+03
    0.51534E+00    0.29098E+03
    0.52052E+00    0.28473E+03
    0.52575E+00    0.27859E+03
    0.53104E+00    0.27259E+03
    0.53637E+00    0.26673E+03
    0.54176E+00    0.26103E+03
    0.54721E+00    0.25545E+03
    0.55271E+00    0.25001E+03
    0.55826E+00    0.24470E+03
    0.56387E+00    0.23948E+03
    0.56954E+00    0.23434E+03
    0.57526E+00    0.22929E+03
    0.58105E+00    0.22433E+03
    0.58689E+00    0.21946E+03
    0.59278E+00    0.21469E+03
    0.59874E+00    0.21003E+03
    0.60476E+00    0.20547E+03
    0.61084E+00    0.20102E+03
    0.61698E+00    0.19666E+03
    0.62318E+00    0.19239E+03
    0.62944E+00    0.18821E+03
    0.63577E+00    0.18412E+03
    0.64215E+00    0.18011E+03
    0.64861E+00    0.17619E+03
    0.65513E+00    0.17234E+03
    0.66171E+00    0.16857E+03
    0.66836E+00    0.16488E+03
    0.67508E+00    0.16126E+03
    0.68186E+00    0.15772E+03
    0.68872E+00    0.15426E+03
    0.69564E+00    0.15086E+03
    0.70263E+00    0.14753E+03
    0.70969E+00    0.14428E+03
    0.71682E+00    0.14109E+03
    0.72403E+00    0.13797E+03
    0.73130E+00    0.13491E+03
    0.73865E+00    0.13192E+03
    0.74608E+00    0.12899E+03
    0.75358E+00    0.12612E+03
    0.76115E+00    0.12332E+03
    0.76880E+00    0.12057E+03
    0.77653E+00    0.11788E+03
    0.78433E+00    0.11525E+03
    0.79221E+00    0.11267E+03
    0.80017E+00    0.11015E+03
    0.80822E+00    0.10768E+03
    0.81634E+00    0.10527E+03
    0.82454E+00    0.10290E+03
    0.83283E+00    0.10059E+03
    0.84120E+00    0.98328E+02
    0.84965E+00    0.96114E+02
    0.85819E+00    0.93948E+02
    0.86682E+00    0.91829E+02
    0.87553E+00    0.89756E+02
    0.88433E+00    0.87728E+02
    0.89322E+00    0.85744E+02
    0.90219E+00    0.83803E+02
    0.91126E+00    0.81905E+02
    0.92042E+00    0.80048E+02
    0.92967E+00    0.78231E+02
    0.93901E+00    0.76454E+02
    0.94845E+00    0.74716E+02
    0.95798E+00    0.73016E+02
    0.96761E+00    0.71354E+02
    0.97734E+00    0.69728E+02
    0.98716E+00    0.68137E+02
    0.99708E+00    0.66582E+02
    0.10071E+01    0.65060E+02
    0.10172E+01    0.63572E+02
    0.10274E+01    0.62117E+02
    0.10378E+01    0.60695E+02
    0.10482E+01    0.59303E+02
    0.10587E+01    0.57942E+02
    0.10694E+01    0.56612E+02
    0.10801E+01    0.55311E+02
    0.10910E+01    0.54038E+02
    0.11019E+01    0.52794E+02
    0.11130E+01    0.51578E+02
    0.11242E+01    0.50388E+02
    0.11355E+01    0.49225E+02
    0.11469E+01    0.48088E+02
    0.11584E+01    0.46977E+02
    0.11701E+01    0.45890E+02
    0.11818E+01    0.44827E+02
    0.11937E+01    0.43788E+02
    0.12057E+01    0.42772E+02
    0.12178E+01    0.41780E+02
    0.12301E+01    0.40809E+02
    0.12424E+01    0.39860E+02
    0.12549E+01    0.38932E+02
    0.12675E+01    0.38026E+02
    0.12803E+01    0.37139E+02
    0.12931E+01    0.36273E+02
    0.13061E+01    0.35426E+02
    0.13193E+01    0.34599E+02
    0.13325E+01    0.33790E+02
    0.13459E+01    0.32999E+02
    0.13594E+01    0.32226E+02
    0.13731E+01    0.31471E+02
    0.13869E+01    0.30733E+02
    0.14008E+01    0.30011E+02
    0.14149E+01    0.29306E+02
    0.14291E+01    0.28617E+02
    0.14435E+01    0.27944E+02
    0.14580E+01    0.27286E+02
    0.14727E+01    0.26643E+02
    0.14875E+01    0.26015E+02
    0.15024E+01    0.25401E+02
    0.15175E+01    0.24802E+02
    0.15328E+01    0.24216E+02
    0.15482E+01    0.23643E+02
    0.15637E+01    0.23083E+02
    0.15794E+01    0.22537E+02
    0.15953E+01    0.22003E+02
    0.16114E+01    0.21481E+02
    0.16275E+01    0.20971E+02
    0.16439E+01    0.20473E+02
    0.16604E+01    0.19987E+02
    0.16771E+01    0.19512E+02
    0.16940E+01    0.19047E+02
    0.17110E+01    0.18594E+02
    0.17282E+01    0.18151E+02
    0.17456E+01    0.17718E+02
    0.17631E+01    0.17296E+02
    0.17808E+01    0.16883E+02
    0.17987E+01    0.16479E+02
    0.18168E+01    0.16085E+02
    0.18351E+01    0.15701E+02
    0.18535E+01    0.15325E+02
    0.18721E+01    0.14958E+02
    0.18909E+01    0.14599E+02
    0.19099E+01    0.14249E+02
    0.19291E+01    0.13908E+02
    0.19485E+01    0.13574E+02
    0.19681E+01    0.13247E+02
    0.19879E+01    0.12929E+02
    0.20079E+01    0.12618E+02
    0.20280E+01    0.12314E+02
    0.20484E+01    0.12018E+02
    0.20690E+01    0.11728E+02
    0.20898E+01    0.11445E+02
    0.21108E+01    0.11169E+02
    0.21320E+01    0.10900E+02
    0.21535E+01    0.10636E+02
    0.21751E+01    0.10379E+02
    0.21970E+01    0.10128E+02
    0.22190E+01    0.98830E+01
    0.22413E+01    0.96437E+01
    0.22639E+01    0.94100E+01
    0.22866E+01    0.91819E+01
    0.23096E+01    0.89592E+01
    0.23328E+01    0.87417E+01
    0.23563E+01    0.85294E+01
    0.23799E+01    0.83222E+01
    0.24039E+01    0.81198E+01
    0.24280E+01    0.79223E+01
    0.24524E+01    0.77295E+01
    0.24771E+01    0.75412E+01
    0.25020E+01    0.73575E+01
    0.25271E+01    0.71781E+01
    0.25525E+01    0.70030E+01
    0.25782E+01    0.68321E+01
    0.26041E+01    0.66652E+01
    0.26302E+01    0.65023E+01
    0.26567E+01    0.63434E+01
    0.26834E+01    0.61882E+01
    0.27103E+01    0.60367E+01
    0.27376E+01    0.58889E+01
    0.27651E+01    0.57446E+01
    0.27929E+01    0.56038E+01
    0.28210E+01    0.54664E+01
    0.28493E+01    0.53322E+01
    0.28779E+01    0.52013E+01
    0.29069E+01    0.50735E+01
    0.29361E+01    0.49488E+01
    0.29656E+01    0.48271E+01
    0.29954E+01    0.47084E+01
    0.30255E+01    0.45925E+01
    0.30559E+01    0.44794E+01
    0.30866E+01    0.43690E+01
    0.31176E+01    0.42613E+01
    0.31490E+01    0.41562E+01
    0.31806E+01    0.40536E+01
    0.32126E+01    0.39535E+01
    0.32449E+01    0.38559E+01
    0.32775E+01    0.37606E+01
    0.33104E+01    0.36676E+01
    0.33437E+01    0.35769E+01
    0.33773E+01    0.34883E+01
    0.34112E+01    0.34020E+01
    0.34455E+01    0.33177E+01
    0.34801E+01    0.32354E+01
    0.35151E+01    0.31552E+01
    0.35504E+01    0.30769E+01
    0.35861E+01    0.30006E+01
    0.36222E+01    0.29260E+01
    0.36586E+01    0.28533E+01
    0.36953E+01    0.27824E+01
    0.37325E+01    0.27132E+01
    0.37700E+01    0.26457E+01
    0.38079E+01    0.25799E+01
    0.38462E+01    0.25156E+01
    0.38848E+01    0.24530E+01
    0.39239E+01    0.23918E+01
    0.39633E+01    0.23322E+01
    0.40031E+01    0.22740E+01
    0.40434E+01    0.22172E+01
    0.40840E+01    0.21619E+01
    0.41250E+01    0.21079E+01
    0.41665E+01    0.20552E+01
    0.42084E+01    0.20038E+01
    0.42507E+01    0.19537E+01
    0.42934E+01    0.19048E+01
    0.43365E+01    0.18571E+01
    0.43801E+01    0.18106E+01
    0.44241E+01    0.17652E+01
    0.44686E+01    0.17210E+01
    0.45135E+01    0.16778E+01
    0.45589E+01    0.16357E+01
    0.46047E+01    0.15947E+01
    0.46510E+01    0.15546E+01
    0.46977E+01    0.15156E+01
    0.47449E+01    0.14775E+01
    0.47926E+01    0.14403E+01
    0.48408E+01    0.14041E+01
    0.48894E+01    0.13688E+01
    0.49386E+01    0.13343E+01
    0.49882E+01    0.13007E+01
    0.50383E+01    0.12679E+01
    0.50890E+01    0.12360E+01
    0.51401E+01    0.12048E+01
    0.51918E+01    0.11744E+01
    0.52439E+01    0.11448E+01
    0.52966E+01    0.11159E+01
    0.53499E+01    0.10877E+01
    0.54036E+01    0.10602E+01
    0.54580E+01    0.10334E+01
    0.55128E+01    0.10073E+01
    0.55682E+01    0.98183E+00
    0.56242E+01    0.95699E+00
    0.56807E+01    0.93276E+00
    0.57378E+01    0.90914E+00
    0.57955E+01    0.88611E+00
    0.58537E+01    0.86365E+00
    0.59125E+01    0.84176E+00
    0.59720E+01    0.82041E+00
    0.60320E+01    0.79959E+00
    0.60926E+01    0.77930E+00
    0.61538E+01    0.75951E+00
    0.62157E+01    0.74022E+00
    0.62781E+01    0.72141E+00
    0.63412E+01    0.70307E+00
    0.64050E+01    0.68520E+00
    0.64693E+01    0.66777E+00
    0.65344E+01    0.65077E+00
    0.66000E+01    0.63421E+00
    0.66664E+01    0.61806E+00
    0.67334E+01    0.60231E+00
    0.68010E+01    0.58696E+00
    0.68694E+01    0.57200E+00
    0.69384E+01    0.55741E+00
    0.70082E+01    0.54319E+00
    0.70786E+01    0.52933E+00
    0.71497E+01    0.51581E+00
    0.72216E+01    0.50264E+00
    0.72942E+01    0.48980E+00
    0.73675E+01    0.47728E+00
    0.74415E+01    0.46508E+00
    0.75163E+01    0.45319E+00
    0.75918E+01    0.44159E+00
    0.76681E+01    0.43029E+00
    0.77452E+01    0.41928E+00
    0.78230E+01    0.40854E+00
    0.79017E+01    0.39807E+00
    0.79811E+01    0.38787E+00
    0.80613E+01    0.37793E+00
    0.81423E+01    0.36824E+00
    0.82241E+01    0.35879E+00
    0.83068E+01    0.34958E+00
    0.83903E+01    0.34061E+00
    0.84746E+01    0.33186E+00
    0.85598E+01    0.32334E+00
    0.86458E+01    0.31503E+00
    0.87327E+01    0.30693E+00
    0.88205E+01    0.29904E+00
    0.89091E+01    0.29135E+00
    0.89986E+01    0.28386E+00
    0.90891E+01    0.27655E+00
    0.91804E+01    0.26943E+00
    0.92727E+01    0.26249E+00
    0.93659E+01    0.25573E+00
    0.94600E+01    0.24914E+00
    0.95551E+01    0.24272E+00
    0.96511E+01    0.23646E+00
    0.97481E+01    0.23036E+00
    0.98461E+01    0.22442E+00
    0.99450E+01    0.21862E+00
    0.10045E+02    0.21298E+00
    0.10146E+02    0.20748E+00
    0.10248E+02    0.20212E+00
    0.10351E+02    0.19689E+00
    0.10455E+02    0.19181E+00
    0.10560E+02    0.18685E+00
    0.10666E+02    0.18201E+00
    0.10773E+02    0.17730E+00
    0.10882E+02    0.17271E+00
    0.10991E+02    0.16824E+00
    0.11101E+02    0.16389E+00
    0.11213E+02    0.15964E+00
    0.11326E+02    0.15550E+00
    0.11440E+02    0.15147E+00
    0.11554E+02    0.14755E+00
    0.11671E+02    0.14372E+00
    0.11788E+02    0.13999E+00
    0.11906E+02    0.13636E+00
    0.12026E+02    0.13282E+00
    0.12147E+02    0.12937E+00
    0.12269E+02    0.12601E+00
    0.12392E+02    0.12273E+00
    0.12517E+02    0.11954E+00
    0.12643E+02    0.11644E+00
    0.12770E+02    0.11341E+00
    0.12898E+02    0.11046E+00
    0.13028E+02    0.10758E+00
    0.13159E+02    0.10478E+00
    0.13291E+02    0.10206E+00
    0.13424E+02    0.99399E-01
    0.13559E+02    0.96810E-01
    0.13696E+02    0.94288E-01
    0.13833E+02    0.91830E-01
    0.13972E+02    0.89436E-01
    0.14113E+02    0.87104E-01
    0.14255E+02    0.84832E-01
    0.14398E+02    0.82618E-01
    0.14542E+02    0.80462E-01
    0.14689E+02    0.78361E-01
    0.14836E+02    0.76315E-01
    0.14985E+02    0.74322E-01
    0.15136E+02    0.72380E-01
    0.15288E+02    0.70488E-01
    0.15442E+02    0.68645E-01
    0.15597E+02    0.66850E-01
    0.15754E+02    0.65102E-01
    0.15912E+02    0.63398E-01
    0.16072E+02    0.61739E-01
    0.16233E+02    0.60123E-01
    0.16397E+02    0.58549E-01
    0.16561E+02    0.57015E-01
    0.16728E+02    0.55521E-01
    0.16896E+02    0.54066E-01
    0.17066E+02    0.52649E-01
    0.17237E+02    0.51269E-01
    0.17411E+02    0.49924E-01
    0.17585E+02    0.48614E-01
    0.17762E+02    0.47339E-01
    0.17941E+02    0.46096E-01
    0.18121E+02    0.44886E-01
    0.18303E+02    0.43707E-01
    0.18487E+02    0.42559E-01
    0.18673E+02    0.41441E-01
    0.18861E+02    0.40352E-01
    0.19050E+02    0.39291E-01
    0.19242E+02    0.38258E-01
    0.19435E+02    0.37251E-01
    0.19630E+02    0.36271E-01
    0.19828E+02    0.35317E-01
    0.20027E+02    0.34387E-01
    0.20228E+02    0.33482E-01
    0.20431E+02    0.32600E-01
    0.20637E+02    0.31741E-01
    0.20844E+02    0.30905E-01
    0.21054E+02    0.30090E-01
    0.21265E+02    0.29297E-01
    0.21479E+02    0.28524E-01
    0.21695E+02    0.27772E-01
    0.21913E+02    0.27039E-01
    0.22133E+02    0.26326E-01
    0.22356E+02    0.25631E-01
    0.22580E+02    0.24954E-01
    0.22807E+02    0.24295E-01
    0.23036E+02    0.23653E-01
    0.23268E+02    0.23028E-01
    0.23502E+02    0.22419E-01
    0.23738E+02    0.21827E-01
    0.23976E+02    0.21249E-01
    0.24217E+02    0.20687E-01
    0.24461E+02    0.20140E-01
    0.24707E+02    0.19607E-01
    0.24955E+02    0.19088E-01
    0.25206E+02    0.18583E-01
    0.25459E+02    0.18091E-01
    0.25715E+02    0.17611E-01
    0.25973E+02    0.17145E-01
    0.26234E+02    0.16690E-01
    0.26498E+02    0.16248E-01
    0.26764E+02    0.15817E-01
    0.27033E+02    0.15397E-01
    0.27305E+02    0.14989E-01
    0.27580E+02    0.14591E-01
    0.27857E+02    0.14204E-01
    0.28137E+02    0.13827E-01
    0.28419E+02    0.13459E-01
    0.28705E+02    0.13102E-01
    0.28994E+02    0.12754E-01
    0.29285E+02    0.12415E-01
    0.29579E+02    0.12085E-01
    0.29877E+02    0.11763E-01
    0.30177E+02    0.11451E-01
    0.30480E+02    0.11146E-01
    0.30786E+02    0.10849E-01
    0.31096E+02    0.10561E-01
    0.31408E+02    0.10279E-01
    0.31724E+02    0.10006E-01
    0.32043E+02    0.97391E-02
    0.32365E+02    0.94796E-02
    0.32690E+02    0.92269E-02
    0.33019E+02    0.89810E-02
    0.33351E+02    0.87415E-02
    0.33686E+02    0.85083E-02
    0.34024E+02    0.82813E-02
    0.34366E+02    0.80603E-02
    0.34712E+02    0.78452E-02
    0.35060E+02    0.76357E-02
    0.35413E+02    0.74318E-02
    0.35769E+02    0.72333E-02
    0.36128E+02    0.70400E-02
    0.36491E+02    0.68518E-02
    0.36858E+02    0.66686E-02
    0.37229E+02    0.64903E-02
    0.37603E+02    0.63167E-02
    0.37981E+02    0.61477E-02
    0.38362E+02    0.59832E-02
    0.38748E+02    0.58230E-02
    0.39137E+02    0.56671E-02
    0.39531E+02    0.55153E-02
    0.39928E+02    0.53675E-02
    0.40329E+02    0.52237E-02
    0.40734E+02    0.50837E-02
    0.41144E+02    0.49474E-02
    0.41557E+02    0.48147E-02
    0.41975E+02    0.46855E-02
    0.42397E+02    0.45598E-02
    0.42823E+02    0.44374E-02
    0.43253E+02    0.43182E-02
    0.43688E+02    0.42022E-02
    0.44127E+02    0.40893E-02
    0.44571E+02    0.39795E-02
    0.45019E+02    0.38725E-02
    0.45471E+02    0.37684E-02
    0.45928E+02    0.36670E-02
    0.46390E+02    0.35684E-02
    0.46856E+02    0.34723E-02
    0.47327E+02    0.33789E-02
    0.47802E+02    0.32879E-02
    0.48283E+02    0.31993E-02
    0.48768E+02    0.31131E-02
    0.49258E+02    0.30292E-02
    0.49753E+02    0.29476E-02
    0.50253E+02    0.28681E-02
    0.50758E+02    0.27907E-02
    0.51268E+02    0.27154E-02
    0.51784E+02    0.26421E-02
    0.52304E+02    0.25708E-02
    0.52830E+02    0.25014E-02
    0.53361E+02    0.24338E-02
    0.53897E+02    0.23680E-02
    0.54439E+02    0.23040E-02
    0.54986E+02    0.22417E-02
    0.55538E+02    0.21810E-02
    0.56097E+02    0.21220E-02
    0.56660E+02    0.20646E-02
    0.57230E+02    0.20087E-02
    0.57805E+02    0.19543E-02
    0.58386E+02    0.19013E-02
    0.58973E+02    0.18498E-02
    0.59565E+02    0.17996E-02
    0.60164E+02    0.17508E-02
    0.60769E+02    0.17033E-02
    0.61379E+02    0.16571E-02
    0.61996E+02    0.16121E-02
    0.62619E+02    0.15683E-02
    0.63249E+02    0.15257E-02
    0.63884E+02    0.14842E-02
    0.64526E+02    0.14439E-02
    0.65175E+02    0.14046E-02
    0.65830E+02    0.13664E-02
    0.66492E+02    0.13292E-02
    0.67160E+02    0.12930E-02
    0.67835E+02    0.12578E-02
    0.68516E+02    0.12235E-02
    0.69205E+02    0.11901E-02
    0.69901E+02    0.11577E-02
    0.70603E+02    0.11261E-02
    0.71313E+02    0.10953E-02
    0.72029E+02    0.10654E-02
    0.72753E+02    0.10363E-02
    0.73484E+02    0.10080E-02
    0.74223E+02    0.98044E-03
    0.74969E+02    0.95363E-03
    0.75722E+02    0.92753E-03
    0.76483E+02    0.90214E-03
    0.77252E+02    0.87743E-03
    0.78029E+02    0.85339E-03
    0.78813E+02    0.83000E-03
    0.79605E+02    0.80723E-03
    0.80405E+02    0.78508E-03
    0.81213E+02    0.76353E-03
    0.82029E+02    0.74256E-03
    0.82853E+02    0.72216E-03
    0.83686E+02    0.70231E-03
    0.84527E+02    0.68299E-03
    0.85377E+02    0.66419E-03
    0.86235E+02    0.64591E-03
    0.87102E+02    0.62812E-03
    0.87977E+02    0.61081E-03
    0.88861E+02    0.59396E-03
    0.89754E+02    0.57758E-03
    0.90656E+02    0.56163E-03
    0.91567E+02    0.54612E-03
    0.92487E+02    0.53103E-03
    0.93417E+02    0.51635E-03
    0.94356E+02    0.50207E-03
    0.95304E+02    0.48817E-03
    0.96262E+02    0.47465E-03
    0.97230E+02    0.46150E-03
    0.98207E+02    0.44871E-03
    0.99194E+02    0.43626E-03
    0.10019E+03    0.42415E-03
    0.10120E+03    0.41237E-03
    0.10221E+03    0.40091E-03
    0.10324E+03    0.38976E-03
    0.10428E+03    0.37891E-03
    0.10533E+03    0.36836E-03
    0.10639E+03    0.35810E-03
    0.10746E+03    0.34811E-03
    0.10854E+03    0.33840E-03
    0.10963E+03    0.32895E-03
    0.11073E+03    0.31976E-03
    0.11184E+03    0.31082E-03
    0.11296E+03    0.30212E-03
    0.11410E+03    0.29366E-03
    0.11525E+03    0.28544E-03
    0.11640E+03    0.27743E-03
    0.11757E+03    0.26965E-03
    0.11876E+03    0.26208E-03
    0.11995E+03    0.25471E-03
    0.12116E+03    0.24755E-03
    0.12237E+03    0.24058E-03
    0.12360E+03    0.23380E-03
    0.12485E+03    0.22721E-03
    0.12610E+03    0.22080E-03
    0.12737E+03    0.21456E-03
    0.12865E+03    0.20850E-03
    0.12994E+03    0.20260E-03
    0.13125E+03    0.19687E-03
    0.13257E+03    0.19129E-03
    0.13390E+03    0.18586E-03
    0.13524E+03    0.18059E-03
    0.13660E+03    0.17546E-03
    0.13798E+03    0.17047E-03
    0.13936E+03    0.16562E-03
    0.14076E+03    0.16090E-03
    0.14218E+03    0.15631E-03
    0.14361E+03    0.15185E-03
    0.14505E+03    0.14751E-03
    0.14651E+03    0.14329E-03
    0.14798E+03    0.13919E-03
    0.14947E+03    0.13520E-03
    0.15097E+03    0.13132E-03
    0.15249E+03    0.12755E-03
    0.15402E+03    0.12388E-03
    0.15557E+03    0.12031E-03
    0.15713E+03    0.11685E-03
    0.15871E+03    0.11348E-03
    0.16030E+03    0.11020E-03
    0.16192E+03    0.10701E-03
    0.16354E+03    0.10391E-03
    0.16519E+03    0.10090E-03
    0.16685E+03    0.97975E-04
    0.16852E+03    0.95129E-04
    0.17022E+03    0.92361E-04
    0.17193E+03    0.89672E-04
    0.17366E+03    0.87057E-04
    0.17540E+03    0.84515E-04
    0.17716E+03    0.82044E-04
    0.17894E+03    0.79643E-04
    0.18074E+03    0.77308E-04
    0.18256E+03    0.75039E-04
    0.18439E+03    0.72834E-04
    0.18625E+03    0.70691E-04
    0.18812E+03    0.68607E-04
    0.19001E+03    0.66583E-04
    0.19192E+03    0.64615E-04
    0.19385E+03    0.62703E-04
    0.19580E+03    0.60845E-04
    0.19776E+03    0.59039E-04
    0.19975E+03    0.57285E-04
    0.20176E+03    0.55580E-04
    0.20379E+03    0.53923E-04
    0.20583E+03    0.52313E-04
    0.20790E+03    0.50749E-04
    0.20999E+03    0.49230E-04
    0.21210E+03    0.47753E-04
    0.21424E+03    0.46319E-04
    0.21639E+03    0.44925E-04
    0.21856E+03    0.43572E-04
    0.22076E+03    0.42257E-04
    0.22298E+03    0.40979E-04
    0.22522E+03    0.39738E-04
    0.22748E+03    0.38533E-04
    0.22977E+03    0.37363E-04
    0.23208E+03    0.36226E-04
    0.23441E+03    0.35122E-04
    0.23677E+03    0.34049E-04
    0.23915E+03    0.33008E-04
    0.24155E+03    0.31996E-04
    0.24398E+03    0.31014E-04
    0.24643E+03    0.30061E-04
    0.24891E+03    0.29135E-04
    0.25141E+03    0.28236E-04
    0.25393E+03    0.27363E-04
    0.25649E+03    0.26516E-04
    0.25906E+03    0.25693E-04
    0.26167E+03    0.24895E-04
    0.26430E+03    0.24120E-04
    0.26695E+03    0.23367E-04
    0.26964E+03    0.22637E-04
    0.27235E+03    0.21928E-04
    0.27508E+03    0.21240E-04
    0.27785E+03    0.20573E-04
    0.28064E+03    0.19925E-04
    0.28346E+03    0.19297E-04
    0.28631E+03    0.18687E-04
    0.28919E+03    0.18095E-04
    0.29209E+03    0.17521E-04
    0.29503E+03    0.16964E-04
    0.29799E+03    0.16424E-04
    0.30099E+03    0.15900E-04
    0.30401E+03    0.15392E-04
    0.30707E+03    0.14899E-04
    0.31016E+03    0.14421E-04
    0.31327E+03    0.13957E-04
    0.31642E+03    0.13508E-04
    0.31960E+03    0.13072E-04
    0.32281E+03    0.12649E-04
    0.32606E+03    0.12239E-04
    0.32933E+03    0.11842E-04
    0.33264E+03    0.11457E-04
    0.33599E+03    0.11084E-04
    0.33936E+03    0.10722E-04
    0.34278E+03    0.10371E-04
    0.34622E+03    0.10031E-04
    0.34970E+03    0.97016E-05
    0.35321E+03    0.93823E-05
    0.35676E+03    0.90729E-05
    0.36035E+03    0.87731E-05
    0.36397E+03    0.84827E-05
    0.36763E+03    0.82014E-05
    0.37132E+03    0.79289E-05
    0.37506E+03    0.76650E-05
    0.37882E+03    0.74095E-05
    0.38263E+03    0.71621E-05
    0.38648E+03    0.69226E-05
    0.39036E+03    0.66907E-05
    0.39429E+03    0.64663E-05
    0.39825E+03    0.62491E-05
    0.40225E+03    0.60390E-05
    0.40629E+03    0.58357E-05
    0.41038E+03    0.56389E-05
    0.41450E+03    0.54486E-05
    0.41867E+03    0.52646E-05
    0.42287E+03    0.50865E-05
    0.42712E+03    0.49144E-05
    0.43142E+03    0.47479E-05
    0.43575E+03    0.45869E-05
    0.44013E+03    0.44313E-05
    0.44455E+03    0.42808E-05
    0.44902E+03    0.41353E-05
    0.45354E+03    0.39948E-05
    0.45809E+03    0.38589E-05
    0.46270E+03    0.37275E-05
    0.46735E+03    0.36006E-05
    0.47205E+03    0.34780E-05
    0.47679E+03    0.33595E-05
    0.48158E+03    0.32450E-05
    0.48642E+03    0.31344E-05
    0.49131E+03    0.30276E-05
    0.49625E+03    0.29244E-05
