0.00001037184345278781	12.02463205654246
0.00001046407425716529	19.50071748698099
0.000010557125216736457	18.519515384252607
0.000010651003624667081	18.679321263777055
0.000010745716838976756	18.839396550518874
0.00001084127228311575	19.000847362654948
0.000010937677446546777	19.16388203038585
0.000011034939885331955	19.328813947350348
0.000011133067222725169	19.49507902511066
0.00001123206714976941	19.662884902923558
0.000011331947425899729	19.832191814061023
0.000011432715879551343	20.002278760473047
0.000011534380408773153	20.173887963520205
0.000011636948981846925	20.348119582693226
0.00001174042963791166	20.52287115816784
0.000011844830487593838	20.699050812372892
0.000011950159713643045	20.877241975946987
0.000012056425571573264	21.056965308542736
0.000012163636390310075	21.23772600343722
0.000012271800572843288	21.41968469370745
0.000012380926596885729	21.60340491114286
0.00001249102301553753	21.789241669206795
0.000012602098457956664	21.977130272051063
0.000012714161630035213	22.166705196054448
0.000012827221315081656	22.356651343899866
0.000012941286374509442	22.549050065423717
0.000013056365748531354	22.742111551069055
0.000013172468456860405	22.93764512177698
0.000013289603599416613	23.135416588091612
0.000013407780357040384	23.33373419754862
0.00001352700799221203	23.53363207283126
0.00001364729584977767	23.737112514563133
0.000013768653357681831	23.94100409352086
0.000013891090027706203	24.145695136005916
0.000014014615456215319	24.354333491952133
0.000014139239324908628	24.563241777238723
0.000014264971401579264	24.774160208958797
0.000014391821540879791	24.987794876816448
0.0000145197996850944	25.20243199087285
0.000014648915864918335	25.418204503041878
0.000014779180200244018	25.636741897545754
0.000014910602900954138	25.85762711345483
0.000015043194267722072	26.07986918044395
0.000015176964692819019	26.30340843867816
0.000015311924660928744	26.52910087250087
0.00001544808474996913	26.75757215548636
0.000015585455631921448	26.98819639624578
0.000015724048073666725	27.219968096551316
0.000015863872937829552	27.453343990683837
0.000016004941183629664	27.689785110978374
0.000016147263867740686	27.927314691070183
0.00001629085214515697	28.168039428974335
0.00001643571727006765	28.41027443018459
0.000016581870596738946	28.654044541902827
0.00001672932358040401	28.900398722813154
0.000016878087778160652	29.149324725997722
0.000017028174849877402	29.399860962297627
0.000017179596559107126	29.651835930917606
0.000017332364774009253	29.906145985201007
0.000017486491468279893	30.163525492673585
0.000017641988722090213	30.422570710116485
0.000017798868723033486	30.684822334338115
0.000017957143767080063	30.948487289525936
0.000018116826259541358	31.21424895531114
0.00001827792871604203	31.483085095244235
0.00001844046376350086	31.753807420452805
0.000018604444141120647	32.02641800591559
0.00001876988270138641	32.30148761777965
0.000018936792411073024	32.5786494316412
0.000019105186352261253	32.85934759959218
0.00001927507772336334	33.14158991208218
0.00001944647984015738	33.426627824315275
0.00001961940613683087	33.713859823551715
0.000019793870167033913	34.00304745496894
0.000019969885604941226	34.29569086375045
0.00002014746624632421	34.58968413996874
0.000020326626009631934	34.88744857431856
0.00002050737893708229	35.187948566718596
0.000020689739195762483	35.489775049371545
0.00002087372107873934	35.79510410780613
0.00002105933900617979	36.1029059140262
0.00002124660752648083	36.41274477746404
0.000021435541317410043	36.72551965318473
0.00002162615518725591	37.04108328184981
0.000021818464075988345	37.36059926221462
0.000022012483056429924	37.68196502674425
0.000022208227335436955	38.00653324686735
0.00002240571225509165	38.33311880690324
0.000022604953293904477	38.662715800878686
0.000022805966068027227	38.993648800577226
0.000023008766332477253	39.32666495520119
0.00002321336998237201	39.66502998216027
0.000023419793054175194	40.00730306781327
0.000023628051726953336	40.35021374032234
0.000023838162323644168	40.69801817346594
0.000024050141312335872	41.04802178686832
0.00002426400530755768	41.401229558170066
0.00002447977107158239	41.75698591220929
0.000024697455515739837	42.11561756613049
0.000024917075701742687	42.477287034671406
0.000025138648843023383	42.841358158920805
0.000025362192306083596	43.20934637967264
0.000025587723611855248	43.58258891844739
0.000025815260437073646	43.956294276425126
0.000026044820615663255	44.335086493362994
0.000026276422140135128	44.715597900686056
0.000026510083162997463	45.09862711876113
0.000026745821998178196	45.486685901827094
0.000026983657122460306	45.87840514919257
0.000027223607176930292	46.2715251111349
0.00002746569096843887	46.66884134697468
0.000027709927471075345	47.071802314018875
0.000027956335827654613	47.47417018716854
0.000028204935351217415	47.88270432884737
0.000028455745526544383	48.29395314075508
0.000028708786011682838	48.710048228227365
0.00002896407663948794	49.12993777775591
0.000029221637419176757	49.551024288184685
0.00002948148853789691	49.9777797059768
0.000029743650362308637	50.407170570056365
0.00003000814344018095	50.839318229775294
0.00003027498850200251	51.27731837717984
0.00003054420646260599	51.7188316017841
0.00003081581842280779	52.16317924300318
0.00003108984567106147	52.610321378148285
0.00003136630968512662	53.061859408770694
0.00003164523213375216	53.51877012944288
0.000031926634878374474	53.978817056853
0.00003221053997483128	54.443693476584166
0.000032496969675089866	54.91172404418142
0.000032785946428991654	55.38276265442014
0.000033077492886011257	55.85968091989307
0.00003337163189703215	56.340120718022916
0.000033668386516137507	56.82277315882837
0.00003396778000241694	57.310041979341285
0.000034269835821789865	57.80362008325642
0.00003457457764884456	58.302015920695766
0.00003488202936869353	58.80380907249878
0.00003519221507884602	59.30769609660235
0.00003550515909109624	59.81644626238296
0.000035820885933429366	60.33034354004785
0.00003613942035194351	60.84837611684683
0.000036460787312789704	61.37185231823961
0.000036785012004128534	61.90072077810941
0.00003711211983810412	62.43186163363069
0.00003744213645283636	62.967250515154944
0.00003777508771442984	63.51144952109925
0.00003811099971900172	64.05509733231932
0.00003844989879472658	64.60616061671475
0.000038791811503900416	65.16173087159754
0.00003913676464502237	65.72146935654696
0.00003948478525489491	66.28639846466574
0.00003983590061074346	66.85529413986549
0.00004019013823235371	67.42924631910955
0.00004054752588422921	68.0102611000304
0.00004090809157776686	68.59243498442206
0.000041271863573452946	69.18473172918452
0.000041638870383077904	69.78052557500594
0.00004200914077197081	70.37814202561272
0.00004238270376125441	70.98260293224742
0.00004275958863011947	71.5934492602306
0.00004313982491811948	72.20716413137322
0.000043523442427486374	72.82845610136384
0.00004391047122546579	73.4545777034128
0.00004430094164667431	74.08566534447841
0.00004469488429547639	74.7231862400894
0.00004509233004838364	75.36454106724051
0.000045493310056474615	76.01261687579861
0.00004589785574783617	76.66580313974097
0.00004630599883002728	77.32375946690549
0.00004671777129256355	77.99014432854453
0.00004713320540942521	78.65884774048091
0.000047552333741585964	79.33445144803505
0.000047975189139565684	80.01883375301851
0.000048401804746004914	80.70505413287319
0.00004883221399826228	81.39741722659191
0.00004926645063103583	82.09817921418403
0.00004970454867900642	82.8037875486212
0.000050146542479505995	83.51384418775775
0.00005059246667520818	84.23257329055498
0.00005104235621684411	84.95697964379328
0.00005149624636594157	85.68731995473989
0.00005195417269758844	86.42365111630316
0.00005241617110322154	87.16590346051342
0.000052882277793439496	87.91576722451522
0.00005335252930084056	88.67059696687247
0.0000538269624828866	89.43096871284058
0.00005430561452479123	90.20019649610087
0.00005478852294243502	90.97557744095998
0.00005527572558530517	91.75779504349762
0.0000557672606394628	92.54793345182992
0.000056263166630535555	93.34211776129222
0.00005676348242673692	94.14332644429953
0.000057268247241913305	94.95187114061704
0.00005777750063861679	95.76933930123927
0.00005829128253120673	96.59295824107946
0.00005880963318897741	97.42032448917251
0.00005933259323931493	98.2600656428723
0.000059860203670881267	99.10207631923102
0.000060392505836826514	99.95751598712573
0.00006092954145803086	100.81559849260749
0.0000614713526263737	101.67923153312212
0.00006201798180803362	102.55247672229939
0.0000625694718468159	103.43579211504809
0.00006312586596751135	104.32642868493984
0.00006368720777928384	105.22261431041022
0.00006425354127908797	106.12793590917485
0.00006482491085511825	107.03804969227856
0.0000654013612902873	107.95742810268453
0.00006598293776573658	108.88532604193654
0.00006656968586437736	109.81982170466749
0.00006716165157446298	110.76390284008392
0.00006775888129319421	111.71679293373022
0.00006836142183035478	112.67606349591362
0.00006896932041198116	113.64495331721723
0.0000695826246840636	114.62110572237178
0.00007020138271628026	115.607421700996
0.00007082564300576559	116.599502266711
0.00007145545448091052	117.60135320326278
0.00007209086650519839	118.61145385605364
0.0000727319288810729	119.63063369218634
0.00007337869185384246	120.65964527335719
0.00007403120611561799	121.69606162012622
0.00007468952280928557	122.74046233518362
0.00007535369353251596	123.79596171891208
0.00007602377034180762	124.85948898709148
0.00007669980575656786	125.93241852965522
0.00007738185276322817	127.01372724076398
0.00007806996481939814	128.10533241639644
0.00007876419585805493	129.20785167189834
0.0000794646002917701	130.31900957620377
0.00008017123301697513	131.43798335596736
0.00008088414941826371	132.56683010732962
0.0000816034053727324	133.7030705527612
0.00008232905725436045	134.85242361415303
0.00008306116193842862	136.01304451069677
0.00008379977680597661	137.18196654405514
0.00008454495974830009	138.3602024024565
0.00008529676917148897	139.5487025858317
0.00008605526400100475	140.747216182625
0.0000868205036862985	141.95627480994872
0.00008759254820547151	143.17540332462406
0.00008837145806997497	144.40732056741044
0.00008915729432935409	145.64772090301295
0.00008995011857603167	146.89905392698458
0.00009074999295013684	148.1623486979737
0.00009155698014437491	149.4355896491433
0.00009237114340894069	150.71805137176256
0.00009319254655647702	152.01210960199455
0.00009402125396707504	153.31923336318624
0.00009485733059332145	154.63706446923786
0.00009570084196538803	155.9659416053514
0.000096551854196169	157.30403283309215
0.00009741043398646233	158.6555987648773
0.00009827664863019706	160.0182957044375
0.00009915056601970873	161.3918212020883
0.0001000322546510602	162.78165165174326
0.00010092178362940978	164.18357027250244
0.00010181922267442802	165.58406477605487
0.0001027246421257625	167.01016560831283
0.00010363811294855064	168.44870167686423
0.00010455970673898118	169.88919475865637
0.00010548949572990696	171.3495876799534
0.00010642755279650574	172.82909885540107
0.00010737395146199158	174.31232974065333
0.00010832876590337868	175.80542580345673
0.00010929207095729373	177.32325351052168
0.00011026394212584308	178.84339000661132
0.00011124445558252881	180.37687311189737
0.00011223368817822053	181.9231651282263
0.00011323171744717812	183.48504338451406
0.00011423862161312825	185.0634084674162
0.00011525447959539671	186.65703289957048
0.00011627937101509239	188.25822485150485
0.0001173133762013495	189.87142179815905
0.0001183565761976219	191.511125267509
0.00011940905276803665	193.1540766497497
0.00012047088840380194	194.81116400272944
0.00012154216632967185	196.48905385754833
0.00012262297051047075	198.17090730911153
0.00012371338565767362	199.8668667633342
0.00012481349723604513	201.58075391127267
0.00012592339147033866	203.31146391434666
0.00012704315535205495	205.06197439743082
0.00012817287664625975	206.825950778242
0.00012931264389846216	208.59833431611938
0.00013046254644155596	210.38878554481204
0.0001316226744028206	212.2012544417754
0.00013279311871098475	214.0222983340258
0.00013397397110335443	215.85646524290738
0.0001351653241330016	217.71263958222744
0.00013636727117602015	219.584494639011
0.0001375799064388425	221.46532805933975
0.0001388033249656252	223.36907962805378
0.0001400376226456974	225.29198242786595
0.00014128289622107598	227.22437860531556
0.00014253924329404952	229.17870278455365
0.00014380676233482633	231.14340376038473
0.00014508555268925432	233.1271523244989
0.0001463757145866055	235.12871661545753
0.00014767734914743373	237.14165340493432
0.00014899055839149927	239.17925858155664
0.00015031544524576445	241.23969284508325
0.0001516521135524623	243.31411196855328
0.00015300066807723476	245.39626946158359
0.00015436121451734345	247.50334325850855
0.00015573385950995463	249.62654588234602
0.00015711871064049776	251.76856611803098
0.0001585158764510973	253.92982893233247
0.00015992546644907912	256.10734436926685
0.0001613475911155553	258.31130822328663
0.0001627823619140826	260.527107938053
0.00016422989129939773	262.75825910110615
0.00016569029272623357	265.0176901329865
0.00016716368065820917	267.29249289662204
0.0001686501705768034	269.5918881066274
0.00017014987899040404	271.90668294491644
0.00017166292344344142	274.23269739245416
0.0001731894225256005	276.5847723368544
0.0001747294958811148	278.95714225147236
0.00017628326421814607	281.35628036449833
0.00017785084931824262	283.77588549800254
0.00017943237404588691	286.2133427527254
0.0001810279623581229	288.6685250765675
0.0001826377393142738	291.1407988491349
0.00018426183108574305	293.6385767870955
0.0001859003649659024	296.15925692635693
0.00018755346938007097	298.6931399523196
0.00018922127389557985	301.2613135741078
0.00019090390923192692	303.84774505009113
0.00019260150727102283	306.45304191520705
0.00019431420106752852	309.08318997928393
0.00019604212485928305	311.7347844381631
0.0001977854140778239	314.405422555962
0.00019954420535900388	317.0981084095688
0.00020131863655369945	319.8212047200001
0.00020310884673861414	322.57602818739906
0.00020491497622718153	325.34132766660355
0.00020673716658055994	328.13093828137744
0.00020857556061873076	330.9443776870026
0.00021043030243168926	333.78560323839883
0.00021230153739074087	336.64216409645496
0.00021418941215989393	339.52424708826356
0.00021609407470735386	342.44211169424966
0.00021801567431712328	345.3836812269767
0.00021995436160069949	348.3417865560886
0.0002219102885088823	351.32612094711646
0.00022388360834368055	354.3392383989488
0.00022587447577033034	357.38218036722213
0.00022788304682941623	360.4439544884445
0.00022990947894910025	363.5303620795443
0.00023195393095746324	366.6481159331793
0.00023401656309495226	369.79075734525327
0.00023609753702693917	372.95321054283335
0.00023819701585639248	376.14834678137856
0.00024031516413666187	379.3826584605074
0.00024245214788437482	382.63425043427856
0.00024460813459244727	385.89182601719557
0.0002467832932432142	389.21470629058734
0.00024897779432167267	392.56468518064617
0.0002511918098288429	395.91534919325414
0.0002534255132952524	399.29413592057557
0.0002556790797945336	402.7170456472791
0.0002579526859571493	406.20101404017896
0.0002602465099842329	409.66256080533515
0.0002625607316615589	413.17213827599426
0.00026489553237363245	416.69724314330665
0.0002672510951179052	420.2768341013615
0.0002696276045191208	423.8807286156039
0.0002720252468437822	427.5098501989543
0.00027444421001475455	431.1886609917611
0.00027688468362599037	434.86914360553084
0.000279346858957393	438.60657847306936
0.0002818309289898073	442.3371823544714
0.00028433708842014367	446.120998397374
0.0002868655336766411	449.9505517449073
0.00028941646293426115	453.8007754533468
0.0002919900761302198	457.678707921523
0.00029458657497965894	461.5921826861174
0.00029720616299145757	465.54246855569755
0.0002998490454841815	469.54484722844705
0.0003025154296021742	473.54440411764176
0.0003052055243317955	477.6048368042767
0.0003079195405178001	481.6859620247389
0.00031065769087986204	485.8006578392347
0.0003134201900292483	489.97505648280185
0.00031620725448564105	494.1712505025149
0.00031901910269410645	498.37785075428786
0.00032185595504221476	502.64339023839705
0.0003247180338773172	506.94129887256014
0.00032760556352397116	511.3024515483148
0.00033051877030152094	515.6651785042208
0.0003334578825418403	520.0719035840838
0.00033642313060722374	524.5166496362887
0.0003394147469084465	529.0073999758998
0.0003424329659229774	533.5238919103862
0.00034547802421335775	538.073216321459
0.000348550160445743	542.7030564023497
0.0003516496154086082	547.3231195286949
0.0003547766320316223	551.9986628144436
0.000357931455404685	556.7104318539572
0.0003611143327971412	561.4562270743938
0.00036432551367715743	566.2501980623639
0.00036756524973127655	571.1033810341464
0.0003708337948841455	575.9810469572146
0.0003741314053184138	580.881367854312
0.0003774583394948177	585.8702897238998
0.00038081485817243366	590.8518013003012
0.0003842012244291183	595.8897437963243
0.00038761770368212726	600.9986298404524
0.00039106456370891814	606.1327897785071
0.00039454207466813984	611.2953306376794
0.0003980505091208035	616.5008417122859
0.0004015901420516501	621.7644942464729
0.0004051612508906994	627.0868340866243
0.0004087641155349959	632.4255739375129
0.00041239901837054806	637.8072607455131
0.00041606624429445726	643.2361469983017
0.0004197660807372524	648.7236706557835
0.00042349881768541457	654.2765877070892
0.00042726474770410713	659.8487099138276
0.0004310641659601062	665.4585833024456
0.00043489737024493503	671.1367812668024
0.00043876466099820606	676.8502931810731
0.00044266634133116476	682.6276573458936
0.00044660271705045226	688.4562391732145
0.00045057409668206977	694.3186797217652
0.0004545807914955617	700.2326856747537
0.00045862311552841405	706.175292834252
0.0004627013856106639	712.1707490069924
0.00046681592138973706	718.2485131078607
0.0004709670453554977	724.3752902719192
0.00047515508286552613	730.5185938588934
0.00047938036217061935	736.748758687682
0.0004836432144405185	743.0022884369203
0.0004879439737898672	749.3093876691865
0.0004922829773043947	755.6850579964387
0.0004966605650673411	762.1125172706342
0.0005010770801861089	768.6006291616886
0.0005055328688191558	775.135702716175
0.0005100282802031285	781.7041945093978
0.00051456366668023	788.36033491499
0.0005191393837258419	795.0559309095597
0.0005237557899763805	801.7988654847182
0.0005284132472574095	808.6199181566822
0.0005331121206119974	815.4930651791763
0.0005378527783293295	822.411550995218
0.0005426355919735754	829.3878323052932
0.0005474609364130068	836.4232874405814
0.0005523291898493853	843.5126731008935
0.0005572407338476003	850.665772206337
0.0005621959533655773	857.8712986470514
0.0005671952367844495	865.1407473863328
0.0005722389759390005	872.4957339118977
0.0005773275661483724	879.8901332660972
0.0005824614062470522	887.3218017835287
0.0005876408986161313	894.8334557945101
0.0005928664492148437	902.4279941317003
0.0005981384676123829	910.0688584555024
0.0006034573670200064	917.7791510731606
0.0006088235643234188	925.5347598509414
0.0006142374801154485	933.3593651095752
0.0006196995387290126	941.264360483829
0.0006252101682703755	949.2103300957986
0.0006307698006527024	957.2183668799473
0.0006363788716299141	965.3188454194317
0.0006420378208308373	973.487391089811
0.000647747091793664	981.7018058694309
0.000653507132000715	989.9874301235926
0.0006593183929135125	998.3356128638222
0.000665181330008164	1006.7788749282902
0.0006710964028110646	1015.2736456564905
0.0006770640749349102	1023.8319075377116
0.0006830848141150363	1032.4692377507936
0.0006891590922460787	1041.171156938073
0.0006952873854189591	1049.9398683462052
0.0007014701739581995	1058.80321504461
0.0007077079424595722	1067.7107459063054
0.0007140011798280775	1076.707105275018
0.0007203503793162654	1085.7762060601094
0.000726756038562896	1094.9234970115247
0.0007332186596319426	1104.128042179175
0.0007397387490519425	1113.4097923751772
0.0007463168178557005	1122.774136245535
0.0007529533816203381	1132.1878388091052
0.0007596489605077068	1141.7075655999972
0.0007664040793051568	1151.296982162998
0.0007732192674666682	1160.9630684388972
0.0007800950591543487	1170.7019680622016
0.0007870319932803026	1180.5215179123081
0.0007940306135488659	1190.436803143889
0.0008010914684992232	1200.431666393623
0.000808215111548401	1210.485718819624
0.0008154021010346432	1220.6229198716317
0.000822653000261172	1230.8592112048416
0.0008299683775403415	1241.1401747986115
0.0008373488062381767	1251.5412385598672
0.0008447948648193158	1262.004634264598
0.0008523071368923482	1272.544809480287
0.000859886211255557	1283.1737106292933
0.0008675326819430673	1293.8877193991527
0.0008752471482714081	1304.7036004898741
0.0008830302148864814	1315.6280111206968
0.0008908824918109562	1326.6168074248365
0.0008988045944920802	1337.6802199399963
0.0009067971438499177	1348.829621075112
0.000914860766326015	1360.0671618780339
0.0009229960939325031	1371.3933633059307
0.0009312037643016288	1382.8091069120835
0.0009394844207357349	1394.3143252332286
0.000947838712257679	1405.9167964223589
0.0009562672936617047	1417.6248226560444
0.0009647708255647609	1429.3825305293
0.0009733499744582806	1441.2647632855058
0.0009820054127604224	1453.2349932416519
0.0009907378188687675	1465.3114823323986
0.0009995478772134956	1477.4980373774579
0.001008436278311028	1489.7705328727318
0.0010174037188181492	1502.118921217488
0.0010264509015866083	1514.5566282299278
0.0010355785357182114	1527.0865685738158
0.0010447873366203945	1539.741460110311
0.0010540780260622983	1552.3712379058225
0.001063451332231339	1565.197945906109
0.001072907989790283	1578.1700593016026
0.001082448739934826	1591.2339184066188
0.0010920743304516916	1604.3477537751935
0.001101785515777235	1617.5447943536926
0.0011115830570565788	1630.9541294599462
0.0011214677222032687	1644.3435054235676
0.0011314402859594615	1657.8295003640628
0.0011415015299566466	1671.5576978983706
0.0011516522427769133	1685.3584235060346
0.0011618932200147527	1699.136381185471
0.0011722252643394176	1713.0444320041663
0.001182649185557835	1727.178754944227
0.0011931658006780759	1741.401717740939
0.0012037759339733904	1755.6316492578865
0.0012144804170468179	1770.0069567734029
0.0012252800888963584	1784.527914432021
0.0012361757959807374	1799.049463539263
0.0012471683922857478	1813.7988090212236
0.001258258739391185	1828.6616106617023
0.0012694477065383729	1843.5807424014574
0.0012807361706982999	1858.6474914292896
0.0012921250166403465	1873.8162132455307
0.0013036151370016365	1889.0591338698246
0.001315207432357	1904.4539945335114
0.0013269028112895568	1919.9720079632812
0.001338702190461931	1935.5676895376916
0.0013506064946881	1951.2664878740059
0.0013626166570058736	1967.1375580554547
0.0013747336187500284	1983.1136949342801
0.0013869583296260862	1999.149386623161
0.0013992917477847514	2015.3811819422551
0.0014117348398970068	2031.7619552163567
0.0014242885812298847	2048.1613204682612
0.001436953955722899	2064.632785693813
0.0014497319560651707	2081.3592353131526
0.0014626235837732302	2098.147804254391
0.0014756298492695152	2115.0522227443207
0.0014887517719615643	2132.1579655960923
0.001501990380321922	2149.3213260267626
0.0015153467119687404	2166.5456689499756
0.00152882181374711	2184.003935308652
0.0015424167418111097	2201.490589202451
0.0015561325617065864	2219.1714662754534
0.0015699703484546672	2236.9484539603636
0.0015839311866360257	2254.862160270433
0.0015980161704758785	2272.9233161183215
0.001612226403929757	2291.0658415127446
0.0016265630007700294	2309.3172722357294
0.001641027084673198	2327.77315924722
0.001655619789307968	2346.3022553618353
0.0016703422584241105	2364.9062459329202
0.0016851956459420958	2383.713443817707
0.0017001811160435437	2402.6591203954827
0.0017152998432624677	2421.764297138488
0.0017305530125773325	2441.011511118983
0.00174594181950393	2460.3629479331803
0.0017614674701890865	2479.849744937714
0.0017771311815051902	2499.397615873073
0.0017929341811455724	2519.0689822356817
0.001808877707720732	2538.965534389447
0.001824963010855414	2559.0079327568737
0.0018411913512865515	2579.150989760095
0.001857564000962088	2599.409381420702
0.001874082243140658	2619.8031097225
0.0018907473724921753	2640.316205627028
0.0019075606951993041	2660.955791885746
0.0019245235290598353	2681.8295060534697
0.0019416372035899719	2702.731926033658
0.0019589030601285403	2723.8317260277454
0.001976322451942112	2745.1255514977097
0.0019938967443310783	2766.4692439621626
0.002011627314736655	2787.947535537465
0.0020295155528488474	2809.638508580566
0.002047562860715368	2831.423892351654
0.002065770652851534	2853.308013585002
0.002084140356351123	2875.415151133863
0.0021026734109982357	2897.602625609779
0.0021213712693801375	2920.006665390177
0.0021402353970011146	2942.506895902859
0.002159267272397332	2965.124293337421
0.0021784683872527267	2987.8964464685955
0.002197840246515913	3010.778847032594
0.0022173843685181454	3033.7970051922575
0.002237102285092319	3057.0682236048133
0.002256995541693033	3080.4037344793987
0.002277065697517718	3103.874252164991
0.0022973143256288524	3127.5485872476174
0.0023177430130772426	3151.305550188089
0.002338353361026422	3175.1997795868187
0.002359146984878145	3199.286160349244
0.0023801255143990003	3223.5048093438995
0.002401290593848144	3247.843139020599
0.0024226438821061866	3272.3388126896944
0.002444187052805196	3297.0546004256666
0.002465921794459885	3321.8395588961507
0.002487849810599951	3346.7282108135214
0.0025099728199035956	3371.847531538423
0.002532292556332229	3397.099413372783
0.0025548107692663848	3422.441269835046
0.0025775292236428172	3447.982961567151
0.0026004497000928464	3473.685979709439
0.0026235739950819163	3499.524515207885
0.0026469039210503973	3525.4423368615985
0.002670441306555644	3551.49479439235
0.0026941879964153185	3577.742465000531
0.002718145851851974	3604.188276548156
0.00274231675063894	3630.741518663171
0.0027667025872474996	3657.410416827474
0.0027913052729953715	3684.271349849859
0.002816126736196517	3711.2363923956655
0.0028411689223122832	3738.424546658202
0.0028664337941038736	3765.580010835649
0.0028919233317861942	3793.085866018735
0.002917639533183056	3820.5893767006282
0.0029435844138837623	3848.291407642014
0.002969760007401083	3876.1505854708025
0.0029961683653306486	3904.0557480732405
0.003022811557511736	3932.29246482716
0.0030496916721895065	3960.5191538667877
0.003076810816178679	3988.9707635223695
0.003104171115028657	4017.5068329036717
0.0031317747131901215	4046.254043394057
0.0031596237741831224	4075.0541405828735
0.0031877204807666333	4104.042077900484
0.0032160670351096435	4133.2147087269595
0.003244665658963757	4162.481061087137
0.00327351859383733	4192.019808195714
0.003302628101171153	4221.479236061815
0.0033319964625157105	4250.953017915262
0.003361625979709986	4280.730734521108
0.003391518975061889	4310.7876610089415
0.0034216777915302703	4340.917360474838
0.0034521047929085584	4371.267526652265
0.003482802364010026	4401.657900359116
0.0035137729108547203	4431.903750668404
0.0035450188608580234	4462.698740430885
0.003576542663020922	4493.5049747953335
0.0036083467881219515	4524.259744632845
0.003640433728910852	4555.3407079235785
0.003672806000303942	4586.46112815731
0.0037054661395812447	4617.79681797952
0.003738416706585339	4649.301657769783
0.003771660283922004	4680.874428941808
0.003805199477162641	4712.6812323233935
0.0038390369150484885	4744.449932627294
0.003873175249696657	4776.203873187454
0.003907617156808012	4808.246610890933
0.003942365335876867	4840.372533958543
0.003977422510402583	4872.746775711751
0.004012791428103021	4905.195939014334
0.004048474861129913	4937.602659537514
0.004084475606286125	4970.135946480624
0.004120796485244886	5002.949823888369
0.004157440344770922	5036.102509554891
0.004194410056943593	5068.851667719295
0.004231708519382002	5101.880988902974
0.0042693386554720995	5135.185723968958
0.004307303414595815	5168.6321353226795
0.0043456057723622364	5202.077299498119
0.00438424873084081	5235.481756640447
0.004423235318796654	5268.9883387835025
0.004462568591927941	5302.726671118689
0.004502251633105401	5336.489655993138
0.004542287552613947	5370.602385651221
0.004582679488396467	5404.638776361319
0.004623430606299748	5438.718551113115
0.004664544100322628	5472.989316060088
0.004706023192866327	5507.391648302793
0.004747871134987014	5541.799447229387
0.004790091206650617	5576.195149253431
0.004832686716989919	5610.6653237142
0.004875661004563888	5645.360557166917
0.004919017437619376	5680.115001749691
0.004962759414355102	5714.8479015815155
0.005006890363188002	5749.823607530606
0.005051413743021938	5784.879739437209
0.0050963330435188125	5819.914470280677
0.005141651785372064	5854.994486795284
0.005187373520582622	5890.130231070989
0.005233501832737307	5925.50834243064
0.005280040337289705	5960.89612991107
0.005326992681843534	5995.9656143612165
0.0053743625464385564	6031.570755955514
0.005422153643838985	6067.120070386719
0.005470369719824501	6102.471532786643
0.00551901455348384	6137.996505352188
0.005568091957510986	6173.714722466745
0.005617605778504001	6209.394747089091
0.005667559897266533	6245.113614756431
0.005717958229111956	6280.874041589518
0.0057688047241702695	6316.562626809735
0.00582010336769769	6352.2517889579785
0.005871858180389016	6388.197122421994
0.00592407321869275	6424.083783967295
0.005976752575129064	6459.920861185789
0.006029900378610528	6495.950973054087
0.0060835207947657465	6531.671421171455
0.0061376180262658515	6567.720106797593
0.006192196313153898	6603.789462418399
0.0062472599331771855	6639.508128444055
0.0063028132021225635	6675.448835987324
0.006358860474154658	6711.550975134639
0.006415406142157172	6747.436727972423
0.0064724546380771795	6783.251436948532
0.006530010433272496	6819.2397501429905
0.006588078038862133	6854.9788717501415
0.006646662006079887	6891.0214482733545
0.00670576692663103	6926.7460664313585
0.006765397433052218	6962.455594811227
0.006825558199074574	6998.1796478928245
0.006886253939990011	7033.911474347204
0.006947489413020799	7069.494253238595
0.00700926941769245	7104.990716730908
0.007071598796209865	7140.666535645231
0.007134482433836875	7176.035403803508
0.007197925259279139	7211.423226607033
0.0072619322450704436	7246.840730958124
0.007326508407962436	7281.962403807755
0.007391658809317852	7317.019631408129
0.007457388555507182	7352.112289309411
0.007523702798308917	7387.19049478217
0.007590606735313341	7422.168823500898
0.007658105610329895	7456.898275399347
0.007726204713798182	7491.629867404763
0.007794909383202643	7526.363998368317
0.007864225003490861	7560.798875841386
0.007934157007495647	7595.21871696507
0.008004710876360855	7629.453703700674
0.008075892139970982	7663.522748949951
0.008147706377384576	7697.483764643452
0.008220159217271553	7731.240513718709
0.008293256338354309	7764.95330087665
0.008367003469852845	7798.3734848565955
0.008441406391933798	7831.82408235054
0.008516470936163485	7865.000829539294
0.00859220298596496	7897.864710287388
0.008668608477079178	7930.620097009177
0.008745693398030186	7963.419589912103
0.008823463790594512	7995.998333090185
0.008901925750274715	8028.090682876904
0.008981085426777129	8060.16619486256
0.009060949024493859	8091.966434366407
0.009141522802989107	8123.7984724737435
0.009222813077489737	8155.0699392199185
0.009304826219380273	8186.176927000305
0.009387568656702285	8217.163725282695
0.009471046874658193	8247.835101456923
0.009555267416119574	8278.195845650444
0.009640236882139963	8308.341094739177
0.009725961932472276	8338.469625611882
0.009812449286090737	8367.993306629383
0.009899705721717524	8397.51359137523
0.009987738078354071	8426.651163348542
0.010076553255817099	8455.256009998957
0.010166158215279395	8483.694009583249
0.010256559979815458	8511.911626604504
0.010347765634951902	8539.665506682253
0.010439782329222836	8567.34746545605
0.010532617274730148	8594.488785838277
0.010626277747708777	8621.357775893006
0.010720771089097	8647.973547773912
0.010816104705111844	8674.064458698787
0.010912286067829506	8699.779905586456
0.01100932271577105	8725.114791252701
0.011107222254493242	8750.134932009876
0.01120599235718467	8775.007637410328
0.011305640765267133	8799.293077414635
0.011406175289002451	8823.130454792046
0.011507603808104555	8846.39240140874
0.011609934272357122	8869.555505927789
0.011713174702236658	8892.14530784544
0.011817333189541125	8914.151689158758
0.011922417898024156	8935.776608405144
0.012028437064034954	8957.007704933241
0.012135398997163777	8977.835874199112
0.012243312080893277	8998.235573917025
0.012352184773255566	9017.759198502956
0.012462025607495143	9037.167177970077
0.012572843192737703	9056.120497425396
0.012684646214664948	9074.403552798818
0.012797443436195294	9092.054685264735
0.01291124369817073	9109.317439215407
0.013026055920049741	9126.226207367785
0.013141889100606393	9142.461074267301
0.013258752318635636	9158.159206135922
0.013376654733664926	9173.313668547467
0.013495605586672062	9187.804072652922
0.013615614200809532	9202.006118866397
0.013736689982135217	9215.588917993493
0.013858842420349633	9228.202104571661
0.013982081089539704	9240.178977658625
0.014106415648929206	9251.778087797858
0.014231855843635767	9262.462660866666
0.014358411505434723	9272.61644809078
0.0144860925535297	9281.91107711436
0.014614908995330064	9290.583843802524
0.014744870927235271	9298.42978404912
0.014875988535426259	9305.790917313958
0.015008272096663736	9312.599606455764
0.015141731979093718	9318.598971094145
0.015276378643060142	9324.029548262319
0.015412222641924735	9328.893453525085
0.015549274622894151	9333.15788662787
0.015687545327854536	9337.156252708313
0.01582704559421337	9340.61250156461
0.015967786355748952	9343.421576414648
0.01610977864346734	9346.062159763047
0.016253033586466948	9348.343508890028
0.016397562412810814	9349.768764320725
0.01654337645040669	9350.640578970717
0.016690487127894806	9350.929276952696
0.016838905975543706	9350.66065436088
0.016988644626153935	9349.228841621165
0.017139714815969806	9347.143055936858
0.01729212838559925	9344.066065479727
0.01744589728094192	9339.978556381295
0.017601033554125404	9334.913986818556
0.017757549364449895	9328.763845234615
0.017915456979341212	9321.702238134776
0.0180747687753123	9313.099764071318
0.018235497238933255	9304.028629640861
0.01839765496781007	9293.543748423004
0.018561254671571915	9282.251485070527
0.018726309172867342	9270.244348073798
0.01889283140836932	9257.16715936122
0.01906083442978915	9243.126390501486
0.019230331404899444	9228.579432290622
0.019401335618566252	9213.388147375963
0.019573860473790197	9197.008064605356
0.01974791949275705	9180.384517194885
0.019923526317897566	9162.67500332495
0.020100694712956738	9144.255357833074
0.020279438564072563	9124.898569607209
0.020459771880864498	9104.610764361212
0.020641708797531366	9083.422925037014
0.020825263573959283	9060.97621719912
0.021010450596839272	9037.965261493677
0.021197284380794885	9013.869398859455
0.0213857795695198	8988.500904049002
0.02157595093692565	8961.9259110006
0.021767813388299865	8934.25176293896
0.021961381961473996	8905.55547368412
0.02215667182800232	8875.811094907473
0.022353698294350983	8845.090501818559
0.02255247680309765	8813.575084484737
0.02275302293414197	8781.025628805419
0.02295535240592655	8747.711864136287
0.023159481076669056	8713.479379865039
0.023365424945605087	8678.57740124794
0.023573200154242212	8642.94749732855
0.02378282298762505	8606.605625511054
0.023994309875611783	8569.636662149524
0.02420767739416174	8532.071844761029
0.024422942266634697	8493.998484715725
0.024640121365101592	8455.276591805383
0.024859231711666933	8416.057853363223
0.025080290479802935	8376.21606483644
0.02530331499569563	8335.591435538385
0.02552832273960274	8294.214505193371
0.025755331347223825	8252.441327996738
0.02598435861108252	8210.263763848166
0.02621542248192109	8167.248977844527
0.026448541070107325	8123.600910008426
0.026683732647054127	8079.586713778113
0.026921015646651433	8034.903631995846
0.027160408666711117	7989.523011829835
0.027401930470424638	7943.576742628707
0.027645599987833665	7896.986499023539
0.02789143631731375	7849.844645918592
0.028139458727071333	7802.229056284194
0.028389686656653784	7753.919935527831
0.02864213971847316	7705.050082158626
0.028896837699343342	7655.302512244565
0.02915380056203091	7605.107866698019
0.029413048446819745	7554.518370033991
0.02967460167308971	7503.4177185650415
0.02993848074090908	7451.603412904598
0.030204706332641402	7399.325218043566
0.030473299314566493	7346.770415510156
0.030744280738516035	7293.514211056692
0.03101767184352328	7240.143782013056
0.03129349405748814	7186.477821564972
0.03157176899885621	7132.193497333017
0.03185251847831362	7077.7786026328695
0.03213576450049628	7023.164493850322
0.03242152926571444	6968.295789075465
0.032709835171693104	6913.191118523614
0.03300070481532704	6857.810942035724
0.03329416099445239	6802.40647561213
0.03359022670963301	6746.954194661804
0.033888925165963646	6691.603229511417
0.03419027977488853	6636.204017300153
0.03449431415603616	6580.835088806385
0.03480105213907095	6525.6658135877315
0.03511051776556049	6470.574792799678
0.03542273529086033	6415.473079248347
0.03573772918601486	6360.636475323669
0.0360555241396751	6306.15502869182
0.036376145060034254	6251.706554111263
0.03669961707677939	6197.570398430902
0.03702596554306164	6144.072638475821
0.03735521603748275	6090.641490520486
0.037687394366100385	6037.523821084075
0.03802252656445057	5984.763707538411
0.038360638899588066	5932.279132683474
0.03870175787214565	5880.569845149249
0.039045910218410605	5828.7359541769165
0.03939312291242077	5777.973079819086
0.03974342316807849	5727.427743802611
0.040096838441283415	5677.217578789868
0.040453396432084884	5627.448149413107
0.04081312508685248	5578.2799461266995
0.041176052600466986	5529.712214935753
0.041542207418529625	5481.65825451254
0.04191161823959215	5434.229810666339
0.04228431401740592	5387.056031211767
0.04266032396319104	5340.750800340316
0.0430396775479264	5295.0276707151315
0.04342240450465894	5249.926727086163
0.043808534830834626	5205.406345854668
0.04419809879064938	5161.454852608738
0.04459112691742084	5118.2277688885
0.04498765001598213	5075.772829792094
0.04538769916509558	5033.869635083574
0.04579130571988933	4992.894682402542
0.0461985013143142	4952.82607915101
0.04660931786362368	4913.584509632962
0.04702378756687515	4875.220828162539
0.047441942909453326	4837.7065243354455
0.047863816665617016	4801.03444945264
0.04828944190106719	4765.294420425153
0.04871885197553925	4730.412599081858
0.04915208054541739	4696.062592430949
0.049589161566372365	4662.936080268438
0.05003012929602335	4630.105306013747
0.050475018296622404	4597.995403961309
0.05092386343776404	4566.597980916006
0.05137669989911754	4535.804468584572
0.05183356317318493	4505.744057013871
0.052294489068082504	4476.347707645943
0.05275951371034715	4447.2447895638425
0.053228673547768536	4418.769438259531
0.05370200535224505	4390.545044232092
0.054179546222666596	4362.908482007147
0.054661333587822034	4335.83019110238
0.05514740520933253	4309.164861032096
0.05563779918461186	4282.797918205013
0.0561325539498517	4256.672149210945
0.056631708283034925	4230.911628908231
0.05713530130697418	4205.70315947989
0.057643372492378976	4180.47386937171
0.05815596166094898	4155.545241640841
0.058673108988494926	4130.899364331297
0.05919485500808818	4106.351806533485
0.059721240613236866	4081.7609001183982
0.06025230706109173	4057.3218226689937
0.060788095975679496	4032.9893196613366
0.06132864935116495	4008.4723714638826
0.061874009555143154	3984.204043078204
0.06242421933195922	3959.6498594502227
0.06297932180605945	3934.7804553635083
0.06353936048537046	3909.877130083023
0.06410437926471002	3884.792671993291
0.06467442242922714	3859.402567875192
0.06524953465787266	3833.719182010393
0.065829761026902	3807.637909539619
0.06641514701340714	3781.038129980352
0.06700573849888193	3754.1431431440164
0.06760158177281776	3726.033235977963
0.06820272353633135	3697.5707135636085
0.06880921090582591	3668.276710728531
0.06942109141668311	3638.0949112707485
0.07003841302698972	3607.1400086973276
0.07066122412129562	3575.45349388783
0.07128957351440678	3543.0934293097844
0.07192351045521105	3510.131576802619
0.07256308463053779	3476.615711898997
0.07320834616905308	3442.6421524116586
0.07385934564518773	3408.1465643152596
0.07451613408310206	3373.0553011965676
0.0751787629606848	3337.235667422383
0.07584728421358732	3300.567199014194
0.07652175023929522	3262.974792588485
0.07720221390123416	3224.3770088518163
0.07788872853291415	3184.6859764067563
0.0785813479421087	3143.974761800268
0.07928012641507319	3102.4117788103194
0.07998511872079925	3060.2285961980083
0.080696380115307	3017.486488349323
0.08141396634597703	2974.3029037266633
0.08213793365591851	2930.882027194845
0.08286833878837851	2887.3337277119044
0.08360523899118898	2843.63315453659
0.08434869202125322	2799.8396949224334
0.08509875614907396	2756.058544973278
0.08585549016331911	2712.3516067358073
0.08661895337543088	2668.7627520821743
0.08738920562427314	2625.3852751147274
0.0881663072808227	2582.2732128453476
0.08895031925290049	2539.4978372200358
0.08974130298994502	2497.163960908008
0.09053932048782974	2455.348161822755
0.0913444342937209	2414.1478682221987
0.09215670751098116	2373.573289956793
0.09297620380411424	2333.8021377712107
0.09380298740375595	2294.7918278190905
0.094637123111708	2256.696125844681
0.09547867630601653	2219.5500481909644
0.0963277129460975	2183.344090370412
0.09718429957790516	2148.2048112281896
0.09804850333914888	2114.2175113740473
0.09892039196455492	2081.398149375933
0.09980003379117469	2049.797943238922
0.10068749776374222	2019.4286982219523
0.10158285344007648	1990.5206782596167
0.10248617099653454	1962.7865099591895
0.10339752123351056	1936.3176182645777
0.10431697558098618	1911.2462600755737
0.10524460610412854	1887.3153284158002
0.10618048550893808	1864.8443424005325
0.1071246871479484	1843.4035721847722
0.10807728502597397	1823.3241510764965
0.10903835380591187	1804.4029170533577
0.11000796881459313	1786.5323459629242
0.11098620604868611	1769.6219204615895
0.11197314218065439	1753.5986920597456
0.11296885456476465	1738.3948764529123
0.11397342124315103	1723.925292842508
0.11498692095193054	1710.1398089311488
0.11600943312737544	1696.7108896486116
0.11704103791213888	1683.7248082734534
0.11808181616153561	1671.0304141101158
0.11913184944988078	1658.4601307483417
0.12019122007688188	1645.8858937667671
0.12126001107409073	1633.2575792779562
0.12233830621141074	1620.5042846184565
0.12342619000366194	1607.4401866129954
0.12452374771720665	1593.9682331617803
0.1256310653766307	1579.98150562006
0.12674822977148784	1565.3898358862925
0.1278753284631	1550.2358736134772
0.1290124497914222	1534.423421159766
0.1301596828819654	1517.8166320153034
0.1313171176527816	1500.4467099118906
0.1324848448215129	1482.375523101993
0.1336629559125	1463.4422754563066
0.13485154326395732	1443.682290617299
0.1360507000352096	1423.2252586232917
0.13726052021399288	1402.0598337334402
0.13848109862382274	1380.1318511496079
0.13971253093142438	1357.6094489245083
0.14095491365423296	1334.5956865721519
0.14220834416795627	1311.0615897640344
0.1434729207142087	1287.1101639486053
0.14474874240821056	1262.978821442297
0.14603590924655566	1238.7601374340823
0.14733452211505071	1214.4369291826135
0.14864468279662052	1190.0914125612626
0.14996649397928738	1165.9751340597038
0.1513000592642187	1142.1421416525409
0.1526454831738464	1118.726002850874
0.15400287116006103	1095.977358304971
0.15537232961247463	1073.9302607884797
0.15675396586676169	1052.5989323128174
0.1581478882130696	1032.067139478021
0.1595542059045083	1012.5535399514898
0.1609730291657124	994.148782319661
0.16240446920147958	976.8376538885154
0.16384863820548862	960.5802731435236
0.16530564936909056	945.3640340637196
0.16677561689018267	931.2266723575098
0.16825865598215792	918.17963506017
0.16975488288293453	905.9972425710727
0.17126441486406846	894.6786217404905
0.17278737023994262	884.1757128297586
0.17432386837704242	874.3431333129942
0.17587402970330923	865.1052099184889
0.17743797571758133	856.3195780135981
0.1790158289991159	847.8696261347634
0.18060771321719563	839.7203775740456
0.18221375314082383	831.6929910839115
0.18383407464850116	823.7295488185645
0.18546880473809388	815.6649624183542
0.18711807153678686	807.4261118159242
0.1887820043111249	798.8482834708988
0.19046073347714676	789.9043397192537
0.19215439061060427	780.5109295879103
0.19386310845727758	770.5409974584444
0.19558702094337702	760.0054956638091
0.1973262631860422	748.8697310116243
0.19908097150393136	737.1186518049124
0.2008512834279046	724.8948939431363
0.20263733771180584	712.1793573328023
0.20443927434333528	699.0302423645678
0.2062572345550238	685.6404473902264
0.2080913608353015	672.0776634565435
0.20994179693966455	658.3909187140172
0.21180868790194515	644.8269008635453
0.2136921800456759	631.3184057708615
0.21559242099556147	618.1220407272159
0.2175095596890461	605.2847799962763
0.21944374638798975	592.8783281277522
0.2213951326904442	580.9999963892744
0.2233638715425338	569.6752645116691
0.22535011725044587	558.9607640257374
0.2273540254925219	548.9481917487875
0.22937575333146193	539.5906331849302
0.2314154592266338	530.894883639795
0.2334733030464916	522.7653374503278
0.23554944608110875	515.2405859202486
0.23764405105481637	508.2132968136339
0.23975728213896055	501.60558622469836
0.24188930496476654	495.32383803627704
0.24404028663632357	489.26582862282345
0.24621039574368087	483.3723228600876
0.24839980237606007	477.53658111749155
0.2506086781351898	471.59629405481917
0.2528371961487516	465.52768605191676
0.2550855310839528	459.25362684867287
0.2573538591612153	452.7199179970367
0.2596423581679857	445.88850906665095
0.26195120747267336	438.7417793192123
0.2642805880387056	431.3143255719839
0.2666306824387142	423.6670940322557
0.26900167486884236	415.80216971013334
0.2713937511631841	407.86311026934624
0.27380709880834875	399.8417253380213
0.2762419069581541	391.8031560792326
0.27869836644845536	383.8692242058516
0.2811766698120986	376.10180796518796
0.28367701129401474	368.54839069570943
0.2861995868664424	361.2828838212028
0.2887445942442865	354.3440460201252
0.29131223290061825	347.7764158148801
0.2939027040823055	341.5876924054929
0.2965162108257901	335.7785823125687
0.29915295797299746	330.29979341087835
0.3018131521873953	325.1284539520278
0.3044970019701901	320.21503514904236
0.30720471767666724	315.48550339289926
0.30993651153268226	310.8810371961346
0.31269259765129026	306.34113880161266
0.31547319204953145	301.8177328071454
0.31827851266536067	297.26024287604264
0.32110877937472737	292.64092441534825
0.3239642140088127	287.9248064196859
0.3268450403714121	283.0891718271052
0.32975148425648076	278.13486590284606
0.3326837734658269	273.0785363878374
0.33564213782696994	267.9513702613838
0.3386268092111526	262.81141219696536
0.3416380215515127	257.71019934270777
0.34467601086142247	252.66194958907354
0.34774101525298207	247.7497574474482
0.3508332749556868	242.98198929743222
0.35395303233525377	238.3810737009107
0.3571005319126165	233.97478568366782
0.3602760203830941	229.76232690092593
0.363479746635722	225.73436848414377
0.36671196177276444	221.8629684775035
0.3699729191293902	218.15456955564244
0.37326287429353305	214.55890019700453
0.37658208512592267	211.05441167453742
0.37993081178029287	207.59105639285679
0.38330931672377677	204.14180546868656
0.3867178647574734	200.6930775755401
0.39015672303720655	197.21961967383257
0.3936261610944625	193.71551338905616
0.3971264508575129	190.18922131510945
0.400657866672733	186.66808533248403
0.40422068532609895	183.14794833630884
0.4078151860648872	179.66440489615042
0.411441650619556	176.2311478997233
0.4151003632258316	172.8700540852037
0.4187916106469843	169.6066196932196
0.422515682196302	166.44191142967432
0.42627286975977124	163.38061221960794
0.43006346781894894	160.42241730208693
0.4338877734740483	157.5601475894224
0.437746086467223	154.7697216816289
0.44163870920605786	152.04536676171531
0.4455659467872767	149.37094065222178
0.44952810702064866	146.72657366829873
0.4535255004531205	144.1040968469406
0.4575584403931501	141.49871207017932
0.4616272429352684	138.89854274516344
0.46573222698485256	136.31183472619617
0.4698737142831181	133.7455565968407
0.47405202943234237	131.21330589850228
0.47826749992129974	128.72298173993218
0.4825204561509353	126.28574007807494
0.4868112314602587	123.9071672226362
0.49114016215246786	121.58434615047753
0.49550758752131413	119.3192188328128
0.49991384987768844	117.11351769738077
0.5043592945764578	114.96354158702177
0.5088442700435271	112.85489451298838
0.5133691278031534	110.78269534534292
0.517934222505496	108.73950818821687
0.5225399119544105	106.71924954896039
0.5271865571354982	104.72392214732241
0.5318745222443932	102.75514078394153
0.5366041747153137	100.80564550390422
0.5413758852498576	98.88785576091291
0.5461900278460547	97.00658515984149
0.5510469798276872	95.16168513577202
0.5559471218738552	93.35255109546873
0.560890838048822	91.5832557525167
0.5658785158321081	89.85531821238875
0.5709105461488683	88.16281941956038
0.5759873234005287	86.50091001006228
0.5811092454956961	84.87375238614358
0.5862767138813525	83.2702522675295
0.5914901335743115	81.68775196012521
0.5967499131929701	80.13015995515683
0.6020564649893323	78.59901737033486
0.6074102048813176	77.09188626492123
0.6128115524853672	75.60998103462123
0.6182609311493245	74.15740378358296
0.6237587679856242	72.7329472964194
0.6293054939047611	71.33410543389414
0.6349015436490706	69.96607169156077
0.6405473558268004	68.62196448466293
0.6462433729464845	67.303331658092
0.6519900414516333	66.0105714444424
0.657787811755717	64.74131884955659
0.6636371382774755	63.49488182018139
0.6695384794765319	62.27165973748282
0.6754922978893219	61.06914723909351
0.6814990601653547	59.888748156866626
0.6875592371037793	58.73060325292059
0.6936733036902937	57.59166940604518
0.6998417391343641	56.47244744942921
0.7060650269067932	55.37588828699027
0.7123436547776099	54.2996100920911
0.7186781148542957	53.241664123444885
0.7250689036203646	52.204906616900296
0.7315165219742663	51.18667005364798
0.7380214752686544	50.18668231050567
0.7445842733499912	49.20488401407381
0.7512054305985051	48.23989412505421
0.7578854659685152	47.29392236190565
0.7646249030290962	46.366975904619174
0.771424270005125	45.45609721542703
0.7782840998186713	44.5614246122573
0.7852049301307765	43.68585551807951
0.792187303383591	42.824635940732755
0.7992317668428849	41.977853349676614
0.806338872640952	41.149309253400766
0.8135091778198738	40.338008461046094
0.8207432443751886	39.53913795977429
0.8280416392999365	38.75526183761665
0.8354049346290939	37.988534891130506
0.8428337074844195	37.235044971286996
0.8503285401196761	36.49401152725479
0.857890019966278	35.76863667208201
0.8655187396793218	35.05753038241387
0.8732152971840471	34.35934525314426
0.8809802957226971	33.674542120783435
0.8888143439017947	33.00290215880885
0.8967180557398547	32.34385008480267
0.9046920507154972	31.697371844359395
0.9127369538160134	31.06366123702026
0.9208533955863389	30.44225920843836
0.9290420121784854	29.832596167389205
0.9373034454013964	29.234348608312686
0.9456383427712464	28.64806659957099
0.9540473575622029	28.072806144116313
0.9625311488576165	27.50875451467492
0.9710903816016894	26.956046513695863
0.9797257266515883	26.413896227657997
0.9884378608300193	25.881763110011022
0.9972274669782883	25.35988063354506
1.006095234009807	24.848513132205486
1.0150418569641029	24.346136322495315
1.02406803706128	23.852892794443477
1.0331744817569934	23.372735816659066
1.0423619047978916	22.901282254074058
1.0516310262775541	22.435626999562107
1.0609825726929432	21.98054235934216
1.0704172770013305	21.536941102110802
1.0799358786777595	21.097844674606833
1.0895391237729963	20.671268719130644
1.0992277649720001	20.249145191848847
1.1090025616529293	19.83719600592534
1.118864279946645	19.43435712694617
1.1288136927967756	19.038672524609204
1.1388515800202812	18.650435945149862
1.1489787283685895	18.26947450641979
1.1591959315892537	17.89601295301939
1.1695039904881586	17.532238202138906
1.1799037129923005	17.171903682061956
1.1903959142130953	16.82060386271836
1.2009814165102792	16.47666360972031
1.2116610495563578	16.138647497579733
1.2224356504016285	15.8082643317
1.2333060635398005	15.484624175213353
1.2442731409741694	15.16513891049064
1.2553377422844114	14.853886949897706
1.2665007346939388	14.548006798175175
1.2777629931378869	14.249945671066497
1.289125400331683	13.955393164937302
1.3005888468402254	13.667077234813794
1.3121542311476997	13.386398282263771
1.3238224597279826	13.110552238788921
1.3355944471157062	12.83868414928017
1.3474711159779293	12.573448781409475
1.3594533971864482	12.312784939869507
1.3715422298907733	12.058555145879733
1.3837385615917193	11.80870713053799
1.396043348215686	11.563291764496336
1.408457554189565	11.323512247227628
1.4209821525163453	11.088558424549204
1.4336181248513693	10.85815541025783
1.446366461579264	10.632889280260828
1.4592281618915848	10.4116943233372
1.4722042338651093	10.195589285125555
1.4852956945408669	9.983185021378363
1.4985035700038434	9.77446532023654
1.5118288954633983	9.570217346397964
1.525272715334419	9.370974626606825
1.53883608331916	9.175754998999611
1.552520062489851	8.983490821696016
1.5663257253719973	8.794746822047166
1.5802541540284614	8.61062507904733
1.594306440144265	8.430681147878888
1.6084836851121447	8.25467970140828
1.622787000118897	8.080915507299293
1.6372175062324485	7.911399501706375
1.6517763344897427	7.745366560201245
1.6664646259853808	7.582527953052714
1.6812835319610495	7.423602588745477
1.6962342138957731	7.267633682446851
1.7113178435969258	7.114303599515093
1.7265356032920989	6.964435050851229
1.7418886857217373	6.818019812382945
1.757378294232646	6.674066247634447
1.7730056428722971	6.532942584437626
1.788771956483976	6.394934984995546
1.804678470802802	6.259988272581442
1.8207264325525614	6.128003357307218
1.8369170995434414	5.998593093101784
1.8532517407706093	5.871267114360105
1.8697316365136616	5.746999784899535
1.8863580784369944	5.625177294242752
1.9031323696910145	5.505705831735253
1.9200558250143054	5.388805133089751
1.9371297708366462	5.274617049075869
1.9543555453829993	5.162824733303405
1.9717344987783874	5.0531057624760845
1.989267993153704	4.945747916640825
2.006957402752499	4.840701784119978
2.02480411403866	4.737165429798561
2.042809525805107	4.636322595271437
2.0609750492834182	4.537697940211733
2.0793021082544243	4.441033509236694
2.0977921391598318	4.3463855589609555
2.116446591214777	4.253594811011203
2.135266926521443	4.16265048003975
2.1542546201836266	4.074006041264289
2.1734111604223814	3.9866138170792023
2.19273804869265	3.901580299931232
2.2122367998009334	3.81799676303869
2.231908942024046	3.7360858004198683
2.2517560172288684	3.656186904116412
2.2717795809932237	3.5779126484841983
2.291981202727788	3.50104011296233
2.312362465799088	3.425983308932678
2.3329249676536272	3.3523921572239894
2.3536703199430624	3.280549770965362
2.3746001486505524	3.209833755426727
2.395716094218166	3.140938129637664
2.4170198116754884	3.0733612523965634
2.4385129707693247	3.0070791084063173
2.46019725609456	2.9423823159905167
2.4820743672262253	2.8791050239251983
2.5041460188526696	2.817045428206955
2.5264139409099893	2.7561563291104783
2.5488798787176	2.6966853642611692
2.571545593115021	2.6385419904092857
2.5944128605999164	2.5815676558137457
2.6174834734672987	2.525655658086624
2.640759239950041	2.4710165518696185
2.664241984360567	2.4176824311018863
2.68793354723387	2.365326445556147
2.711835785471756	2.313966036811891
2.73595057248837	2.2639421163263918
2.760279798357066	2.214867077132521
2.7848253699585057	2.1668283836261937
2.8095892111301537	2.119851222222065
2.8345732628170475	2.073823525702496
2.8597794832239116	2.028697123359991
2.8852098479686723	1.984608703634043
2.9108663502372636	1.9415894247020002
2.9367510009398887	1.899305535649713
2.9628658288685914	1.857969465022465
2.9892128808563068	1.8175106040729585
3.015794221937269	1.7779247813194965
3.042611935508853	1.7391917472327738
3.0696681234949024	1.701256277662807
3.096964906510432	1.664117489671291
3.1245044240278745	1.6278283983141921
3.152288834544756	1.592346232579072
3.1803203157528537	1.5574979112741123
3.208601064708921	1.523493771699155
3.2371332980068446	1.490234964046339
3.2659192519514195	1.4576307989985875
3.294961182733585	1.4257047301366694
3.3242613666072955	1.394505529300763
3.353822100067919	1.3639860398635357
3.3836457000322073	1.33407370616068
3.4137345040199394	1.3048053752181676
3.4440908703370785	1.2761914697047179
3.4747171782606596	1.2481826284713922
3.5056158282252508	1.2207921893030678
3.5367892420110776	1.1939854366600284
3.568239862933882	1.167753038075665
3.599970156036373	1.142122085665062
3.631982608281486	1.117052914418826
3.6642797287472515	1.0924617390165128
3.6968640488235005	1.068392212547109
3.7297381224102484	1.0448941703398569
3.7629045261178473	1.0218769656315632
3.796365859468981	0.9993608611209915
3.830124745102358	0.9773552685735187
3.8641838289783164	0.9557969781867713
3.8985457805861885	0.9347066409044289
3.9332132931535106	0.9140986709469323
3.9681890838571623	0.8938864906249786
4.003475894036276	0.8741454671154679
4.039076489407156	0.8548542206643889
4.074993660279995	0.835955805451053
4.111230221777619	0.8174572741375346
4.147789014056116	0.7993693286216882
4.184672902527414	0.7816884330583695
4.221884778083925	0.7643932045280946
4.25942755732506	0.7474657048340596
4.297304182785892	0.7309018371589046
4.335517623167747	0.7146759433908237
4.37407087357088	0.698822593449083
4.4129669557292655	0.6833060566001914
4.452208918247381	0.6681528500943279
4.4917998368392125	0.6533245982023749
4.531742814569259	0.63881357651285
4.5720409820958	0.6246266427609932
4.61269749791625	0.6107400625163298
4.653715548614688	0.5971540907428924
4.695098349111677	0.5838708577606259
4.736849142916173	0.57088736245041
4.778971202379808	0.5581723877659569
4.821467828953345	0.5457483829257079
4.86434235344541	0.5335849318636146
4.907598136283621	0.5216814352724359
4.951238567777899	0.5100647446393352
4.9952670683862666	0.4987016526532061
5.039687088982863	0.487543411466077
5.084502111128483	0.47666916813942617
5.1297156473434296	0.4660379490484111
5.1753312413827866	0.45562835183718536
5.22135246851424	0.4454286237995063
5.267782935798229	0.4354597762791711
5.314626282370717	0.42574347299917925
5.361886179728403	0.41623849127452367
5.409566332016454	0.40689857821264414
5.457670476318892	0.39781723589847284
5.5062023829514315	0.38888100506455014
5.55516585575706	0.3801836371051708
5.6045647324041	0.37167084954520097
5.654402884687071	0.3633362451741088
5.7046842188301214	0.3551878939422855
5.755412675793159	0.34722265494945703
5.806592231580811	0.33943288036328906
5.858226897553972	0.3318072187054707
5.91032072074428	0.3243522520037944
5.962877784171284	0.3170759361142511
6.0159022071624335	0.3099506859419465
6.069398145676017	0.3029796257830584
6.123369792626811	0.2961630041520063
6.177821378214803	0.28950196541738704
6.232757170256658	0.28298974824361384
6.288181474520298	0.2766147823356653
6.344098635062351	0.27038647058919696
6.400513034568591	0.264302932446489
6.457429094697529	0.2583434503781934
6.5148512764268816	0.25252323820124517
6.572784080403292	0.24682617986876468
6.631232047295055	0.24126008102848676
6.690199758147963	0.2358222250102004
6.749691834744448	0.23049707102265912
6.809712939965732	0.225290157275118
6.87026777815739	0.22020414177702732
6.931361095497972	0.21522790215228327
6.992997680371087	0.21036607032217233
7.055182363740668	0.20560998278386816
7.1179200195295795	0.20095716134830785
7.181215565001713	0.19641221995436958
7.245073961147292	0.19197205906297202
7.309500213071795	0.18762721332391
7.374499370388208	0.18337677001958325
7.440076527612767	0.17922324258507313
7.506236824564346	0.17516255357765317
7.572985446767201	0.1711894607063812
7.64032762585751	0.16730748957846567
7.708268639993311	0.16351613572657595
7.776813814268291	0.1598067952808764
7.845968521129111	0.15617963029059734
7.915738180796454	0.15263864707755181
7.986128261689948	0.149171729143175
8.057144280856653	0.1457834418340065
8.12879180440358	0.1424705541721123
8.201076447933916	0.13922961282504648
8.274003876987107	0.13606620497624897
8.34757980748303	0.13297299266956136
8.421810006169867	0.1299476446378273
8.496700291076218	0.12699206291812593
8.572256531966985	0.1241013603474946
8.64848465080354	0.12127569773737432
8.725390622207833	0.11851493942885528
8.802980473930623	0.11581604839763032
8.88126028732403	0.11317628269549855
8.960236197818062	0.1105946722562434
9.039914395401622	0.10807323195623175
9.120301125107533	0.10560860919952976
9.201402687502137	0.10319731242078209
9.283225439179065	0.10084311104614353
9.36577579325741	0.09854294388699235
9.449060219884489	0.0962908886038982
9.53308524674283	0.09409226828367052
9.617857459561918	0.09194297643330278
9.70338350263432	0.08984068308187564
9.7896700793364	0.08778743767226552
9.876723952653844	0.08578066631225366
9.964551945711582	0.08381722001434207
10.053160942308724	0.08190137804641626
10.142557887457947	0.08002565352791353
10.232749787929967	0.07819658638571157
10.323743712802656	0.07640543314365686
10.415546794015052	0.07465350217966651
10.508166226926477	0.07294199496338323
10.601609270880346	0.07126898734588337
10.69588324977327	0.06963208513080804
10.790995552629042	0.06803606309650116
10.886953634177706	0.06648712187036951
10.983765015439987	0.06495447769416883
11.08143728431662	0.06345822431192694
11.179978096183232	0.06200482128184238
11.279395174490196	0.06058468201488911
11.379696311368122	0.05919709154068974
11.480889368238527	0.057833350147493835
11.58298227642995	0.05649799110559946
11.685983037799723	0.05520941412510789
11.78989972536098	0.053936549502103186
11.894740483915562	0.05269154476168291
12.000513530692317	0.051480268436462494
12.107227155991092	0.050297416266326514
12.214889723832664	0.04913913417891855
12.323509672614117	0.04800651309902029
12.433095515770413	0.0469026872709302
12.543655842441472	0.04582573136956805
12.655199318145538	0.04476977858007692
12.767734685458295	0.04373806672377839
12.881270764698028	0.04272732576821757
12.995816454617103	0.041744834291929385
13.111380733099248	0.040782438460885126
13.227972657863388	0.03983999940879507
13.345601367173508	0.03891692395272368
13.464276080554813	0.0380158070648495
13.58400609951651	0.03714151287804934
13.704800808280647	0.03628708669705261
13.826669674517836	0.035445000534581834
13.949622250089101	0.034625260406983674
14.073668171794719	0.03382791084397386
14.198817162129457	0.03304776557423876
14.32507903004453	0.032283270885551836
14.452463671716579	0.031533866941909156
14.580981071323123	0.030803130274430712
14.710641301825271	0.03009346945856789
14.841454525757149	0.02939401915733541
14.973430996022342	0.02871285338975911
15.106581056697683	0.02804956899302509
15.240915143843786	0.02739972193902361
15.376443786323229	0.02676558654648252
15.51317760662556	0.026145590954643708
15.651127321700068	0.02553953505731469
15.790303743795675	0.024948001591043847
15.930717781308289	0.02436821403565408
16.07238043963599	0.0238031537730216
16.21530282204138	0.023248966932785848
16.359496130522047	0.02271194106532808
16.504971666688448	0.022183515178934236
16.651740832649658	0.02166821315041769
16.79981513190721	0.021165858447443345
16.949206170256517	0.020674127534988828
17.099925656696733	0.020193727188011004
17.251985404348247	0.019723197713253017
17.405397331378786	0.019266832766930076
17.56017346193745	0.018816449333471395
17.716325927097046	0.018378941674365348
17.87386696580512	0.01795273439920096
18.032808925842982	0.01753495094010917
18.193164264793698	0.017125979815049482
18.354945551018425	0.016727177471079557
18.51816546464139	0.0163380464842015
18.682836798543953	0.015957859364014042
18.848972459367044	0.015586884853079344
19.016585468523008	0.015222640968361054
19.18568896321596	0.01486847314770891
19.356296197471657	0.01452185559699476
19.52842054317625	0.014182366706518635
19.70207549112423	0.013851805969041866
19.877274652076064	0.013529585475931357
20.0540317578247	0.01321344479606131
20.23236066227207	0.012904634100869927
20.412275342514867	0.012602730994880396
20.593789899939885	0.012309457342521923
20.776918561329556	0.012021556185594032
20.96167567997671	0.011740933735911525
21.148075736809854	0.011466721730058136
21.336133341527862	0.011198312761784844
21.52586323374533	0.01093680639498057
21.717280284147716	0.010681129720742493
21.91039949565677	0.010431355348150767
22.105236004606695	0.010187164867302142
22.301805081930215	0.009949317754961922
22.50012213435573	0.009716073273960303
22.700202705614775	0.009488455330378462
22.90206247766017	0.009266276702961767
23.105717271895436	0.009049168978827814
23.31118305041452	0.008837665032619787
23.518475917253202	0.008630686383448457
23.72761211965097	0.00842806686459872
23.938608049324746	0.008230102363258636
24.151480243753497	0.00803721593428142
24.366245387474308	0.007849236410040724
24.58292031339037	0.0076652974780604234
24.801522004089975	0.0074853450109591555
25.02206759317787	0.007309695814058032
25.244574366618046	0.007138112093327015
25.469059764088446	0.006970542134074382
25.695541380348146	0.0068067039691062856
25.924036966616068	0.006646601024140278
26.15456443196263	0.006490487179569726
26.387141844713074	0.006338180334874475
26.62178743386395	0.0061891807795331774
26.858519590511722	0.006043540930615575
27.097356869294103	0.005901470387253908
27.33831798984465	0.005762762192617948
27.581421838259608	0.005627619275273857
27.826687468578488	0.005495299744120033
28.074134104277363	0.005365992727053169
28.3237811397754	0.0052392613603432815
28.575648141955327	0.005115913483313258
28.829754851696634	0.004995728765280841
29.08612118542324	0.0048780803598966645
29.344767236664097	0.004763009605003255
29.605713277628436	0.004650645134759561
29.868979760794527	0.004541235087556119
30.134587320512537	0.004434084355323768
30.402556774622184	0.00432953723640886
30.67290912608398	0.004227353158550393
30.94566556462578	0.004127689063068605
31.22084746840343	0.004030294276537311
31.498476405676186	0.0039350998194898875
31.77857413649758	0.0038423577864126345
32.06116261442048	0.0037515852785512194
32.34626398821825	0.0036630668729313526
32.633900603620226	0.003576485079523301
32.92409500506359	0.0034920631147992254
33.21686993746014	0.0034096199742696507
33.51224834797886	0.003329031084465271
33.81025338784486	0.0032502430719494805
34.11090841415347	0.003173296781094509
34.41423699170134	0.0030983037625581557
34.72026289483321	0.003025117507490412
35.02901010930516	0.0029533730144011175
35.34050283416496	0.0028835595868645803
35.65476548364824	0.002815371300842958
35.9718226890926	0.002748651376887611
36.29169930086759	0.002683498674642624
36.614420390322934	0.0026199472745922765
36.94001125175336	0.0025579258526627997
37.26849740438092	0.0024973892559346524
37.59990459435564	0.002438159608280288
37.934258796772866	0.002380366718957202
38.27158621770967	0.002323831168262204
38.61191329627859	0.002268731065903294
38.955266706699696	0.002214909014559115
39.30167336039175	0.002162362345407681
39.65116040808093	0.0021110892453944734
40.003755241929376	0.002060942474119959
40.359485497681604	0.002011959745382711
40.71837905683102	0.0019641370647488386
41.080464048805055	0.0019175536004473123
41.44576885316963	0.00187194403383059
41.81432210185403	0.0018274480601793725
42.18615268139441	0.0017840361915758946
42.56128973519844	0.0017416284916121018
42.93976266582922	0.001700185522509934
43.32160113730964	0.001659700696310175
43.70683507744788	0.001620252210969023
44.09549468018248	0.0015816941860279112
44.48761040794956	0.0015440846038542863
44.88321299406972	0.001507324685183573
45.28233344515745	0.0014713931116481322
45.68500304355112	0.001436322587507481
46.091253349764614	0.0014021182386970972
46.50111620496153	0.0013687157393358564
46.91462373345016	0.0013360611297005662
47.33180834520199	0.001304208121088782
47.7527027383916	0.00127305970569578
48.17733990195926	0.0012427433470925111
48.60575311819717	0.0012130754036118049
49.03797596535735	0.001184102375750711
49.474042320284134	0.0011558349462758393
49.913986361068694	0.0011282348362635268
50.357842569728454	0.0011012955658104868
50.80564573490948	0.001074985599202261
51.257430954612886	0.0010492809246953076
51.71323363894634	0.0010242277407873843
52.17308951289878	0.0009997384598178336
52.637034619141055	0.0009758256439593276
53.10510532085067	0.0009524897241400924
53.577338304561515	0.0009297055382407438
54.05377058304002	0.0009074635901260546
54.534439498185336	0.0008857492510894203
55.0193827239569	0.0008645099444464712
55.50863826932651	0.0008437786789932792
56.002244481258046	0.0008235926838918234
56.50024004771276	0.0008038577777813052
57.00266400068127	0.000784589868652966
57.5095557192435	0.0007657791062203947
58.020954932654355	0.0007474081729547923
58.536901723458335	0.0007294791982909205
59.05743653063081	0.0007119840359399148
59.58260015274727	0.0006948984824436036
60.11243375118175	0.0006782161239343018
60.646978853332136	0.0006619420300425692
61.1862773558759	0.0006460245028517769
61.73037152805298	0.0006304913578391105
62.279304014979544	0.0006153445855448393
62.83311784099012	0.0006005688555325519
63.391856413009414	0.0005861297566197533
63.955563523955256	0.0005719957572087309
64.5242833561701	0.0005582538375397466
65.0980604848848	0.0005448068225799703
65.67693988171187	0.0005316989471155573
66.26096691817011	0.0005188957473040548
66.8501873692414	0.0005063963046631382
67.4446474169576	0.0004941997196959639
68.04439365402112	0.00048229028570897435
68.64947308745589	0.00047065739542357933
69.25993314229243	0.0004593057578432253
69.87582166528466	0.000448244304850505
70.4971869286596	0.00043739601710002777
71.1240776339018	0.000426848467571717
71.75654291556941	0.00041653554727384646
72.39463234514616	0.0004064736087073411
73.03839593492634	0.00039666660688994704
73.68788414193423	0.0003870763574551945
74.34314787187978	0.00037770473627624963
75.00423848314745	0.0003685793605586325
75.6712077908226	0.00035965836899503326
76.34410807075169	0.00035095066854404986
77.0229920636404	0.00034245916188352355
77.70791297918703	0.0003341720492792495
78.39892450025253	0.00032607743028285414
79.09608078706903	0.0003181737786439151
79.79943648148372	0.0003104599535888968
80.50904671124269	0.0003029285404228417
81.22496709431063	0.00029557918680949124
81.94725374323102	0.00028840590075236304
82.67596326952378	0.0002813994216181776
83.41115278812184	0.00027456628647713245
84.15287992184884	0.00026789723476694
84.90120280593419	0.00026138811959913413
85.65618009257078	0.0002550348295562801
86.4178709555115	0.0002488323233963263
87.18633509470675	0.00024278074249059505
87.96163274098465	0.00023686628360404947
88.74382466077064	0.0002310988508624782
89.53297216085144	0.00022546936771828866
90.32913709317893	0.00021997416882584852
91.13238185971927	0.00021461041481313816
91.9427694173424	0.00020937482140122104
92.76036328275842	0.00020426706461101687
93.58522753749382	0.0001992851533741497
94.41742683291535	0.0001944192398392784
95.25702639529666	0.00018966725039541076
96.10409203093191	0.0001850305022342815
96.95869013129156	0.00018050916210331336
97.82088767822702	0.00017609426915794443
98.69075224922157	0.00017178647443338784
99.56835202268496	0.00016757946114339187
100.45375578329805	0.00016347650114654784
101.34703292740517	0.00015947747919346135
102.24825346845114	0.00015554103016726152
103.15748804247018	0.00015173464395073165
104.07480791362154	0.00014802029872371456
105.00028497977654	0.00014439409484028103
105.93399177815155	0.0001408539053301652
106.87600149099445	0.00013739706455639735
107.82638795132168	0.00013402074507917684
108.7852256487028	0.00013072350326788558
109.75258973510046	0.0001275042401724912
110.72855603075978	0.00012435790540416396
111.7132010301527	0.00012128800992668161
112.70660190797106	0.00011828726582346891
113.7088365251766	0.0001153770832421432
114.71998343510468	0.00011254391665963643
115.74012188961895	0.0001097589686094387
116.76933184532434	0.0001070321257973452
117.80769396983327	0.00010439357428493493
118.8552896480898	0.0001018281791182367
119.91220098874594	0.0000993019818979201
120.97851083059848	0.00009685044546728625
122.054302749083	0.000094442416078812
123.13966106282179	0.00009209685035933406
124.23467084023382	0.00008982288521647032
125.33941790620369	0.00008759757634514738
126.45398884880571	0.00008541750597902602
127.57847102609226	0.00008330163028603926
128.71295257293994	0.00008122919209459864
129.85752240795918	0.00007920212427789415
131.01227024046077	0.00007723768933180452
132.17728657748856	0.00007531792505271096
133.35266273091457	0.0000734399345165779
134.53849082459305	0.00007160162851251748
135.7348638015829	0.00006981011297865052
136.94187543143136	0.00006807281396661199
138.1596203175255	0.0000663774894128811
139.38819390450416	0.00006470792147167703
140.62769248574006	0.00006308982783753173
141.87821321088873	0.00006151603344595763
143.13985409349988	0.00005997706580329896
144.4127140187015	0.00005847058229991305
145.69689275094936	0.000057004030656830697
146.99249094184836	0.00005557367351410671
148.2996101380383	0.0000541746584137778
149.61835278915459	0.00005281645318199213
150.94882225585948	0.000051485539815896626
152.29112281794028	0.00005019087028731138
153.64535968248407	0.00004892445256304143
155.01163899212537	0.000047689626196854464
156.39006783336214	0.000046484221653147135
157.78075424495105	0.00004530913394770217
159.1838072263745	0.00004416320076454632
160.59933674638592	0.00004304508251354515
162.02745375162547	0.00004195978022322504
163.46827017531768	0.000040890130428884066
164.9218989460462	0.00003985830556340803
166.38845399660156	0.00003884790689596088
167.86805027291317	0.000037855670134707995
169.3608037430576	0.000036892050375443365
170.8668314063502	0.000035955281835975284
172.38625130251177	0.00003503901135212121
173.91918252092202	0.00003414552536539883
175.46574520995554	0.000033270783408448
177.02606058639503	0.000032418925856163004
178.60025094493454	0.000031589344944463854
180.18843966776345	0.00003078079398856536
181.79075123423948	0.000029993289036241795
183.40731123064143	0.000029223226470846675
185.03824636001414	0.00002847236104348012
186.68368445210135	0.00002774227798713365
188.34375447336078	0.000027027338823312015
190.01858653707424	0.000026330701659898176
191.70831191354773	0.000025651812872440802
193.41306304039614	0.00002498974079657495
195.1329735329261	0.000024344633356541695
196.86817819460717	0.000023713204038531962
198.61881302764039	0.000023097868846785082
200.38501524361342	0.000022499947951388338
202.16692327425739	0.000021916579794631805
203.96467678229874	0.00002134736508481638
205.77841667240165	0.000020789497307821483
207.60828510221472	0.00002024841764951226
209.45442549351148	0.000019720486754273756
211.31698254343465	0.000019205427985311677
213.19610223583265	0.000018704548669396045
215.0919318527038	0.00001821596944837051
217.00461998574235	0.000017737714993154743
218.93431654798025	0.000017271544283678347
220.8811727855401	0.000016818941086355393
222.8453412894879	0.00001637678276941803
224.82697600779625	0.000015945584636621596
226.82623225740554	0.000015524405731491487
228.84326673639993	0.000015114814653982002
230.87823753629135	0.000014715875340978079
232.93130415440572	0.000014326220911121056
235.00262750638643	0.000013946503942896901
237.09236993880901	0.000013577297347832213
239.2006952419008	0.000013216678060830047
241.3277686623816	0.000012864506727109333
243.47375691641395	0.000012522152882595377
245.63882820267327	0.000012187870233839793
247.82315221552602	0.00001186255916408371
250.02690015833244	0.000011545672352488945
252.25024475686786	0.000011235977362058381
254.4933602728554	0.000010934331168393968
256.7564225176277	0.000010641541646911595
259.0396088659051	0.0000103543146312221
261.34309826970133	0.000010076218094831279
263.66707127234423	9.804643556177675e-6
266.0117100226289	9.539269382240657e-6
268.37719828909724	9.281657458829237e-6
270.76372147443556	9.030821010998434e-6
273.17146663001006	8.785466074701322e-6
275.60062247052554	8.546589895721846e-6
278.05137938882035	8.31459244041711e-6
280.5239294707834	8.08772259727978e-6
283.0184665104123	7.86713109577629e-6
285.53518602500543	7.6522309564316e-6
288.0742852704805	7.442959019378793e-6
290.63596325683807	7.2388281482860296e-6
293.22042076376243	7.039986647877794e-6
295.82786035635246	6.846414658870123e-6
298.45848640100235	6.657656425335685e-6
301.11250508141734	6.4743535386722325e-6
303.7901244147782	6.295380141815879e-6
306.49155426803907	6.121259535172443e-6
309.21700637437954	5.951825722716693e-6
311.966694349803	5.78634217539114e-6
314.74083370987324	5.625258122060571e-6
317.5396418866104	5.468648986467221e-6
320.36333824553054	5.315957199195118e-6
323.212144102844	5.167277636112383e-6
326.0862827427945	5.022653210317576e-6
328.98597943516353	4.881574517132746e-6
331.9114614529298	4.744227784496601e-6
334.8629580900759	4.61092263429735e-6
337.840700679564	4.480883742083226e-6
340.84492261146556	4.35423894899477e-6
343.8758593512585	4.2310576042198465e-6
346.9337484582753	4.110947269843272e-6
350.0188296043263	3.994179762330333e-6
353.13134459248823	3.880442670682681e-6
356.27153737604897	3.7697439213732604e-6
359.43965407763193	3.662078228578797e-6
362.6359430084904	3.5571957381730654e-6
365.8606546879623	3.4551785356551246e-6
369.1140418631103	3.3558443255901404e-6
372.39635952852905	3.259175476774068e-6
375.7078649463369	3.1652546792511203e-6
379.0488176663311	3.0735393365753758e-6
382.4194795463354	2.9845811862534114e-6
385.82011477272766	2.8980723877031036e-6
389.25098988113814	2.813774598695777e-6
392.7123737773459	2.7319290661422497e-6
396.204537758352	2.652316994021936e-6
399.72775553364903	2.574799030589613e-6
403.2823032466656	2.4994359843812638e-6
406.86845949641406	2.4261881224986877e-6
410.4865053593309	2.355124622979936e-6
414.13672441129853	2.285870943113164e-6
417.819402749877	2.218699974249539e-6
421.53482901672504	2.153290175554019e-6
425.28329442022914	2.0897474432594266e-6
429.0650927583191	2.0281296296367163e-6
432.8805204414997	1.9682304598269834e-6
436.7298765160874	1.9099491689849076e-6
440.6134626876401	1.8534124347896824e-6
444.5315833446086	1.798446348382236e-6
448.4845455821988	1.7451106177387064e-6
452.4726592264321	1.6933782652836027e-6
456.4962368584348	1.6430281132065219e-6
460.55559383893495	1.5941755302702923e-6
464.6510483329859	1.5467879956230719e-6
468.7829213348939	1.5007521848164922e-6
472.9515366933819	1.4560557877893633e-6
477.1572211369772	1.4126263254997735e-6
481.40030429960996	1.3704648487297759e-6
485.6811187464557	1.3295993755686563e-6
489.99999999999807	1.2899456780611819e-6
