0.000010100000000000005	1.5521461041195802e-22
0.000010189813457795877	1.5517233380384145e-22
0.000010280425574720605	-1.5035801092959964
0.00001037184345278781	18.64485342606166
0.00001046407425716529	30.236848015178058
0.000010557125216736457	28.715333785282137
0.000010651003624667081	28.963100818062323
0.000010745716838976756	29.21136364521371
0.00001084127228311575	29.46183930058391
0.000010937677446546777	29.71483856997169
0.000011034939885331955	29.969842713094113
0.000011133067222725169	30.227833069069753
0.00001123206714976941	30.488158984447477
0.000011331947425899729	30.750638516601423
0.000011432715879551343	31.01444163816992
0.000011534380408773153	31.2807473752829
0.000011636948981846925	31.550934979195937
0.00001174042963791166	31.82121962522638
0.000011844830487593838	32.09482542510018
0.000011950159713643045	32.37063195966317
0.000012056425571573264	32.649693923514164
0.000012163636390310075	32.92997178749022
0.000012271800572843288	33.21206638675657
0.000012380926596885729	33.49707869041293
0.00001249102301553753	33.785080226422494
0.000012602098457956664	34.076396009206825
0.000012714161630035213	34.37040874877741
0.000012827221315081656	34.66509046579359
0.000012941286374509442	34.963211749692235
0.000013056365748531354	35.26232783267167
0.000013172468456860405	35.56581555583397
0.000013289603599416613	35.87244499032137
0.000013407780357040384	36.17990975856812
0.00001352700799221203	36.49024428390722
0.00001364729584977767	36.805037688834034
0.000013768653357681831	37.12158830341541
0.000013891090027706203	37.438948783911655
0.000014014615456215319	37.76253769435275
0.000014139239324908628	38.086214466798154
0.000014264971401579264	38.41329429195049
0.000014391821540879791	38.74470286407834
0.0000145197996850944	39.077417221815544
0.000014648915864918335	39.41201690150394
0.000014779180200244018	39.75102391371558
0.000014910602900954138	40.093766051988624
0.000015043194267722072	40.4382330429649
0.000015176964692819019	40.78477307629076
0.000015311924660928744	41.13480549486097
0.00001544808474996913	41.4889263248823
0.000015585455631921448	41.846195292970684
0.000015724048073666725	42.205619412805845
0.000015863872937829552	42.567808493607664
0.000016004941183629664	42.933962911842976
0.000016147263867740686	43.30245327345814
0.00001629085214515697	43.675529750388215
0.00001643571727006765	44.051437027510204
0.000016581870596738946	44.42967356192346
0.00001672932358040401	44.81147942780332
0.000016878087778160652	45.197107126496604
0.000017028174849877402	45.5855957093355
0.000017179596559107126	45.976650488414236
0.000017332364774009253	46.37051363501239
0.000017486491468279893	46.76980656369869
0.000017641988722090213	47.171317324584145
0.000017798868723033486	47.5783129586139
0.000017957143767080063	47.987069877797275
0.000018116826259541358	48.3990148556214
0.00001827792871604203	48.81602929737588
0.00001844046376350086	49.23567344609421
0.000018604444141120647	49.658407444982835
0.00001876988270138641	50.08509237591847
0.000018936792411073024	50.51465512302575
0.000019105186352261253	50.94978686477099
0.00001927507772336334	51.38750905845264
0.00001944647984015738	51.829327505633714
0.00001961940613683087	52.27471386937657
0.000019793870167033913	52.7234690701428
0.000019969885604941226	53.17715727213183
0.00002014746624632421	53.632718322924056
0.000020326626009631934	54.09477759355749
0.00002050737893708229	54.560766410952596
0.000020689739195762483	55.02841071482869
0.00002087372107873934	55.50193783032262
0.00002105933900617979	55.97939728216274
0.00002124660752648083	56.45957573241964
0.000021435541317410043	56.94440546235835
0.00002162615518725591	57.43371872571277
0.000021818464075988345	57.92755419895128
0.000022012483056429924	58.425950937829526
0.000022208227335436955	58.92901529424837
0.00002240571225509165	59.435903213311114
0.000022604953293904477	59.944859276945614
0.000022805966068027227	60.4612062207193
0.000023008766332477253	60.98264806131736
0.00002321336998237201	61.50449100827612
0.000023419793054175194	62.03318763955365
0.000023628051726953336	62.5632102613776
0.000023838162323644168	63.10619292631527
0.000024050141312335872	63.64839622148088
0.00002426400530755768	64.19456585288242
0.00002447977107158239	64.74508560380941
0.000024697455515739837	65.2998967251915
0.000024917075701742687	65.8619106605267
0.000025138648843023383	66.43052346533074
0.000025362192306083596	66.99982661721133
0.000025587723611855248	67.57308289359113
0.000025815260437073646	68.15740537747841
0.000026044820615663255	68.74128130421596
0.000026276422140135128	69.33337328044166
0.000026510083162997463	69.93110677667872
0.000026745821998178196	70.53060627930677
0.000026983657122460306	71.1347535340981
0.000027223607176930292	71.74582261887166
0.00002746569096843887	72.36274344288988
0.000027709927471075345	72.98364842079327
0.000027956335827654613	73.61375430120437
0.000028204935351217415	74.24613041739171
0.000028455745526544383	74.88378931295344
0.000028708786011682838	75.52854663350618
0.00002896407663948794	76.17875738185822
0.000029221637419176757	76.83325594822405
0.00002948148853789691	77.4921493082366
0.000029743650362308637	78.1558320530295
0.00003000814344018095	78.82916028127775
0.00003027498850200251	79.50737448311394
0.00003054420646260599	80.19019153319853
0.00003081581842280779	80.87740646122583
0.00003108984567106147	81.5723447828264
0.00003136630968512662	82.27528654751977
0.00003164523213375216	82.98266373829338
0.000031926634878374474	83.69544633002887
0.00003221053997483128	84.41604998649488
0.000032496969675089866	85.14170339042974
0.000032785946428991654	85.87217116194851
0.000033077492886011257	86.61206034143574
0.00003337163189703215	87.35763716713787
0.000033668386516137507	88.10678447279032
0.00003396778000241694	88.86356450184562
0.000034269835821789865	89.62906868869808
0.00003457457764884456	90.39835947996089
0.00003488202936869353	91.1782561127296
0.00003519221507884602	91.96182959661766
0.00003550515909109624	92.74839805761167
0.000035820885933429366	93.54606333911885
0.00003613942035194351	94.34952288039102
0.000036460787312789704	95.15831484522208
0.000036785012004128534	95.97811831324084
0.00003711211983810412	96.80467995554945
0.00003744213645283636	97.6329903522528
0.00003777508771442984	98.47558391800644
0.00003811099971900172	99.32268552840291
0.00003844989879472658	100.1731779712726
0.000038791811503900416	101.03579950677357
0.00003913676464502237	101.9035469106836
0.00003948478525489491	102.77774675482813
0.00003983590061074346	103.66509104025144
0.00004019013823235371	104.55463473546314
0.00004054752588422921	105.45113214998561
0.00004090809157776686	106.35494653445454
0.000041271863573452946	107.27025505882759
0.000041638870383077904	108.19422946751307
0.00004200914077197081	109.12349933995512
0.00004238270376125441	110.06027272006267
0.00004275958863011947	111.0062122516869
0.00004313982491811948	111.96120458936666
0.000043523442427486374	112.92728459922334
0.00004391047122546579	113.89629286177166
0.00004430094164667431	114.87337274353318
0.00004469488429547639	115.86047283676321
0.00004509233004838364	116.85841188532277
0.000045493310056474615	117.86173592824562
0.00004589785574783617	118.87346917144167
0.00004630599883002728	119.8964020250496
0.00004671777129256355	120.92514695771654
0.00004713320540942521	121.96295747724808
0.000047552333741585964	123.01161419153772
0.000047975189139565684	124.0692586040719
0.000048401804746004914	125.133656836069
0.00004883221399826228	126.20981861089953
0.00004926645063103583	127.29569308602927
0.00004970454867900642	128.38923576346687
0.000050146542479505995	129.49220630852133
0.00005059246667520818	130.6045280420917
0.00005104235621684411	131.72628172069415
0.00005149624636594157	132.85739602500865
0.00005195417269758844	134.0031809104184
0.00005241617110322154	135.15547932044387
0.000052882277793439496	136.313838781453
0.00005335252930084056	137.48432232590753
0.0000538269624828866	138.66803062367816
0.00005430561452479123	139.86157703675684
0.00005478852294243502	141.06461791800655
0.00005527572558530517	142.27392698086567
0.0000557672606394628	143.4957195604032
0.000056263166630535555	144.72876285561233
0.00005676348242673692	145.97448251234908
0.000057268247241913305	147.22833444795552
0.00005777750063861679	148.49364065398007
0.00005829128253120673	149.77171068067054
0.00005880963318897741	151.0569434374528
0.00005933259323931493	152.35383008431475
0.000059860203670881267	153.66471967266668
0.000060392505836826514	154.98706924156548
0.00006092954145803086	156.3169276851749
0.0000614713526263737	157.6574235256827
0.00006201798180803362	159.01342244280482
0.0000625694718468159	160.3830058418959
0.00006312586596751135	161.76088655214193
0.00006368720777928384	163.14797477866733
0.00006425354127908797	164.55010720020442
0.00006482491085511825	165.96507331623644
0.0000654013612902873	167.39020930619887
0.00006598293776573658	168.82783462625903
0.00006656968586437736	170.28070108051753
0.00006716165157446298	171.7447815007819
0.00006775888129319421	173.21904288150583
0.00006836142183035478	174.70818977679423
0.00006896932041198116	176.21151506445548
0.0000695826246840636	177.72181087791466
0.00007020138271628026	179.24832870771155
0.00007082564300576559	180.7891227432138
0.00007145545448091052	182.3421293186579
0.00007209086650519839	183.91030808391142
0.0000727319288810729	185.49331695905283
0.00007337869185384246	187.08598863101713
0.00007403120611561799	188.69005620933183
0.00007468952280928557	190.31548819048845
0.00007535369353251596	191.95328948372796
0.00007602377034180762	193.5988971924976
0.00007669980575656786	195.26403795212826
0.00007738185276322817	196.939990023151
0.00007806996481939814	198.6303289597227
0.00007876419585805493	200.33850375381667
0.0000794646002917701	202.06054775645958
0.00008017123301697513	203.79505171697429
0.00008088414941826371	205.54586482802767
0.0000816034053727324	207.31361709557862
0.00008232905725436045	209.0978199539289
0.00008306116193842862	210.89500404147907
0.00008379977680597661	212.70400599740225
0.00008454495974830009	214.531703408415
0.00008529676917148897	216.37631835037217
0.00008605526400100475	218.23311758554382
0.0000868205036862985	220.1071527736742
0.00008759254820547151	221.99746539483476
0.00008837145806997497	223.90826378383466
0.00008915729432935409	225.83299582352944
0.00008995011857603167	227.7710419858887
0.00009074999295013684	229.72633129760237
0.00009155698014437491	231.70119269202908
0.00009237114340894069	233.69172728048233
0.00009319254655647702	235.69677551857276
0.00009402125396707504	237.72310370424842
0.00009485733059332145	239.7666858189221
0.00009570084196538803	241.82805316047623
0.000096551854196169	243.9045048765371
0.00009741043398646233	245.99815856838475
0.00009827664863019706	248.11167014195303
0.00009915056601970873	250.24273462252484
0.0001000322546510602	252.3962206219804
0.00010092178362940978	254.56947510853692
0.00010181922267442802	256.74117370994776
0.0001027246421257625	258.9532280051587
0.00010363811294855064	261.1854545212161
0.00010455970673898118	263.41703578447
0.00010548949572990696	265.67849892561117
0.00010642755279650574	267.9741418002653
0.00010737395146199158	270.27639250221534
0.00010832876590337868	272.5910400165795
0.00010929207095729373	274.9440123105771
0.00011026394212584308	277.2971502367488
0.00011124445558252881	279.6768199958996
0.00011223368817822053	282.0773881705422
0.00011323171744717812	284.49848654164794
0.00011423862161312825	286.9444893888474
0.00011525447959539671	289.41514974560823
0.00011627937101509239	291.8982529679131
0.0001173133762013495	294.4010043004048
0.0001183565761976219	296.944781714439
0.00011940905276803665	299.48963431518416
0.00012047088840380194	302.05722583610634
0.00012154216632967185	304.6580545479514
0.00012262297051047075	307.2657203030561
0.00012371338565767362	309.89613840044234
0.00012481349723604513	312.5554860726132
0.00012592339147033866	315.23930021044015
0.00012704315535205495	317.95245731686106
0.00012817287664625975	320.69127374497924
0.00012931264389846216	323.43896600434226
0.00013046254644155596	326.21577543335025
0.0001316226744028206	329.02314695738966
0.00013279311871098475	331.84314186754153
0.00013397397110335443	334.68862314895324
0.0001351653241330016	337.56613241787596
0.00013636727117602015	340.46371895481155
0.0001375799064388425	343.3808519632153
0.0001388033249656252	346.3341857784107
0.0001400376226456974	349.3180545725179
0.00014128289622107598	352.31273384937657
0.00014253924329404952	355.34142318955
0.00014380676233482633	358.39180119957484
0.00014508555268925432	361.46848313056506
0.0001463757145866055	364.5674640860805
0.00014767734914743373	367.68763560428397
0.00014899055839149927	370.8503323819996
0.00015031544524576445	374.0440604919536
0.0001516521135524623	377.2557014035406
0.00015300066807723476	380.48505709636305
0.00015436121451734345	383.75079715361977
0.00015573385950995463	387.0404248663101
0.00015711871064049776	390.36381336229454
0.0001585158764510973	393.71908867624825
0.00015992546644907912	397.0947611233017
0.0001613475911155553	400.5094978362986
0.0001627823619140826	403.9485233430491
0.00016422989129939773	407.4075721006461
0.00016569029272623357	410.9062846120252
0.00016716368065820917	414.4330191464587
0.0001686501705768034	418.0017306427576
0.00017014987899040404	421.58893604053753
0.00017166292344344142	425.1927481766141
0.0001731894225256005	428.84379926050366
0.0001747294958811148	432.5185860482961
0.00017628326421814607	436.2412519656359
0.00017785084931824262	439.9922589958764
0.00017943237404588691	443.7666711205316
0.0001810279623581229	447.57256870959276
0.0001826377393142738	451.4087137658104
0.00018426183108574305	455.2826134406633
0.0001859003649659024	459.1900276813483
0.00018755346938007097	463.1185073397694
0.00018922127389557985	467.0967858249438
0.00019090390923192692	471.10466313426633
0.00019260150727102283	475.14830400397295
0.00019431420106752852	479.2235710918477
0.00019604212485928305	483.3339775517741
0.0001977854140778239	487.4781351322004
0.00019954420535900388	491.6553468783671
0.00020131863655369945	495.8756833276063
0.00020310884673861414	500.14365988945826
0.00020491497622718153	504.43403404101383
0.00020673716658055994	508.75817307197696
0.00020857556061873076	513.1206322482091
0.00021043030243168926	517.523523224355
0.00021230153739074087	521.9498953739856
0.00021418941215989393	526.4174246015807
0.00021609407470735386	530.9420710734014
0.00021801567431712328	535.5035232637338
0.00021995436160069949	540.0876679380272
0.0002219102885088823	544.7140648135273
0.00022388360834368055	549.3867838487644
0.00022587447577033034	554.1026072953524
0.00022788304682941623	558.8479674511494
0.00022990947894910025	563.6335998810938
0.00023195393095746324	568.4662830864687
0.00023401656309495226	573.3369321117325
0.00023609753702693917	578.2492808772569
0.00023819701585639248	583.2204210620239
0.00024031516413666187	588.2006453902179
0.00024245214788437482	593.2555486645875
0.00024460813459244727	598.343923144698
0.0002467832932432142	603.4490167504338
0.00024897779432167267	608.6170403939186
0.0002511918098288429	613.853375159464
0.0002534255132952524	619.109726288945
0.0002556790797945336	624.3950902979723
0.0002579526859571493	629.7813398251958
0.0002602465099842329	635.1314667699723
0.0002625607316615589	640.6084906333442
0.00026489553237363245	646.0762839674104
0.0002672510951179052	651.6140239938129
0.0002696276045191208	657.1936777083159
0.0002720252468437822	662.8137900689894
0.00027444421001475455	668.5133842286784
0.00027688468362599037	674.2158983724743
0.000279346858957393	680.0100718021612
0.0002818309289898073	685.7934064641247
0.00028433708842014367	691.6623944788477
0.0002868655336766411	697.6043379375261
0.00028941646293426115	703.5798659419764
0.0002919900761302198	709.599984808183
0.00029458657497965894	715.6793877806975
0.00029720616299145757	721.8028691974766
0.0002998490454841815	727.9717725722215
0.0003025154296021742	734.1877774704575
0.0003052055243317955	740.5035697558192
0.0003079195405178001	746.8041229635405
0.00031065769087986204	753.1892513138698
0.0003134201900292483	759.6553913021195
0.00031620725448564105	766.1557053767008
0.00031901910269410645	772.6898552621993
0.00032185595504221476	779.2884225019656
0.0003247180338773172	785.9789583229492
0.00032760556352397116	792.6678998251311
0.00033051877030152094	799.4571944166587
0.0003334578825418403	806.2857827207101
0.00033642313060722374	813.202738477982
0.0003394147469084465	820.1488353643304
0.0003424329659229774	827.1288810118192
0.00034547802421335775	834.203253291623
0.000348550160445743	841.3360537411168
0.0003516496154086082	848.5496370524637
0.0003547766320316223	855.746505567219
0.000357931455404685	863.0413608881447
0.0003611143327971412	870.447690282818
0.00036432551367715743	877.9134095439897
0.00036756524973127655	885.4149910905927
0.0003708337948841455	892.9535043587123
0.0003741314053184138	900.5536137028311
0.0003774583394948177	908.255551432813
0.00038081485817243366	915.9971029380694
0.0003842012244291183	923.8307175684605
0.00038761770368212726	931.7312308462328
0.00039106456370891814	939.6581260460613
0.00039454207466813984	947.6707644441136
0.0003980505091208035	955.751165479997
0.0004015901420516501	963.8884383830366
0.0004051612508906994	972.1218487199501
0.0004087641155349959	980.3881918002446
0.00041239901837054806	988.7719931961867
0.00041606624429445726	997.1833511395563
0.0004197660807372524	1005.6824275750754
0.00042349881768541457	1014.2881330064455
0.00042726474770410713	1022.9244915849042
0.0004310641659601062	1031.6216789019868
0.00043489737024493503	1040.4312126357438
0.00043876466099820606	1049.285331344789
0.00044266634133116476	1058.198984120608
0.00044660271705045226	1067.2486166695335
0.00045057409668206977	1076.3027598006818
0.0004545807914955617	1085.4743775730637
0.00045862311552841405	1094.7095722008194
0.0004627013856106639	1104.0330828909748
0.00046681592138973706	1113.436613053076
0.0004709670453554977	1122.8796451373516
0.00047515508286552613	1132.4323255001916
0.00047938036217061935	1142.0726079143774
0.0004836432144405185	1151.804398664345
0.0004879439737898672	1161.578339865259
0.0004922829773043947	1171.4507158117367
0.0004966605650673411	1181.4126535543558
0.0005010770801861089	1191.4369757973486
0.0005055328688191558	1201.5521085902224
0.0005100282802031285	1211.773285173873
0.00051456366668023	1222.0456232399602
0.0005191393837258419	1232.4349220432248
0.0005237557899763805	1242.9026769803138
0.0005284132472574095	1253.4506141245797
0.0005331121206119974	1264.065842532432
0.0005378527783293295	1274.7933834844684
0.0005426355919735754	1285.6112668708108
0.0005474609364130068	1296.5079218911135
0.0005523291898493853	1307.5239319062182
0.0005572407338476003	1318.5922927776628
0.0005621959533655773	1329.747170961544
0.0005671952367844495	1341.0583223642238
0.0005722389759390005	1352.4221357683941
0.0005773275661483724	1363.8576729331219
0.0005824614062470522	1375.3803557849055
0.0005876408986161313	1387.0307697606743
0.0005928664492148437	1398.7950879282785
0.0005981384676123829	1410.6032946254932
0.0006034573670200064	1422.5700189823235
0.0006088235643234188	1434.556458502451
0.0006142374801154485	1446.7016580322716
0.0006196995387290126	1458.9401703299154
0.0006252101682703755	1471.266343235833
0.0006307698006527024	1483.6925815411598
0.0006363788716299141	1496.2052670212752
0.0006420378208308373	1508.8253005743184
0.000647747091793664	1521.601453026199
0.000653507132000715	1534.4388656661026
0.0006593183929135125	1547.3797102969743
0.000665181330008164	1560.4234931850308
0.0006710964028110646	1573.5807643725336
0.0006770640749349102	1586.8638781619054
0.0006830848141150363	1600.2398461462112
0.0006891590922460787	1613.7102592490387
0.0006952873854189591	1627.3181576821023
0.0007014701739581995	1641.029007747256
0.0007077079424595722	1654.8142190902634
0.0007140011798280775	1668.7421285836
0.0007203503793162654	1682.7861376903704
0.000726756038562896	1696.9559578489616
0.0007332186596319426	1711.2220168877927
0.0007397387490519425	1725.5832653103082
0.0007463168178557005	1740.0603842679734
0.0007529533816203381	1754.6637097757496
0.0007596489605077068	1769.4290421254398
0.0007664040793051568	1784.2565620167177
0.0007732192674666682	1799.2558855969307
0.0007800950591543487	1814.3379053235738
0.0007870319932803026	1829.5329866648665
0.0007940306135488659	1844.8844035102316
0.0008010914684992232	1860.3632659879597
0.000808215111548401	1875.9395884057697
0.0008154021010346432	1891.639032051801
0.000822653000261172	1907.4531436921839
0.0008299683775403415	1923.4458610257786
0.0008373488062381767	1939.5391818241371
0.0008447948648193158	1955.7566301395323
0.0008523071368923482	1972.0797267213245
0.000859886211255557	1988.5496945309599
0.0008675326819430673	2005.1731772211779
0.0008752471482714081	2021.9020872242374
0.0008830302148864814	2038.7724059096474
0.0008908824918109562	2055.796325592429
0.0008988045944920802	2072.8883737859646
0.0009067971438499177	2090.1594639416194
0.000914860766326015	2107.5890713760723
0.0009229960939325031	2125.1213018270023
0.0009312037643016288	2142.7972231153963
0.0009394844207357349	2160.659004622112
0.000947838712257679	2178.6461886881366
0.0009562672936617047	2196.7221835518253
0.0009647708255647609	2214.9824808986878
0.0009733499744582806	2233.3974752157696
0.0009820054127604224	2251.9017455212525
0.0009907378188687675	2270.5613365558916
0.0009995478772134956	2289.430492333104
0.001008436278311028	2308.4690700884216
0.0010174037188181492	2327.6080877938466
0.0010264509015866083	2346.860169958836
0.0010355785357182114	2366.3072613223835
0.0010447873366203945	2385.902490506266
0.0010540780260622983	2405.465173568723
0.001063451332231339	2425.2941157807854
0.001072907989790283	2445.374313024776
0.001082448739934826	2465.631319450304
0.0010920743304516916	2485.9453735273482
0.001101785515777235	2506.357949463002
0.0011115830570565788	2527.1084571990878
0.0011214677222032687	2547.8345764907613
0.0011314402859594615	2568.7672175866496
0.0011415015299566466	2590.0387883605226
0.0011516522427769133	2611.417609301567
0.0011618932200147527	2632.772614360219
0.0011722252643394176	2654.307219284664
0.001182649185557835	2676.1640830403867
0.0011931658006780759	2698.183224172638
0.0012037759339733904	2720.257019428733
0.0012144804170468179	2742.5111759323313
0.0012252800888963584	2764.9978588280833
0.0012361757959807374	2787.4909208616104
0.0012471683922857478	2810.3483565940105
0.001258258739391185	2833.3515715063704
0.0012694477065383729	2856.4459387948987
0.0012807361706982999	2879.8156927628543
0.0012921250166403465	2903.334095279149
0.0013036151370016365	2926.9293664119473
0.001315207432357	2950.768164184828
0.0013269028112895568	2974.856547603654
0.001338702190461931	2998.986402300898
0.0013506064946881	3023.333113407996
0.0013626166570058736	3047.9385724423014
0.0013747336187500284	3072.6743736985322
0.0013869583296260862	3097.535977276088
0.0013992917477847514	3122.662484069884
0.0014117348398970068	3148.0316870954844
0.0014242885812298847	3173.486680411049
0.001436953955722899	3199.0165614625016
0.0014497319560651707	3224.9415453587844
0.0014626235837732302	3250.9336081375104
0.0014756298492695152	3277.119545389964
0.0014887517719615643	3303.63168394195
0.001501990380321922	3330.2328855204773
0.0015153467119687404	3357.0024340407917
0.00152882181374711	3383.9954335781667
0.0015424167418111097	3411.1435123113974
0.0015561325617065864	3438.514958466048
0.0015699703484546672	3466.0532412545913
0.0015839311866360257	3493.8749462040555
0.0015980161704758785	3521.89858486741
0.001612226403929757	3550.0077851202086
0.0016265630007700294	3578.3279371006483
0.001641027084673198	3606.923815147939
0.001655619789307968	3635.642036951142
0.0016703422584241105	3664.5341082113214
0.0016851956459420958	3693.7147674620087
0.0017001811160435437	3723.060868339345
0.0017152998432624677	3752.6749241836615
0.0017305530125773325	3782.5503705469064
0.00174594181950393	3812.571603989176
0.0017614674701890865	3842.7805874412893
0.0017771311815051902	3873.13928246176
0.0017929341811455724	3903.6967990950093
0.001808877707720732	3934.563911253578
0.001824963010855414	3965.657205026637
0.0018411913512865515	3996.915500105019
0.001857564000962088	4028.3634327045957
0.001874082243140658	4060.0039484428466
0.0018907473724921753	4091.817520984988
0.0019075606951993041	4123.871672855308
0.0019245235290598353	4156.247729560957
0.0019416372035899719	4188.727792409981
0.0019589030601285403	4221.530344492713
0.001976322451942112	4254.555632814399
0.0019938967443310783	4287.665192522446
0.002011627314736655	4321.018987050475
0.0020295155528488474	4354.732404338439
0.002047562860715368	4388.609956652337
0.002065770652851534	4422.564009416515
0.002084140356351123	4456.924496661639
0.0021026734109982357	4491.367252687273
0.0021213712693801375	4526.195959428186
0.0021402353970011146	4561.152015272588
0.002159267272397332	4596.308786558053
0.0021784683872527267	4631.746399010625
0.002197840246515913	4667.340059043183
0.0022173843685181454	4703.114660245756
0.002237102285092319	4739.288650655952
0.002256995541693033	4775.519234670126
0.002277065697517718	4812.067002292628
0.0022973143256288524	4848.864664649661
0.0023177430130772426	4885.802582731583
0.002338353361026422	4922.9894154006415
0.002359146984878145	4960.482238740083
0.0023801255143990003	4998.169016801747
0.002401290593848144	5036.018633418694
0.0024226438821061866	5074.167332793812
0.002444187052805196	5112.613531128551
0.002465921794459885	5151.224573935403
0.002487849810599951	5189.924268320836
0.0025099728199035956	5229.029956820186
0.002532292556332229	5268.374427634232
0.0025548107692663848	5307.828920614753
0.0025775292236428172	5347.6051532506135
0.0026004497000928464	5387.637967960938
0.0026235739950819163	5427.891768164793
0.0026469039210503973	5468.328814655346
0.002670441306555644	5508.8927106766405
0.0026941879964153185	5549.784888803326
0.002718145851851974	5591.015407506546
0.00274231675063894	5632.420470349527
0.0027667025872474996	5673.9892134177335
0.0027913052729953715	5715.855358047296
0.002816126736196517	5757.959570597451
0.0028411689223122832	5800.22077041692
0.0028664337941038736	5842.738364949134
0.0028919233317861942	5885.565767900513
0.002917639533183056	5928.5687079462605
0.0029435844138837623	5971.705041393431
0.002969760007401083	6015.102127738186
0.0029961683653306486	6058.760003699756
0.003022811557511736	6102.6122708605335
0.0030496916721895065	6146.912864906746
0.003076810816178679	6191.0459871977155
0.003104171115028657	6235.776166088737
0.0031317747131901215	6280.972796122469
0.0031596237741831224	6325.828224229993
0.0031877204807666333	6371.093139364444
0.0032160670351096435	6416.732825659357
0.003244665658963757	6462.290750938135
0.00327351859383733	6508.659394335059
0.003302628101171153	6554.411457869549
0.0033319964625157105	6600.702417918001
0.003361625979709986	6647.542842649524
0.003391518975061889	6694.370134630695
0.0034216777915302703	6741.527919767697
0.0034521047929085584	6789.003187809649
0.003482802364010026	6836.421812393131
0.0035137729108547203	6883.882176148234
0.0035450188608580234	6931.810154055709
0.003576542663020922	6980.2699611601565
0.0036083467881219515	7028.668669324314
0.003640433728910852	7077.098014111776
0.003672806000303942	7125.903864655455
0.0037054661395812447	7174.908343544714
0.003738416706585339	7224.1744855874085
0.003771660283922004	7273.715529280317
0.003805199477162641	7323.307430842049
0.0038390369150484885	7373.332259074444
0.003873175249696657	7423.309612056823
0.003907617156808012	7473.779030408306
0.003942365335876867	7523.905579433499
0.003977422510402583	7574.668364314321
0.004012791428103021	7625.798592415599
0.004048474861129913	7676.855574876824
0.004084475606286125	7727.947119751942
0.004120796485244886	7779.048259328062
0.004157440344770922	7830.775809303066
0.004194410056943593	7882.879333313253
0.004231708519382002	7935.026927226047
0.0042693386554720995	7987.085476973232
0.004307303414595815	8039.190887791646
0.0043456057723622364	8091.583201119461
0.00438424873084081	8144.497443639298
0.004423235318796654	8197.599991600742
0.004462568591927941	8250.242107260232
0.004502251633105401	8303.46503549095
0.004542287552613947	8357.260323595949
0.004582679488396467	8410.439544313163
0.004623430606299748	8463.98350048353
0.004664544100322628	8518.04349670525
0.004706023192866327	8572.28401896399
0.004747871134987014	8626.532893931559
0.004790091206650617	8680.76286243875
0.004832686716989919	8735.111749027841
0.004875661004563888	8789.825215187388
0.004919017437619376	8844.632548351292
0.004962759414355102	8899.439729889355
0.005006890363188002	8954.210171520095
0.005051413743021938	9009.231183703114
0.0050963330435188125	9064.499955704941
0.005141651785372064	9120.027160316278
0.005187373520582622	9175.829982089323
0.005233501832737307	9231.09391782136
0.005280040337289705	9286.906953333828
0.005326992681843534	9342.760266245374
0.0053743625464385564	9398.64195009263
0.005422153643838985	9454.447723518742
0.005470369719824501	9510.559724841636
0.00551901455348384	9566.980356913162
0.005568091957510986	9623.308072105452
0.005617605778504001	9679.61321576589
0.005667559897266533	9735.980337487816
0.005717958229111956	9792.394273244141
0.0057688047241702695	9849.196698704698
0.00582010336769769	9905.682378426633
0.005871858180389016	9962.384973421409
0.00592407321869275	10019.025737723356
0.005976752575129064	10075.56030818408
0.006029900378610528	10132.56141360341
0.0060835207947657465	10189.443024937958
0.0061376180262658515	10246.337695123779
0.006192196313153898	10303.248562295461
0.0062472599331771855	10360.091265233259
0.0063028132021225635	10417.009643463061
0.006358860474154658	10473.933477973149
0.006415406142157172	10530.84048954811
0.0064724546380771795	10587.755489928495
0.006530010433272496	10644.64350668734
0.006588078038862133	10701.572123577957
0.006646662006079887	10758.466154506685
0.00670576692663103	10815.330751929405
0.006765397433052218	10872.280349982975
0.006825558199074574	10928.8166074026
0.006886253939990011	10985.467775864821
0.006947489413020799	11042.202448459278
0.00700926941769245	11098.760723619727
0.007071598796209865	11155.609071924695
0.007134482433836875	11211.966330298339
0.007197925259279139	11268.37030241362
0.0072619322450704436	11324.286807133394
0.007326508407962436	11380.53009381344
0.007391658809317852	11436.64911863132
0.007457388555507182	11492.53114458554
0.007523702798308917	11548.428019686484
0.007590606735313341	11604.165890793056
0.007658105610329895	11659.504914468052
0.007726204713798182	11714.849089047395
0.007794909383202643	11770.198999804616
0.007864225003490861	11825.069664995533
0.007934157007495647	11879.880449894306
0.008004710876360855	11934.777834625176
0.008075892139970982	11989.390234303342
0.008147706377384576	12043.440926041972
0.008220159217271553	12097.34928538041
0.008293256338354309	12151.574847066593
0.008367003469852845	12204.816410861426
0.008441406391933798	12258.625315193936
0.008516470936163485	12311.573070365635
0.00859220298596496	12364.267349433456
0.008668608477079178	12417.053904756893
0.008745693398030186	12469.59267488274
0.008823463790594512	12521.615296311995
0.008901925750274715	12573.305797925774
0.008981085426777129	12624.940358205748
0.009060949024493859	12676.143625757237
0.009141522802989107	12726.889161560926
0.009222813077489737	12777.095662524182
0.009304826219380273	12827.208160656304
0.009387568656702285	12877.100822253362
0.009471046874658193	12926.4596100084
0.009555267416119574	12975.524274881249
0.009640236882139963	13024.471832667019
0.009725961932472276	13072.4505776038
0.009812449286090737	13120.541223239143
0.009899705721717524	13167.67260648423
0.009987738078354071	13214.817708450946
0.010076553255817099	13261.563360473763
0.010166158215279395	13307.3376880339
0.010256559979815458	13352.560781923501
0.010347765634951902	13397.901399757564
0.010439782329222836	13442.981830432422
0.010532617274730148	13486.716384637384
0.010626277747708777	13530.543520845988
0.010720771089097	13573.520653113073
0.010816104705111844	13615.9305176839
0.010912286067829506	13657.990677355438
0.01100932271577105	13699.108661440021
0.011107222254493242	13739.5823873721
0.01120599235718467	13780.278558051117
0.011305640765267133	13819.93987322985
0.011406175289002451	13858.383367627926
0.011507603808104555	13896.926082936157
0.011609934272357122	13934.497750488226
0.011713174702236658	13971.64944419291
0.011817333189541125	14008.018308256798
0.011922417898024156	14043.42512327958
0.012028437064034954	14078.243696341697
0.012135398997163777	14112.404210403152
0.012243312080893277	14145.916946952717
0.012352184773255566	14178.527519915182
0.012462025607495143	14210.504158489864
0.012572843192737703	14241.624418789726
0.012684646214664948	14272.055741734433
0.012797443436195294	14301.740543810978
0.01291124369817073	14330.515652763144
0.013026055920049741	14358.507125804763
0.013141889100606393	14385.884731494516
0.013258752318635636	14412.375462293254
0.013376654733664926	14437.998793485494
0.013495605586672062	14462.585809296155
0.013615614200809532	14486.265955174018
0.013736689982135217	14509.090355476554
0.013858842420349633	14530.954724152029
0.013982081089539704	14551.87944909242
0.014106415648929206	14571.774101969877
0.014231855843635767	14590.234737779441
0.014358411505434723	14607.84959678233
0.0144860925535297	14624.090631345587
0.014614908995330064	14639.332960826468
0.014744870927235271	14653.289098951405
0.014875988535426259	14666.104965115783
0.015008272096663736	14677.989662391983
0.015141731979093718	14689.16872338197
0.015276378643060142	14699.679638616737
0.015412222641924735	14708.832451110035
0.015549274622894151	14717.543488422336
0.015687545327854536	14725.819723609566
0.01582704559421337	14733.6214613081
0.015967786355748952	14740.97854575565
0.01610977864346734	14747.539504320388
0.016253033586466948	14753.650637546993
0.016397562412810814	14759.368353980253
0.01654337645040669	14763.786136489207
0.016690487127894806	14767.725446265189
0.016838905975543706	14769.688598305538
0.016988644626153935	14771.216010433729
0.017139714815969806	14771.169890626134
0.01729212838559925	14769.144704523245
0.01744589728094192	14765.554002355053
0.017601033554125404	14760.444805212424
0.017757549364449895	14753.273955356708
0.017915456979341212	14743.913352735064
0.0180747687753123	14733.109863520043
0.018235497238933255	14720.484510982296
0.01839765496781007	14706.484114273928
0.018561254671571915	14690.646183429084
0.018726309172867342	14673.203150955394
0.01889283140836932	14654.4109299929
0.01906083442978915	14634.207486045028
0.019230331404899444	14612.726926550135
0.019401335618566252	14590.367115028233
0.019573860473790197	14567.08732148544
0.01974791949275705	14542.39597441499
0.019923526317897566	14516.754329917714
0.020100694712956738	14489.855165680687
0.020279438564072563	14461.545288813966
0.020459771880864498	14431.787044365075
0.020641708797531366	14400.421260834026
0.020825263573959283	14367.258226013439
0.021010450596839272	14332.258250305787
0.021197284380794885	14296.053702622956
0.0213857795695198	14257.860939203536
0.02157595093692565	14217.294106400677
0.021767813388299865	14174.80233177162
0.021961381961473996	14130.702723469507
0.02215667182800232	14084.924362004656
0.022353698294350983	14037.593331375634
0.02255247680309765	13988.893177317319
0.02275302293414197	13938.076212626092
0.02295535240592655	13886.54653116849
0.023159481076669056	13833.576752381707
0.023365424945605087	13779.523582114605
0.023573200154242212	13724.263753205094
0.02378282298762505	13668.142209440572
0.023994309875611783	13611.342217882466
0.02420767739416174	13553.5495204503
0.024422942266634697	13494.938673593186
0.024640121365101592	13435.29190196427
0.024859231711666933	13374.84519293651
0.025080290479802935	13313.336295076597
0.02530331499569563	13251.401058807689
0.02552832273960274	13188.358627735242
0.025755331347223825	13124.020726061115
0.02598435861108252	13059.127742440935
0.02621542248192109	12993.624329385551
0.026448541070107325	12926.581473099732
0.026683732647054127	12858.982648025123
0.026921015646651433	12790.270188709957
0.027160408666711117	12720.916786892556
0.027401930470424638	12650.420095012885
0.027645599987833665	12578.610418703749
0.02789143631731375	12506.219299940467
0.028139458727071333	12433.277190606339
0.028389686656653784	12358.650544056278
0.02864213971847316	12282.726332925542
0.028896837699343342	12206.453601929032
0.02915380056203091	12128.52994903554
0.029413048446819745	12050.2223097518
0.02967460167308971	11970.898692214734
0.02993848074090908	11890.488469063635
0.030204706332641402	11809.46208901958
0.030473299314566493	11727.569388712023
0.030744280738516035	11644.598508344812
0.03101767184352328	11561.42698356773
0.03129349405748814	11477.237083278615
0.03157176899885621	11393.004470610656
0.03185251847831362	11307.948433058302
0.03213576450049628	11222.532426647394
0.03242152926571444	11136.724305678785
0.032709835171693104	11050.364322248473
0.03300070481532704	10963.998191345463
0.03329416099445239	10877.565046421998
0.03359022670963301	10791.05695276201
0.033888925165963646	10704.216771765312
0.03419027977488853	10617.206569407608
0.03449431415603616	10530.688879439585
0.03480105213907095	10444.376629185706
0.03511051776556049	10357.847222549131
0.03542273529086033	10271.539452143663
0.03573772918601486	10185.96347775372
0.0360555241396751	10100.463388135478
0.036376145060034254	10015.025191283152
0.03669961707677939	9930.630288622633
0.03702596554306164	9846.403174973386
0.03735521603748275	9762.742825497626
0.037687394366100385	9679.798156054783
0.03802252656445057	9597.056202668573
0.038360638899588066	9514.796735547872
0.03870175787214565	9433.799733651871
0.039045910218410605	9352.58446165805
0.03939312291242077	9272.570348099734
0.03974342316807849	9193.354036516303
0.040096838441283415	9114.78832725656
0.040453396432084884	9036.949807652298
0.04081312508685248	8959.764043475156
0.041176052600466986	8883.464728164594
0.041542207418529625	8808.28731283573
0.04191161823959215	8733.634603238506
0.04228431401740592	8659.421404840195
0.04266032396319104	8586.613238041558
0.0430396775479264	8514.746837182667
0.04342240450465894	8443.88534295329
0.043808534830834626	8373.962738668573
0.04419809879064938	8304.960059249423
0.04459112691742084	8237.129012499798
0.04498765001598213	8170.5490885866075
0.04538769916509558	8104.867058297535
0.04579130571988933	8040.6923373964
0.0461985013143142	7977.46812214524
0.04660931786362368	7915.99537205497
0.04702378756687515	7855.6850962445915
0.047441942909453326	7796.85915839323
0.047863816665617016	7739.4815720383085
0.04828944190106719	7683.193563626559
0.04871885197553925	7628.4570256127345
0.04915208054541739	7575.006938053998
0.049589161566372365	7522.475658446689
0.05003012929602335	7471.377583761904
0.050475018296622404	7421.224207936113
0.05092386343776404	7371.984755055082
0.05137669989911754	7324.124039306385
0.05183356317318493	7277.29062441731
0.052294489068082504	7230.910071566858
0.05275951371034715	7185.428792020986
0.053228673547768536	7140.478259781335
0.05370200535224505	7096.981403904328
0.054179546222666596	7054.050797803898
0.054661333587822034	7011.894491642586
0.05514740520933253	6970.437165645693
0.05563779918461186	6929.435038510322
0.0561325539498517	6889.033703663383
0.056631708283034925	6849.62944110787
0.05713530130697418	6811.091167374161
0.057643372492378976	6772.522648235981
0.05815596166094898	6734.472874437237
0.058673108988494926	6696.3990293914985
0.05919485500808818	6658.791946039293
0.059721240613236866	6621.021825477002
0.06025230706109173	6583.156898231431
0.060788095975679496	6545.738376884053
0.06132864935116495	6508.219221058738
0.061874009555143154	6470.129789645575
0.06242421933195922	6431.613254408762
0.06297932180605945	6393.102919078143
0.06353936048537046	6354.177112461012
0.06410437926471002	6314.784970758022
0.06467442242922714	6274.924685580024
0.06524953465787266	6234.615887212904
0.065829761026902	6193.494504819755
0.06641514701340714	6151.081197279951
0.06700573849888193	6108.236759957873
0.06760158177281776	6063.925619827491
0.06820272353633135	6018.81865598325
0.06880921090582591	5972.328598602775
0.06942109141668311	5924.402490576089
0.07003841302698972	5875.24648942645
0.07066122412129562	5825.026208521199
0.07128957351440678	5773.891147752448
0.07192351045521105	5721.95705769151
0.07256308463053779	5669.347076153021
0.07320834616905308	5616.25918345366
0.07385934564518773	5562.6467528103785
0.07451613408310206	5508.232172526505
0.0751787629606848	5452.748807001279
0.07584728421358732	5395.959584443268
0.07652175023929522	5337.646216514862
0.07720221390123416	5277.59863008674
0.07788872853291415	5215.631577887165
0.0785813479421087	5151.8221317838
0.07928012641507319	5086.493184352489
0.07998511872079925	5020.019990835494
0.080696380115307	4952.538015877302
0.08141396634597703	4884.290380001159
0.08213793365591851	4815.60446086908
0.08286833878837851	4746.624438176461
0.08360523899118898	4677.329359779091
0.08434869202125322	4607.841412693231
0.08509875614907396	4538.137031522158
0.08585549016331911	4468.470802854157
0.08661895337543088	4398.883638560818
0.08738920562427314	4329.470956482946
0.0881663072808227	4260.371810755419
0.08895031925290049	4191.729273912107
0.08974130298994502	4123.695273176537
0.09053932048782974	4056.4276471728585
0.0913444342937209	3990.0448699378203
0.09215670751098116	3924.6650346486376
0.09297620380411424	3860.5271774831626
0.09380298740375595	3797.651463705451
0.094637123111708	3736.1964232399955
0.09547867630601653	3676.2773191455613
0.0963277129460975	3617.9776591381174
0.09718429957790516	3561.445106678911
0.09804850333914888	3506.78685601538
0.09892039196455492	3454.034952379283
0.09980003379117469	3403.2738728627405
0.10068749776374222	3354.581737728921
0.10158285344007648	3308.2133618734
0.10248617099653454	3263.793759585369
0.10339752123351056	3221.5207106021066
0.10431697558098618	3181.5245959452977
0.10524460610412854	3143.352250876088
0.10618048550893808	3107.5456866744935
0.1071246871479484	3073.4409246493547
0.10807728502597397	3041.5401797165846
0.10903835380591187	3011.5060257382256
0.11000796881459313	2983.162204576667
0.11098620604868611	2956.3594418344856
0.11197314218065439	2930.9776163905094
0.11296885456476465	2906.904920439674
0.11397342124315103	2883.9985744124683
0.11498692095193054	2862.184660292507
0.11600943312737544	2841.0099838399497
0.11704103791213888	2820.571737233964
0.11808181616153561	2800.6084599262645
0.11913184944988078	2780.87338004817
0.12019122007688188	2761.204294405916
0.12126001107409073	2741.516321647893
0.12233830621141074	2721.6509261984324
0.12342619000366194	2701.3077242876775
0.12452374771720665	2680.366160093202
0.1256310653766307	2658.5910437637094
0.12674822977148784	2635.8799900082845
0.1278753284631	2612.2727535735307
0.1290124497914222	2587.508621387132
0.1301596828819654	2561.414249836633
0.1313171176527816	2534.0632251827515
0.1324848448215129	2505.45560977255
0.1336629559125	2475.3587982316362
0.13485154326395732	2443.7318274508525
0.1360507000352096	2410.949520491992
0.13726052021399288	2376.8504001636834
0.13848109862382274	2341.398277042511
0.13971253093142438	2304.8734832456903
0.14095491365423296	2267.446287088422
0.14220834416795627	2229.100180922451
0.1434729207142087	2190.0022204496163
0.14474874240821056	2150.5585337471316
0.14603590924655566	2110.9760148778532
0.14733452211505071	2071.1163310527213
0.14864468279662052	2031.2589118203198
0.14996649397928738	1991.7387576383878
0.1513000592642187	1952.661148823841
0.1526454831738464	1914.2678041997071
0.15400287116006103	1876.8951029557459
0.15537232961247463	1840.5816035506932
0.15675396586676169	1805.40566533376
0.1581478882130696	1771.565188437364
0.1595542059045083	1739.2828014514316
0.1609730291657124	1708.7869548545718
0.16240446920147958	1680.1247446355592
0.16384863820548862	1653.2152043545786
0.16530564936909056	1628.0054773983181
0.16677561689018267	1604.580140671562
0.16825865598215792	1583.023380212616
0.16975488288293453	1563.034075243672
0.17126441486406846	1544.448544634436
0.17278737023994262	1527.3886652915444
0.17432386837704242	1511.512229315678
0.17587402970330923	1496.5931959398038
0.17743797571758133	1482.4620105733873
0.1790158289991159	1468.9984353065427
0.18060771321719563	1456.0496577350968
0.18221375314082383	1443.1982873664663
0.18383407464850116	1430.5014040648002
0.18546880473809388	1417.6146034546882
0.18711807153678686	1404.4082652734319
0.1887820043111249	1390.5917897722813
0.19046073347714676	1376.1538871830592
0.19215439061060427	1360.9393914870736
0.19386310845727758	1344.7310457089466
0.19558702094337702	1327.6049316052545
0.1973262631860422	1309.400440465093
0.19908097150393136	1290.0927424447775
0.2008512834279046	1269.9843384806072
0.20263733771180584	1248.9503136906822
0.20443927434333528	1227.109383668913
0.2062572345550238	1204.784793952195
0.2080913608353015	1182.094640181696
0.20994179693966455	1159.1230693436073
0.21180868790194515	1136.24461893626
0.2136921800456759	1113.4868531272618
0.21559242099556147	1091.1898619955477
0.2175095596890461	1069.435532858888
0.21944374638798975	1048.3921020204286
0.2213951326904442	1028.2920176660193
0.2233638715425338	1009.140454453165
0.22535011725044587	990.977914691528
0.2273540254925219	973.9740530606425
0.22937575333146193	958.0632217475604
0.2314154592266338	943.3578726301631
0.2334733030464916	929.630585057482
0.23554944608110875	917.0122520214935
0.23764405105481637	905.1785454020952
0.23975728213896055	894.0944111318053
0.24188930496476654	883.6396817447257
0.24404028663632357	873.5804399363657
0.24621039574368087	863.8315326386482
0.24839980237606007	854.1178298269637
0.2506086781351898	844.2582959720954
0.2528371961487516	834.2082487418463
0.2550855310839528	823.7855070056374
0.2573538591612153	812.8283145315224
0.2596423581679857	801.3647003042801
0.26195120747267336	789.3609942657054
0.2642805880387056	776.7803499423925
0.2666306824387142	763.7986248784001
0.26900167486884236	750.452027255058
0.2713937511631841	736.8344956937063
0.27380709880834875	723.0343099931368
0.2762419069581541	709.2365303950028
0.27869836644845536	695.5356968080299
0.2811766698120986	682.1245584040715
0.28367701129401474	669.0991438324497
0.2861995868664424	656.4682758006294
0.2887445942442865	644.444896356841
0.29131223290061825	633.0552521719682
0.2939027040823055	622.3344119163979
0.2965162108257901	612.2692736537558
0.29915295797299746	602.7823627698224
0.3018131521873953	593.8414470436546
0.3044970019701901	585.3686489055649
0.30720471767666724	577.2358137915952
0.30993651153268226	569.3361923325718
0.31269259765129026	561.571426859068
0.31547319204953145	553.8322832207729
0.31827851266536067	546.0163655064457
0.32110877937472737	538.0782812289686
0.3239642140088127	529.9403688585733
0.3268450403714121	521.5656869366585
0.32975148425648076	512.9637315169741
0.3326837734658269	504.1632809088014
0.33564213782696994	495.2218607980162
0.3386268092111526	486.2438669819465
0.3416380215515127	477.29753241207226
0.34467601086142247	468.4223329119416
0.34774101525298207	459.7516602779507
0.3508332749556868	451.31685493868935
0.35395303233525377	443.17410945225436
0.3571005319126165	435.3792497639029
0.3602760203830941	427.93695026775856
0.363479746635722	420.8340014026226
0.36671196177276444	414.01318379475714
0.3699729191293902	407.4711863460509
0.37326287429353305	401.12499951303136
0.37658208512592267	394.9461031560082
0.37993081178029287	388.8390403825305
0.38330931672377677	382.75715443422
0.3867178647574734	376.6834309330857
0.39015672303720655	370.5594057156769
0.3936261610944625	364.34991553604493
0.3971264508575129	358.093330893723
0.400657866672733	351.8107388883253
0.40422068532609895	345.5254599675276
0.4078151860648872	339.3006198743524
0.411441650619556	333.1585276958047
0.4151003632258316	327.13525332990923
0.4187916106469843	321.27237027788595
0.422515682196302	315.57429582695875
0.42627286975977124	310.0561816563961
0.43006346781894894	304.7281086503011
0.4338877734740483	299.58882040377097
0.437746086467223	294.57273191158026
0.44163870920605786	289.6745111554327
0.4455659467872767	284.86048683864493
0.44952810702064866	280.09252095666125
0.4535255004531205	275.36344507164955
0.4575584403931501	270.66206131038655
0.4616272429352684	265.96112400176384
0.46573222698485256	261.2827440849993
0.4698737142831181	256.62956789492546
0.47405202943234237	252.02053646513676
0.47826749992129974	247.48342060340582
0.4825204561509353	243.03930782780094
0.4868112314602587	238.694663268302
0.49114016215246786	234.44866685880837
0.49550758752131413	230.3058742318715
0.49991384987768844	226.27501977520203
0.5043592945764578	222.34365082925964
0.5088442700435271	218.47813459594823
0.5133691278031534	214.6781516643729
0.517934222505496	210.93324675217016
0.5225399119544105	207.2279570894559
0.5271865571354982	203.56331580695124
0.5318745222443932	199.9413195100669
0.5366041747153137	196.34388850217022
0.5413758852498576	192.80108267755827
0.5461900278460547	189.32212694994885
0.5510469798276872	185.90690701093837
0.5559471218738552	182.5544343500434
0.560890838048822	179.273284498388
0.5658785158321081	176.06252411899405
0.5709105461488683	172.91458338528338
0.5759873234005287	169.82938379172015
0.5811092454956961	166.79979729704743
0.5862767138813525	163.81696741407816
0.5914901335743115	160.86366834988402
0.5967499131929701	157.951663858818
0.6020564649893323	155.0904453404055
0.6074102048813176	152.273523294678
0.6128115524853672	149.50044945801136
0.6182609311493245	146.77747901285647
0.6237587679856242	144.10017573754521
0.6293054939047611	141.4741425848755
0.6349015436490706	138.89739713309788
0.6405473558268004	136.36187112610259
0.6462433729464845	133.87733028663428
0.6519900414516333	131.43656243040297
0.657787811755717	129.0377312746679
0.6636371382774755	126.68101856111845
0.6695384794765319	124.36215141908733
0.6754922978893219	122.08500705804381
0.6814990601653547	119.84088842214268
0.6875592371037793	117.642707869685
0.6936733036902937	115.47915547840451
0.6998417391343641	113.35084373186126
0.7060650269067932	111.25902199228307
0.7123436547776099	109.20329633704796
0.7186781148542957	107.18521135635844
0.7250689036203646	105.20351809750022
0.7315165219742663	103.24965945123552
0.7380214752686544	101.33503884797267
0.7445842733499912	99.45291876498196
0.7512054305985051	97.60704434236683
0.7578854659685152	95.78776168509408
0.7646249030290962	94.00105008682537
0.771424270005125	92.24778070801992
0.7782840998186713	90.52322374611435
0.7852049301307765	88.83381890965818
0.792187303383591	87.17005012523416
0.7992317668428849	85.5321747502157
0.806338872640952	83.92800041755679
0.8135091778198738	82.35559627579549
0.8207432443751886	80.80527172541339
0.8280416392999365	79.28232638949812
0.8354049346290939	77.79113508831888
0.8428337074844195	76.32449441224283
0.8503285401196761	74.88181233695887
0.857890019966278	73.46686248669003
0.8655187396793218	72.07822253758864
0.8732152971840471	70.71385475858783
0.8809802957226971	69.37368998960696
0.8888143439017947	68.05849495959748
0.8967180557398547	66.76647705940461
0.9046920507154972	65.49698050829831
0.9127369538160134	64.251800123482
0.9208533955863389	63.02939762567996
0.9290420121784854	61.828716805881285
0.9373034454013964	60.649821778511395
0.9456383427712464	59.49272879795111
0.9540473575622029	58.35637800018709
0.9625311488576165	57.24128143844614
0.9710903816016894	56.147031970071524
0.9797257266515883	55.07220161975828
0.9884378608300193	54.01672140217656
0.9972274669782883	52.98093453155569
1.006095234009807	51.96424871414086
1.0150418569641029	50.96415696194062
1.02406803706128	49.98168982686175
1.0331744817569934	49.024252576357064
1.0423619047978916	48.08309618297973
1.0516310262775541	47.15256742458822
1.0609825726929432	46.2422424210468
1.0704172770013305	45.354155606190346
1.0799358786777595	44.473676965155825
1.0895391237729963	43.6177356864488
1.0992277649720001	42.76937950377662
1.1090025616529293	41.9406765450601
1.118864279946645	41.12999290587807
1.1288136927967756	40.33266125198614
1.1388515800202812	39.549255059099515
1.1489787283685895	38.779988358653526
1.1591959315892537	38.024463392738106
1.1695039904881586	37.2886107872271
1.1799037129923005	36.55851888314952
1.1903959142130953	35.84611575512801
1.2009814165102792	35.14784392619431
1.2116610495563578	34.46122028693035
1.2224356504016285	33.78946697483679
1.2333060635398005	33.13020502233293
1.2442731409741694	32.47847184748362
1.2553377422844114	31.843057822330117
1.2665007346939388	31.218480614930094
1.2777629931378869	30.609378774035317
1.289125400331683	30.00656529567662
1.3005888468402254	29.415337022316322
1.3121542311476997	28.83942283247527
1.3238224597279826	28.27314545548843
1.3355944471157062	27.71419981920002
1.3474711159779293	27.168380931071077
1.3594533971864482	26.631322152406113
1.3715422298907733	26.107723434300716
1.3837385615917193	25.592581663165817
1.396043348215686	25.08537757995585
1.408457554189565	24.58910829506976
1.4209821525163453	24.1022695937042
1.4336181248513693	23.624629259753288
1.446366461579264	23.157452632495936
1.4592281618915848	22.69761362906484
1.4722042338651093	22.248598773479824
1.4852956945408669	21.80670400060082
1.4985035700038434	21.371921961209104
1.5118288954633983	20.946004202887224
1.525272715334419	20.53014485166314
1.53883608331916	20.122180365491158
1.552520062489851	19.72014099011836
1.5663257253719973	19.325358332210044
1.5802541540284614	18.939226119416805
1.594306440144265	18.56150641610802
1.6084836851121447	18.192375584423292
1.622787000118897	17.826872252449487
1.6372175062324485	17.46971450440348
1.6517763344897427	17.12007372669855
1.6664646259853808	16.77637501040856
1.6812835319610495	16.44007857257532
1.6962342138957731	16.110867887545368
1.7113178435969258	15.786724655105143
1.7265356032920989	15.469581099021347
1.7418886857217373	15.159480901701619
1.757378294232646	14.853561569688601
1.7730056428722971	14.553592155285498
1.788771956483976	14.260293196282504
1.804678470802802	13.973153459015416
1.8207264325525614	13.692021790320968
1.8369170995434414	13.416067121756601
1.8532517407706093	13.14417195024598
1.8697316365136616	12.877825873806367
1.8863580784369944	12.616966954447907
1.9031323696910145	12.361622261735672
1.9200558250143054	12.111235837912448
1.9371297708366462	11.866027675163393
1.9543555453829993	11.625710051128975
1.9717344987783874	11.389772134770132
1.989267993153704	11.15918555169111
2.006957402752499	10.932616269568888
2.02480411403866	10.709712209700745
2.042809525805107	10.491868959257424
2.0609750492834182	10.278395494912834
2.0793021082544243	10.068900545083782
2.0977921391598318	9.863904654136046
2.116446591214777	9.66320695817154
2.135266926521443	9.46604941870426
2.1542546201836266	9.273126095264416
2.1734111604223814	9.083392834912049
2.19273804869265	8.897924229222584
2.2122367998009334	8.715906120005467
2.231908942024046	8.537282935277247
2.2517560172288684	8.362729846019896
2.2717795809932237	8.191626989345655
2.291981202727788	8.023417199962477
2.312362465799088	7.859023303829055
2.3329249676536272	7.69771846383007
2.3536703199430624	7.540163026129202
2.3746001486505524	7.384801733454461
2.395716094218166	7.233279277720437
2.4170198116754884	7.084593318548411
2.4385129707693247	6.938555838626362
2.46019725609456	6.795838623638339
2.4820743672262253	6.656197366048577
2.5041460188526696	6.519016244844012
2.5264139409099893	6.3843308649396215
2.5488798787176	6.252647347512793
2.571545593115021	6.123762263835733
2.5944128605999164	5.997384348370814
2.6174834734672987	5.8731822458239655
2.640759239950041	5.751682650514508
2.664241984360567	5.632984053556753
2.68793354723387	5.51628950168795
2.711835785471756	5.401810062997683
2.73595057248837	5.290203908429749
2.760279798357066	5.180507041974935
2.7848253699585057	5.073056526464165
2.8095892111301537	4.967955860303814
2.8345732628170475	4.864782549510242
2.8597794832239116	4.763499220860633
2.8852098479686723	4.6645255658280815
2.9108663502372636	4.567802091868142
2.9367510009398887	4.472679968044217
2.9628658288685914	4.3795877498977935
2.9892128808563068	4.28836909476622
3.015794221937269	4.199019892908581
3.042611935508853	4.11149275597779
3.0696681234949024	4.025718231357321
3.096964906510432	3.941655725077153
3.1245044240278745	3.859393722435144
3.152288834544756	3.778940652799229
3.1803203157528537	3.699822039279921
3.208601064708921	3.622623468901422
3.2371332980068446	3.5468926273813133
3.2659192519514195	3.47265875301589
3.294961182733585	3.399891582420637
3.3242613666072955	3.3286550992265944
3.353822100067919	3.2589294869830168
3.3836457000322073	3.1905662926456957
3.4137345040199394	3.123595195240051
3.4440908703370785	3.0580514929217206
3.4747171782606596	2.9938172017801117
3.5056158282252508	2.9310101536301034
3.5367892420110776	2.869361410815697
3.568239862933882	2.8090079447667073
3.599970156036373	2.750021252496334
3.631982608281486	2.692234406906376
3.6642797287472515	2.63552347843842
3.6968640488235005	2.5798932957544367
3.7297381224102484	2.525680195975557
3.7629045261178473	2.4724457032422027
3.796365859468981	2.4203003020498417
3.830124745102358	2.369285370014485
3.8641838289783164	2.3192484598552956
3.8985457805861885	2.2702383871429848
3.9332132931535106	2.2223266063114218
3.9681890838571623	2.175326031791343
4.003475894036276	2.1292976257765943
4.039076489407156	2.084270177534458
4.074993660279995	2.0401828552640127
4.111230221777619	1.9969233059045868
4.147789014056116	1.9546042475731045
4.184672902527414	1.9132327742015398
4.221884778083925	1.8727134586306438
4.25942755732506	1.8330107271604903
4.297304182785892	1.7941170341543127
4.335517623167747	1.7559721824404195
4.37407087357088	1.7186601503602998
4.4129669557292655	1.682174296983918
4.452208918247381	1.6464610949464098
4.4917998368392125	1.6114428131591545
4.531742814569259	1.5771341650711197
4.5720409820958	1.543585009902844
4.61269749791625	1.5107709489433558
4.653715548614688	1.4786182832540995
4.695098349111677	1.4470726317360936
4.736849142916173	1.4162003293952328
4.778971202379808	1.386000116824354
4.821467828953345	1.3564793966615394
4.86434235344541	1.3275407721715224
4.907598136283621	1.2991936225421081
4.951238567777899	1.2714701595520659
4.9952670683862666	1.2442721167983648
5.039687088982863	1.2176129497878805
5.084502111128483	1.1916838827782517
5.1297156473434296	1.1661565706830166
5.1753312413827866	1.1411675943371205
5.22135246851424	1.1167455321391055
5.267782935798229	1.0928396395931295
5.314626282370717	1.069420577322133
5.361886179728403	1.0464860711787753
5.409566332016454	1.0240425651319034
5.457670476318892	1.0021218504201999
5.5062023829514315	0.9806056604781138
5.55516585575706	0.959575728969529
5.6045647324041	0.9389695779321736
5.654402884687071	0.9187934695259021
5.7046842188301214	0.8990525754813251
5.755412675793159	0.8797330443742405
5.806592231580811	0.8608176537130469
5.858226897553972	0.8422801940543754
5.91032072074428	0.8241451968302295
5.962877784171284	0.8064260163551936
6.0159022071624335	0.789061369421196
6.069398145676017	0.7720550439802121
6.123369792626811	0.7554059530929665
6.177821378214803	0.7391238335815604
6.232757170256658	0.7231893437810644
6.288181474520298	0.7075695297705328
6.344098635062351	0.6923067158987598
6.400513034568591	0.6773742600990982
6.457429094697529	0.662727746505673
6.5148512764268816	0.6484223271420627
6.572784080403292	0.6344090075621994
6.631232047295055	0.6206905045438604
6.690199758147963	0.6072770201757239
6.749691834744448	0.5941379574947093
6.809712939965732	0.5812645545960542
6.87026777815739	0.5686920015001014
6.931361095497972	0.5563678672135618
6.992997680371087	0.5443213097247928
7.055182363740668	0.5325248616070042
7.1179200195295795	0.5209710313107349
7.181215565001713	0.5096723340487568
7.245073961147292	0.49862568069416874
7.309500213071795	0.48781000391425716
7.374499370388208	0.47721516555143373
7.440076527612767	0.4668431930885778
7.506236824564346	0.4567082412116174
7.572985446767201	0.4467737767298194
7.64032762585751	0.4370615673364005
7.708268639993311	0.42756299096389
7.776813814268291	0.41825902297843914
7.845968521129111	0.40915628929210895
7.915738180796454	0.40026218140520115
7.986128261689948	0.3915500741948169
8.057144280856653	0.383017911525588
8.12879180440358	0.37467416426793876
8.201076447933916	0.36650384796203417
8.274003876987107	0.3585127503146743
8.34757980748303	0.3506986270698311
8.421810006169867	0.343047383757844
8.496700291076218	0.33555827503883984
8.572256531966985	0.3282376900548204
8.64848465080354	0.3210659246133061
8.725390622207833	0.31405978259990214
8.802980473930623	0.3071948707268766
8.88126028732403	0.3004783236796725
8.960236197818062	0.2939049953880346
9.039914395401622	0.287476890093798
9.120301125107533	0.2811909610443154
9.201402687502137	0.2750372835233495
9.283225439179065	0.26901519241112404
9.36577579325741	0.2631255989957994
9.449060219884489	0.25736062542094224
9.53308524674283	0.2517273896444615
9.617857459561918	0.24620608249289422
9.70338350263432	0.24080947912010883
9.7896700793364	0.2355310146906939
9.876723952653844	0.23036223246909884
9.964551945711582	0.22531069826618147
10.053160942308724	0.22036809120981557
10.142557887457947	0.21552369710908764
10.232749787929967	0.21079446267302657
10.323743712802656	0.2061653237981546
10.415546794015052	0.20163497885552253
10.508166226926477	0.19719771585864293
10.601609270880346	0.19285540856850045
10.69588324977327	0.18860843047461906
10.790995552629042	0.18446014419751647
10.886953634177706	0.1804251548527887
10.983765015439987	0.1764431469562635
11.08143728431662	0.17253447775229497
11.179978096183232	0.168747489261005
11.279395174490196	0.16504185847476038
11.379696311368122	0.1614121059708246
11.480889368238527	0.15784509069726807
11.58298227642995	0.15435120843576716
11.685983037799723	0.15097021379699926
11.78989972536098	0.14762563734856285
11.894740483915562	0.14434993682007374
12.000513530692317	0.14117713429467244
12.107227155991092	0.13806332643759212
12.214889723832664	0.1350113651459658
12.323509672614117	0.13202279665646774
12.433095515770413	0.12910531024229285
12.543655842441472	0.1262627750641696
12.655199318145538	0.12347158477811651
12.767734685458295	0.12074142602055257
12.881270764698028	0.11806349862017182
12.995816454617103	0.11545808387141522
13.111380733099248	0.11290287480510262
13.227972657863388	0.1103969700015564
13.345601367173508	0.10794488286637066
13.464276080554813	0.10555060637070271
13.58400609951651	0.10321840820199663
13.704800808280647	0.10093744898898149
13.826669674517836	0.09868773547390065
13.949622250089101	0.09649728698790075
14.073668171794719	0.09436486364654574
14.198817162129457	0.09227589096518814
14.32507903004453	0.09022690966535342
14.452463671716579	0.0882157110137809
14.580981071323123	0.08625296278298199
14.710641301825271	0.08434693438169598
14.841454525757149	0.08246384056701027
14.973430996022342	0.08062908787804596
15.106581056697683	0.07884160549571845
15.240915143843786	0.0770882935030982
15.376443786323229	0.07537545586125782
15.51317760662556	0.07369948578701833
15.651127321700068	0.0720593746824819
15.790303743795675	0.07045639160637283
15.930717781308289	0.06888422458372301
16.07238043963599	0.0673512095536033
16.21530282204138	0.06584577329590349
16.359496130522047	0.0643848936752518
16.504971666688448	0.06294667451772284
16.651740832649658	0.06154340389244072
16.79981513190721	0.06017326245005928
16.949206170256517	0.058830745983001
17.099925656696733	0.057518809742108254
17.251985404348247	0.05623150762985945
17.405397331378786	0.05498281162099977
17.56017346193745	0.05374765186756967
17.716325927097046	0.05254745629962074
17.87386696580512	0.05137724514326976
18.032808925842982	0.05022927557463621
18.193164264793698	0.049104631518699066
18.354945551018425	0.04800674443165556
18.51816546464139	0.04693433677765776
18.682836798543953	0.04588539678203689
18.848972459367044	0.044860768293702044
19.016585468523008	0.04385430274380241
19.18568896321596	0.042874036912948735
19.356296197471657	0.04191386302392329
19.52842054317625	0.04097333233452325
19.70207549112423	0.040056643562721546
19.877274652076064	0.03916143669406102
20.0540317578247	0.03828222226174345
20.23236066227207	0.03742326792082297
20.412275342514867	0.03658254956916958
20.593789899939885	0.0357641724086616
20.776918561329556	0.03496117945601143
20.96167567997671	0.03417761540015623
21.148075736809854	0.033410504237343236
21.336133341527862	0.03265919251976807
21.52586323374533	0.031927126488731764
21.717280284147716	0.031210510851234812
21.91039949565677	0.030509622908095915
22.105236004606695	0.029822668699491583
22.301805081930215	0.029153604856926536
22.50012213435573	0.028497664862991406
22.700202705614775	0.027856504367117535
22.90206247766017	0.02722941656658457
23.105717271895436	0.026616382821083893
23.31118305041452	0.026019263943504525
23.518475917253202	0.025434165753554963
23.72761211965097	0.024860704398698256
23.938608049324746	0.02429982443185125
24.151480243753497	0.023751883076980552
24.366245387474308	0.02321775060399549
24.58292031339037	0.022695547134675927
24.801522004089975	0.022183958469228347
25.02206759317787	0.02168375672375832
25.244574366618046	0.021195159143637187
25.469059764088446	0.020716642734252153
25.695541380348146	0.020249202801208194
25.924036966616068	0.019790971680667784
26.15456443196263	0.01934433954396594
26.387141844713074	0.018908426875704317
26.62178743386395	0.01848142761096925
26.858519590511722	0.018063576072430566
27.097356869294103	0.01765552885090193
27.33831798984465	0.017256698403205324
27.581421838259608	0.01686771514238558
27.826687468578488	0.016486387325214617
28.074134104277363	0.016113256012042002
28.3237811397754	0.015747943845057937
28.575648141955327	0.015391604536146021
28.829754851696634	0.015044156912170085
29.08612118542324	0.014703811889447683
29.344767236664097	0.014370028433605303
29.605713277628436	0.014044606636597467
29.868979760794527	0.013727379220744889
30.134587320512537	0.013416364973996793
30.402556774622184	0.013111655706631396
30.67290912608398	0.012814031332807852
30.94566556462578	0.012523823024523147
31.22084746840343	0.012239839310980827
31.498476405676186	0.011961901755408354
31.77857413649758	0.01169112933151239
32.06116261442048	0.011426477563127039
32.34626398821825	0.01116670186965723
32.633900603620226	0.010912933159336828
32.92409500506359	0.01066541583149731
33.21686993746014	0.010423345163903067
33.51224834797886	0.01018652761074346
33.81025338784486	0.00995478948526925
34.11090841415347	0.00972816245319196
34.41423699170134	0.009507161469545371
34.72026289483321	0.009291330773525936
35.02901010930516	0.009079476712580286
35.34050283416496	0.008873117978561995
35.65476548364824	0.008671415838492647
35.9718226890926	0.008473848424352831
36.29169930086759	0.008280685913924233
36.614420390322934	0.008092160699461075
36.94001125175336	0.007908078278758574
37.26849740438092	0.007728126549350873
37.59990459435564	0.007551945007486203
37.934258796772866	0.0073798471442079825
38.27158621770967	0.0072112914682386986
38.61191329627859	0.007046836326202952
38.955266706699696	0.006886079315755868
39.30167336039175	0.00672900357412068
39.65116040808093	0.006575555210921949
40.003755241929376	0.006425324541626124
40.359485497681604	0.006278499363156811
40.71837905683102	0.006134986026942568
41.080464048805055	0.005995043452617691
41.44576885316963	0.005857945547784045
41.81432210185403	0.005724073149342121
42.18615268139441	0.005593315731822799
42.56128973519844	0.005465430805135489
42.93976266582922	0.005340351820614028
43.32160113730964	0.005218077420800712
43.70683507744788	0.005098722679905468
44.09549468018248	0.0049820255735327935
44.48761040794956	0.004868072092971652
44.88321299406972	0.004756654476113589
45.28233344515745	0.004647566842374225
45.68500304355112	0.004540988658436344
46.091253349764614	0.004436993022372723
46.50111620496153	0.004335309261545581
46.91462373345016	0.004235806677491137
47.33180834520199	0.004138728000690213
47.7527027383916	0.004043582644294399
48.17733990195926	0.0039508693630643564
48.60575311819717	0.003860204243053522
49.03797596535735	0.0037715555978616614
49.474042320284134	0.0036849139673312773
49.913986361068694	0.0036002291630871566
50.357842569728454	0.003517475359260958
50.80564573490948	0.0034365772039705133
51.257430954612886	0.0033575438144386217
51.71323363894634	0.0032804307788919765
52.17308951289878	0.0032049647015912775
52.637034619141055	0.0031311923330215067
53.10510532085067	0.0030591198556934995
53.577338304561515	0.0029886648214186807
54.05377058304002	0.0029198488908614676
54.534439498185336	0.002852668195532637
55.0193827239569	0.0027868729617793043
55.50863826932651	0.0027225803524439196
56.002244481258046	0.002659920765087804
56.50024004771276	0.002598485621837209
57.00266400068127	0.002538573646425634
57.5095557192435	0.0024800394380001564
58.020954932654355	0.002422740794144473
58.536901723458335	0.0023667654316410474
59.05743653063081	0.0023120802696081472
59.58260015274727	0.002258620971668578
60.11243375118175	0.0022064640755327363
60.646978853332136	0.0021555311536019034
61.1862773558759	0.002105653594268616
61.73037152805298	0.0020569347378845827
62.279304014979544	0.0020093077639946376
62.83311784099012	0.0019627770795970535
63.391856413009414	0.0019173705438366546
63.955563523955256	0.0018729302643665697
64.5242833561701	0.0018295795875806153
65.0980604848848	0.0017871116139032942
65.67693988171187	0.001745663011120587
66.26096691817011	0.0017052231473687956
66.8501873692414	0.001665653817590216
67.4446474169576	0.0016270093033805381
68.04439365402112	0.001589254396567177
68.64947308745589	0.0015522767866217046
69.25993314229243	0.0015162497364732345
69.87582166528466	0.0014811014118802123
70.4971869286596	0.0014465865350300144
71.1240776339018	0.0014129959696189427
71.75654291556941	0.0013801216222576072
72.39463234514616	0.0013479354624995775
73.03839593492634	0.0013165234802740803
73.68788414193423	0.001285887732013273
74.34314787187978	0.0012559747470401107
75.00423848314745	0.0012267422121231956
75.6712077908226	0.0011980934415608486
76.34410807075169	0.0011701485169708446
77.0229920636404	0.0011428554202949964
77.70791297918703	0.0011161970382454229
78.39892450025253	0.0010901450718269758
79.09608078706903	0.0010646771070733844
79.79943648148372	0.0010397921023810482
80.50904671124269	0.0010154863360715203
81.22496709431063	0.000991739900535725
81.94725374323102	0.0009685254428310702
82.67596326952378	0.0009458441101184189
83.41115278812184	0.0009237036446309395
84.15287992184884	0.000902069104026228
84.90120280593419	0.0008809359689001421
85.65618009257078	0.0008602920314310244
86.4178709555115	0.0008401141250865029
87.18633509470675	0.0008204072746540318
87.96163274098465	0.000801134134203333
88.74382466077064	0.0007823080741471931
89.53297216085144	0.0007639302749122613
90.32913709317893	0.0007459754815244455
91.13238185971927	0.0007284296491367323
91.9427694173424	0.0007112838440721068
92.76036328275842	0.0006945376450373995
93.58522753749382	0.0006781884896680611
94.41742683291535	0.0006622123128872682
95.25702639529666	0.0006466022177667815
96.10409203093191	0.0006313545276218754
96.95869013129156	0.0006164600091060615
97.82088767822702	0.0006019051784578458
98.69075224922157	0.0005876916269577763
99.56835202268496	0.0005738001452981946
100.45375578329805	0.0005602404618339161
101.34703292740517	0.0005470028379353153
102.24825346845114	0.0005339648338804626
103.15748804247018	0.0005213583924085659
104.07480791362154	0.0005090326795739974
105.00028497977654	0.0004969941500295224
105.93399177815155	0.0004852227347217011
106.87600149099445	0.00047371577334186867
107.82638795132168	0.0004624765984065702
108.7852256487028	0.00045149134732115154
109.75258973510046	0.00044074608426008664
110.72855603075978	0.0004302423739575676
111.7132010301527	0.0004199709014115264
112.70660190797106	0.0004099285248422814
113.7088365251766	0.0004001829766555696
114.71998343510468	0.00039068443286893647
115.74012188961895	0.00038134077324919274
116.76933184532434	0.00037218750414540533
117.80769396983327	0.0003633234331487562
118.8552896480898	0.0003546950954869113
119.91220098874594	0.0003461760828095086
120.97851083059848	0.0003379239331285383
122.054302749083	0.00032978784998620686
123.13966106282179	0.00032186712346774627
124.23467084023382	0.0003141827809314378
125.33941790620369	0.000306653186065341
126.45398884880571	0.0002992706263679148
127.57847102609226	0.00029209184948965697
128.71295257293994	0.0002850635675850379
129.85752240795918	0.0002781913715625347
131.01227024046077	0.0002715044312606925
132.17728657748856	0.0002649685695153994
133.35266273091457	0.0002585701072847551
134.53849082459305	0.0002523063495514917
135.7348638015829	0.0002461957338438454
136.94187543143136	0.0002402602803695149
138.1596203175255	0.00023447176534749923
139.38819390450416	0.00022876235704375844
140.62769248574006	0.0002232246352529753
141.87821321088873	0.00021782157070367986
143.13985409349988	0.00021254955231557658
144.4127140187015	0.00020738274728031587
145.69689275094936	0.0002023334219083861
146.99249094184836	0.00019740800598980543
148.2996101380383	0.0001925985924796548
149.61835278915459	0.00018791403934767677
150.94882225585948	0.00018331883409327646
152.29112281794028	0.0001788559017742233
153.64535968248407	0.00017447425907296584
155.01163899212537	0.00017021468685827362
156.39006783336214	0.0001660443143774719
157.78075424495105	0.000161968992089353
159.1838072263745	0.0001579940828365041
160.59933674638592	0.00015410489992612623
162.02745375162547	0.0001503371042685099
163.46827017531768	0.00014661765382937872
164.9218989460462	0.00014302740019409943
166.38845399660156	0.000139507471664882
167.86805027291317	0.00013604585547651998
169.3608037430576	0.00013268504171997533
170.8668314063502	0.00012941544498954073
172.38625130251177	0.00012621106340175232
173.91918252092202	0.00012308518056925347
175.46574520995554	0.00012002128308580275
177.02606058639503	0.0001170368417529262
178.60025094493454	0.00011412531831795852
180.18843966776345	0.00011128631752047742
181.79075123423948	0.00010851911424521035
183.40731123064143	0.00010581070336833653
185.03824636001414	0.00010316768451983816
186.68368445210135	0.00010059574768059035
188.34375447336078	0.0000980751620669412
190.01858653707424	0.00009561653521284335
191.70831191354773	0.00009321692616024227
193.41306304039614	0.00009087643622975273
195.1329735329261	0.0000885940221181935
196.86817819460717	0.00008635823307180029
198.61881302764039	0.00008417708261676189
200.38501524361342	0.0000820554991854041
202.16692327425739	0.0000799843194797963
203.96467678229874	0.00007796141198891738
205.77841667240165	0.00007597755010410793
207.60828510221472	0.00007405058213210327
209.45442549351148	0.00007217060297867506
211.31698254343465	0.00007033413872351695
213.19610223583265	0.00006854697152894225
215.0919318527038	0.00006680184529113757
217.00461998574235	0.00006509184705963838
218.93431654798025	0.00006342469019713628
220.8811727855401	0.0000618027519732168
222.8453412894879	0.000060218946516651134
224.82697600779625	0.00005867166138687082
226.82623225740554	0.00005716073198965871
228.84326673639993	0.00005568986632554399
230.87823753629135	0.00005425525471396186
232.93130415440572	0.000052853326185944497
235.00262750638643	0.00005148627598942639
237.09236993880901	0.000050154865072342706
239.2006952419008	0.000048853241289626606
241.3277686623816	0.00004758198007999278
243.47375691641395	0.00004634509720257696
245.63882820267327	0.00004513724771778442
247.82315221552602	0.00004396031534837828
250.02690015833244	0.000042812240079463826
252.25024475686786	0.00004168909217368881
254.4933602728554	0.000040594517404275475
256.7564225176277	0.000039532297552977964
259.0396088659051	0.000038488974066666825
261.34309826970133	0.00003747693448404664
263.66707127234423	0.00003648869330431988
266.0117100226289	0.000035522335099774944
268.37719828909724	0.000034583501889208095
270.76372147443556	0.00003366858898338748
273.17146663001006	0.00003277277076027639
275.60062247052554	0.00003189984215500611
278.05137938882035	0.00003105158574655559
280.5239294707834	0.000030222403147313333
283.0184665104123	0.000029414336884869224
285.53518602500543	0.000028627409353523442
288.0742852704805	0.000027860892631959916
290.63596325683807	0.00002711155929237356
293.22042076376243	0.000026381731641875635
295.82786035635246	0.000025671947722609346
298.45848640100235	0.000024978172918617742
301.11250508141734	0.000024303952979641652
303.7901244147782	0.00002364389319043076
306.49155426803907	0.000023003597511640477
309.21700637437954	0.000022379324505481345
311.966694349803	0.000021769677967577455
314.74083370987324	0.00002117558137108945
317.5396418866104	0.000020597495784193782
320.36333824553054	0.00002003389161450773
323.212144102844	0.000019484151950332215
326.0862827427945	0.00001895127016924788
328.98597943516353	0.000018428578611247674
331.9114614529298	0.000017920413352183866
334.8629580900759	0.000017427216475731825
337.840700679564	0.000016945740338507826
340.84492261146556	0.000016476541496654512
343.8758593512585	0.000016019924079664697
346.9337484582753	0.000015574425986700118
350.0188296043263	0.000015141108543570558
353.13134459248823	0.000014718807489385101
356.27153737604897	0.000014307545743663445
359.43965407763193	0.000013907822551910739
362.6359430084904	0.00001351816916550513
365.8606546879623	0.00001313870363624536
369.1140418631103	0.00001276906921904822
372.39635952852905	0.000012409378549500256
375.7078649463369	0.000012059741364369338
379.0488176663311	0.000011718034326998386
382.4194795463354	0.000011386514791984032
385.82011477272766	0.00001106401994919226
389.25098988113814	0.000010749547645110226
392.7123737773459	0.00001044401947834219
396.204537758352	0.000010146704693147925
399.72775553364903	9.857065232579203e-6
403.2823032466656	9.575327060948447e-6
406.86845949641406	9.301419013587742e-6
410.4865053593309	9.035519714687375e-6
414.13672441129853	8.776208137653929e-6
417.819402749877	8.524426050901524e-6
421.53482901672504	8.279159203022007e-6
425.28329442022914	8.040776135830576e-6
429.0650927583191	7.809559587403991e-6
432.8805204414997	7.584671459096016e-6
436.7298765160874	7.365567133276279e-6
440.6134626876401	7.152820341092304e-6
444.5315833446086	6.945969257082861e-6
448.4845455821988	6.745125945846005e-6
452.4726592264321	6.550204102399829e-6
456.4962368584348	6.36035748356927e-6
460.55559383893495	6.17605101145278e-6
464.6510483329859	5.997081833621219e-6
468.7829213348939	5.823079337225904e-6
472.9515366933819	5.654089184498999e-6
477.1572211369772	5.489673680135649e-6
481.40030429960996	5.330069266992111e-6
485.6811187464557	5.175150684370705e-6
489.99999999999807	5.024697102295645e-6