0.000010100000000000005	32.86860489769858
0.000010189813457795877	33.153703351555684
0.000010280425574720605	33.43868800077562
0.00001037184345278781	33.728227744610315
0.00001046407425716529	34.01956699937625
0.000010557125216736457	34.31354855733014
0.000010651003624667081	34.610620170144195
0.000010745716838976756	34.908562844901866
0.00001084127228311575	35.20967511389234
0.000010937677446546777	35.51334376793153
0.000011034939885331955	35.81959729797526
0.000011133067222725169	36.12891541381868
0.00001123206714976941	36.44142061325206
0.000011331947425899729	36.756932661006424
0.000011432715879551343	37.073777487042314
0.000011534380408773153	37.39324215434475
0.000011636948981846925	37.71764563501797
0.00001174042963791166	38.042648456610344
0.000011844830487593838	38.37055978111002
0.000011950159713643045	38.70227053442867
0.000012056425571573264	39.03760601249737
0.000012163636390310075	39.37382201557419
0.000012271800572843288	39.71241415848501
0.000012380926596885729	40.05489522222258
0.00001249102301553753	40.400972604951654
0.000012602098457956664	40.75089529277455
0.000012714161630035213	41.103667237436554
0.000012827221315081656	41.4578320604394
0.000012941286374509442	41.81611278908365
0.000013056365748531354	42.17565889957488
0.000013172468456860405	42.54003611822523
0.000013289603599416613	42.90831143891385
0.000013407780357040384	43.27762442259101
0.00001352700799221203	43.65024601284218
0.00001364729584977767	44.029183146775374
0.000013768653357681831	44.40954965047449
0.000013891090027706203	44.79098977060136
0.000014014615456215319	45.17925867406715
0.000014139239324908628	45.568421208678444
0.000014264971401579264	45.96172217525078
0.000014391821540879791	46.35977276250578
0.0000145197996850944	46.75961600018801
0.000014648915864918335	47.16199352972201
0.000014779180200244018	47.569113985397856
0.000014910602900954138	47.98122333074717
0.000015043194267722072	48.39537528827595
0.000015176964692819019	48.81189864153982
0.000015311924660928744	49.23252520539072
0.00001544808474996913	49.65837788449757
0.000015585455631921448	50.08825289880167
0.000015724048073666725	50.520314012412555
0.000015863872937829552	50.95542329744902
0.000016004941183629664	51.39620097578225
0.000016147263867740686	51.83909973749999
0.00001629085214515697	52.28790294762165
0.00001643571727006765	52.739593870810076
0.000016581870596738946	53.19413477243115
0.00001672932358040401	53.653480747595815
0.000016878087778160652	54.11757688539476
0.000017028174849877402	54.58485874119038
0.000017179596559107126	55.05521891265489
0.000017332364774009253	55.52929537120784
0.000017486491468279893	56.00911647593736
0.000017641988722090213	56.49257850252118
0.000017798868723033486	56.98161516150564
0.000017957143767080063	57.47344280727518
0.000018116826259541358	57.969081010505725
0.00001827792871604203	58.470235112894855
0.00001844046376350086	58.97547308288735
0.000018604444141120647	59.4845729028226
0.00001876988270138641	59.99761316038007
0.000018936792411073024	60.51442156851057
0.000019105186352261253	61.0399282229811
0.00001927507772336334	61.56496830095248
0.00001944647984015738	62.09764317229684
0.00001961940613683087	62.63511776209195
0.000019793870167033913	63.17242935439164
0.000019969885604941226	63.71779912294533
0.00002014746624632421	64.2697526018593
0.000020326626009631934	64.82390767490112
0.00002050737893708229	65.38274434657411
0.000020689739195762483	65.94888257644419
0.00002087372107873934	66.5188858180466
0.00002105933900617979	67.09064860368161
0.00002124660752648083	67.66896289816742
0.000021435541317410043	68.25412471397156
0.00002162615518725591	68.84078896043958
0.000021818464075988345	69.4377392252171
0.000022012483056429924	70.0398044984881
0.000022208227335436955	70.6420719112088
0.00002240571225509165	71.25093770615874
0.000022604953293904477	71.86613119555174
0.000022805966068027227	72.48673845878352
0.000023008766332477253	73.11116113980232
0.00002321336998237201	73.74191545788925
0.000023419793054175194	74.38321062424151
0.000023628051726953336	75.01999908986265
0.000023838162323644168	75.6705019671572
0.000024050141312335872	76.32479473782966
0.00002426400530755768	76.98427532419343
0.00002447977107158239	77.64747589580043
0.000024697455515739837	78.31857614914053
0.000024917075701742687	78.99559668927438
0.000025138648843023383	79.67363679876739
0.000025362192306083596	80.36238995812997
0.000025587723611855248	81.05442836054218
0.000025815260437073646	81.75773671615165
0.000026044820615663255	82.46540951467627
0.000026276422140135128	83.17887201024627
0.000026510083162997463	83.89514200469331
0.000026745821998178196	84.61626861722745
0.000026983657122460306	85.3456608720528
0.000027223607176930292	86.0826113231498
0.00002746569096843887	86.83009512921927
0.000027709927471075345	87.57621881897684
0.000027956335827654613	88.33096367736951
0.000028204935351217415	89.09804693624598
0.000028455745526544383	89.8651195928793
0.000028708786011682838	90.637168876988
0.00002896407663948794	91.42112479728823
0.000029221637419176757	92.21267800381379
0.00002948148853789691	93.0082983228786
0.000029743650362308637	93.80878292862526
0.00003000814344018095	94.61891412853119
0.00003027498850200251	95.43917387678414
0.00003054420646260599	96.26004981888644
0.00003081581842280779	97.09120613416412
0.00003108984567106147	97.93253698001593
0.00003136630968512662	98.7778548436064
0.00003164523213375216	99.62963395137008
0.000031926634878374474	100.49140253571446
0.00003221053997483128	101.36053736432606
0.000032496969675089866	102.23491428166611
0.000032785946428991654	103.11396429019747
0.000033077492886011257	104.00726358390881
0.00003337163189703215	104.90389147907584
0.000033668386516137507	105.8069422926316
0.00003396778000241694	106.72283339642303
0.000034269835821789865	107.64426699565979
0.00003457457764884456	108.57369263721036
0.00003488202936869353	109.50882690521783
0.00003519221507884602	110.45749122601899
0.00003550515909109624	111.41060759611162
0.000035820885933429366	112.37045180963969
0.00003613942035194351	113.34090753917712
0.000036460787312789704	114.32010379744061
0.000036785012004128534	115.30587463006441
0.00003711211983810412	116.30124475397346
0.00003744213645283636	117.30745714543694
0.00003777508771442984	118.31723624867067
0.00003811099971900172	119.34104054407598
0.00003844989879472658	120.37041478986897
0.000038791811503900416	121.40678020589903
0.00003913676464502237	122.45591963963943
0.00003948478525489491	123.51640738324973
0.00003983590061074346	124.58331482682033
0.00004019013823235371	125.65721147593753
0.00004054752588422921	126.73845992156218
0.00004090809157776686	127.83188406949529
0.000041271863573452946	128.9377445744493
0.000041638870383077904	130.0517502834881
0.00004200914077197081	131.17464503133888
0.00004238270376125441	132.30785699638267
0.00004275958863011947	133.44994298442717
0.00004313982491811948	134.60100396588257
0.000043523442427486374	135.76447751924238
0.00004391047122546579	136.93563671945932
0.00004430094164667431	138.1144995356018
0.00004469488429547639	139.30829989923367
0.00004509233004838364	140.5146095333706
0.000045493310056474615	141.72610294979094
0.00004589785574783617	142.94531178059836
0.00004630599883002728	144.18003743383224
0.00004671777129256355	145.42777878241503
0.00004713320540942521	146.67972273147058
0.000047552333741585964	147.94832490903985
0.000047975189139565684	149.22583421013528
0.000048401804746004914	150.5145120113371
0.00004883221399826228	151.8124573587714
0.00004926645063103583	153.12464211347708
0.00004970454867900642	154.44782606972862
0.000050146542479505995	155.77792191472668
0.00005059246667520818	157.1221185452055
0.00005104235621684411	158.4758932287187
0.00005149624636594157	159.84438266104692
0.00005195417269758844	161.22810097851078
0.00005241617110322154	162.61771583490946
0.000052882277793439496	164.0210727252502
0.00005335252930084056	165.43857097777496
0.0000538269624828866	166.8655280810981
0.00005430561452479123	168.30439517069624
0.00005478852294243502	169.7581125241599
0.00005527572558530517	171.22239905875202
0.0000557672606394628	172.7052638597381
0.000056263166630535555	174.19440750741893
0.00005676348242673692	175.6997956339998
0.000057268247241913305	177.2151186434894
0.00005777750063861679	178.74447114709045
0.00005829128253120673	180.28996574615942
0.00005880963318897741	181.8435232456301
0.00005933259323931493	183.41323409692546
0.000059860203670881267	184.99191133661446
0.000060392505836826514	186.5924143127007
0.00006092954145803086	188.2064683856086
0.0000614713526263737	189.82757825750508
0.00006201798180803362	191.46561622090107
0.0000625694718468159	193.1207265862891
0.00006312586596751135	194.78542987427593
0.00006368720777928384	196.46460982623424
0.00006425354127908797	198.16367348624954
0.00006482491085511825	199.87536011565186
0.0000654013612902873	201.59732080924584
0.00006598293776573658	203.33630019753997
0.00006656968586437736	205.0921192155221
0.00006716165157446298	206.86188084703366
0.00006775888129319421	208.6475805843285
0.00006836142183035478	210.4498301378842
0.00006896932041198116	212.26365378204778
0.0000695826246840636	214.09442698949522
0.00007020138271628026	215.94712865569835
0.00007082564300576559	217.80959201568857
0.00007145545448091052	219.68692681411144
0.00007209086650519839	221.58556016552234
0.0000727319288810729	223.50126855971692
0.00007337869185384246	225.42825168508585
0.00007403120611561799	227.37057399432194
0.00007468952280928557	229.3354035014097
0.00007535369353251596	231.3176536560245
0.00007602377034180762	233.312909000859
0.00007669980575656786	235.32307014049292
0.00007738185276322817	237.3554742641876
0.00007806996481939814	239.4047898189458
0.00007876419585805493	241.47142001676832
0.0000794646002917701	243.5555778962802
0.00008017123301697513	245.6543464992481
0.00008088414941826371	247.7789172624415
0.0000816034053727324	249.91479227867012
0.00008232905725436045	252.07252684189083
0.00008306116193842862	254.2482308940058
0.00008379977680597661	256.4407826957044
0.00008454495974830009	258.6542378991645
0.00008529676917148897	260.88678962360405
0.00008605526400100475	263.1369137302848
0.0000868205036862985	265.4089573511713
0.00008759254820547151	267.6967349149
0.00008837145806997497	270.0054236110459
0.00008915729432935409	272.3377112786558
0.00008995011857603167	274.6896535589647
0.00009074999295013684	277.0603865111964
0.00009155698014437491	279.4501326787177
0.00009237114340894069	281.8602865306586
0.00009319254655647702	284.29260958699217
0.00009402125396707504	286.7471118091925
0.00009485733059332145	289.22386354835504
0.00009570084196538803	291.71821290352466
0.000096551854196169	294.232546526051
0.00009741043398646233	296.76924885262156
0.00009827664863019706	299.3311496161992
0.00009915056601970873	301.9158358752149
0.0001000322546510602	304.5267967943315
0.00010092178362940978	307.1590693774116
0.00010181922267442802	309.7903541700611
0.0001027246421257625	312.46671677719587
0.00010363811294855064	315.1739871690493
0.00010455970673898118	317.8773348533058
0.00010548949572990696	320.6214291790975
0.00010642755279650574	323.4027395477782
0.00010737395146199158	326.1898935187185
0.00010832876590337868	328.99794469796865
0.00010929207095729373	331.85268883331605
0.00011026394212584308	334.70789450260565
0.00011124445558252881	337.58517337571334
0.00011223368817822053	340.4988074400963
0.00011323171744717812	343.43587680863635
0.00011423862161312825	346.4016679401061
0.00011525447959539671	349.398812256485
0.00011627937101509239	352.40948266547485
0.0001173133762013495	355.4402134051323
0.0001183565761976219	358.5223950893826
0.00011940905276803665	361.6119776932932
0.00012047088840380194	364.73036869928217
0.00012154216632967185	367.88357417419655
0.00012262297051047075	371.0454268867013
0.00012371338565767362	374.2305936254787
0.00012481349723604513	377.45479925456266
0.00012592339147033866	380.7145650458852
0.00012704315535205495	384.00379334044914
0.00012817287664625975	387.3209530286545
0.00012931264389846216	390.65439849982033
0.00013046254644155596	394.023351115771
0.0001316226744028206	397.42926593547224
0.00013279311871098475	400.8556626981152
0.00013397397110335443	404.3068491564513
0.0001351653241330016	407.7972344121199
0.00013636727117602015	411.31827341185937
0.0001375799064388425	414.85731949258354
0.0001388033249656252	418.44008285419244
0.0001400376226456974	422.0601930970419
0.00014128289622107598	425.6937222876888
0.00014253924329404952	429.3679743350616
0.00014380676233482633	433.06778737199636
0.00014508555268925432	436.7986884283165
0.0001463757145866055	440.56271293195795
0.00014767734914743373	444.355499585555
0.00014899055839149927	448.19029350059367
0.00015031544524576445	452.0685257715406
0.0001516521135524623	455.9675751531523
0.00015300066807723476	459.8874632702347
0.00015436121451734345	463.85048686010873
0.00015573385950995463	467.84602332815064
0.00015711871064049776	471.8802218350641
0.0001585158764510973	475.95111895431035
0.00015992546644907912	480.05114735389566
0.0001613475911155553	484.1973253583622
0.0001627823619140826	488.37138421577544
0.00016422989129939773	492.5688962799825
0.00016569029272623357	496.8187069699017
0.00016716368065820917	501.10221372639364
0.0001686501705768034	505.43430267134437
0.00017014987899040404	509.7915865919091
0.00017166292344344142	514.1689395669057
0.0001731894225256005	518.599895950247
0.0001747294958811148	523.0679270560195
0.00017628326421814607	527.5869130598301
0.00017785084931824262	532.1381974067551
0.00017943237404588691	536.726889525849
0.0001810279623581229	541.3502146711885
0.0001826377393142738	546.0048829251936
0.00018426183108574305	550.7100585238242
0.0001859003649659024	555.4616524394895
0.00018755346938007097	560.2355734981941
0.00018922127389557985	565.068441025941
0.00019090390923192692	569.935598056304
0.00019260150727102283	574.8485924070751
0.00019431420106752852	579.7987193742972
0.00019604212485928305	584.7928804831457
0.0001977854140778239	589.8283339958683
0.00019954420535900388	594.9009899952781
0.00020131863655369945	600.0265097729216
0.00020310884673861414	605.2197185916506
0.00020491497622718153	610.4501000657357
0.00020673716658055994	615.7107884705965
0.00020857556061873076	620.9681818678812
0.00021043030243168926	626.3108214616593
0.00021230153739074087	631.7033785383538
0.00021418941215989393	637.1454729098606
0.00021609407470735386	642.6593849612765
0.00021801567431712328	648.1990625733777
0.00021995436160069949	653.7317127319229
0.0002219102885088823	659.3701484671491
0.00022388360834368055	665.0602219898634
0.00022587447577033034	670.8044865836569
0.00022788304682941623	676.5825608924874
0.00022990947894910025	682.4053957265963
0.00023195393095746324	688.2856548082332
0.00023401656309495226	694.2099740625597
0.00023609753702693917	700.1777190372455
0.00023819701585639248	706.2194838001244
0.00024031516413666187	712.2685668204437
0.00024245214788437482	718.399915828055
0.00024460813459244727	724.5439104059601
0.0002467832932432142	730.7953101157434
0.00024897779432167267	737.0887212398003
0.0002511918098288429	743.4065357499184
0.0002534255132952524	749.8081048338706
0.0002556790797945336	756.268352444707
0.0002579526859571493	762.7851766582756
0.0002602465099842329	769.3126297703622
0.0002625607316615589	775.9772795411889
0.00026489553237363245	782.6278926444121
0.0002672510951179052	789.3461115358217
0.0002696276045191208	796.1418034448961
0.0002720252468437822	802.9809057726928
0.00027444421001475455	809.8969096272292
0.00027688468362599037	816.887346157374
0.000279346858957393	823.8698629147383
0.0002818309289898073	830.9459540802508
0.00028433708842014367	838.1181807678845
0.0002868655336766411	845.3192301492577
0.00028941646293426115	852.5701886771046
0.0002919900761302198	859.8950212191947
0.00029458657497965894	867.2763216021301
0.00029720616299145757	874.7157850607208
0.0002998490454841815	882.2469752755163
0.0003025154296021742	889.8233885867329
0.0003052055243317955	897.5018512094701
0.0003079195405178001	905.1578102588726
0.00031065769087986204	912.9466686295834
0.0003134201900292483	920.8031384807655
0.00031620725448564105	928.6850421775051
0.00031901910269410645	936.6596171491661
0.00032185595504221476	944.7251524071371
0.0003247180338773172	952.8392632168885
0.00032760556352397116	961.005735178871
0.00033051877030152094	969.2766576847233
0.0003334578825418403	977.5845601373693
0.00033642313060722374	985.9791751423462
0.0003394147469084465	994.4344808175222
0.0003424329659229774	1002.953212378592
0.00034547802421335775	1011.5662091877837
0.000348550160445743	1020.2386234654249
0.0003516496154086082	1028.9939081008852
0.0003547766320316223	1037.7815469503325
0.000357931455404685	1046.6762238236056
0.0003611143327971412	1055.6353909287977
0.00036432551367715743	1064.7154119597546
0.00036756524973127655	1073.8455769893203
0.0003708337948841455	1083.0205130330733
0.0003741314053184138	1092.3244971052927
0.0003774583394948177	1101.681843106549
0.00038081485817243366	1111.0827016251808
0.0003842012244291183	1120.6273963775832
0.00038761770368212726	1130.2475982049593
0.00039106456370891814	1139.886510336903
0.00039454207466813984	1149.6487610190225
0.0003980505091208035	1159.5062414104839
0.0004015901420516501	1169.4141470435864
0.0004051612508906994	1179.4368731533589
0.0004087641155349959	1189.5295655950495
0.00041239901837054806	1199.6934716988992
0.00041606624429445726	1209.984619927384
0.0004197660807372524	1220.332326019496
0.00042349881768541457	1230.7688956989336
0.00042726474770410713	1241.2735183869158
0.0004310641659601062	1251.8645865996077
0.00043489737024493503	1262.5829998515753
0.00043876466099820606	1273.3905477207138
0.00044266634133116476	1284.256297100326
0.00044660271705045226	1295.2573587830414
0.00045057409668206977	1306.3167438299738
0.0004545807914955617	1317.4551532414991
0.00045862311552841405	1328.6725582562076
0.0004627013856106639	1340.040519364134
0.00046681592138973706	1351.518249855225
0.0004709670453554977	1363.0289121195242
0.00047515508286552613	1374.6529080467162
0.00047938036217061935	1386.36704706289
0.0004836432144405185	1398.22503244369
0.0004879439737898672	1410.124900004277
0.0004922829773043947	1422.1730420310987
0.0004966605650673411	1434.2847861881041
0.0005010770801861089	1446.4931470617735
0.0005055328688191558	1458.8399002666083
0.0005100282802031285	1471.2584277344722
0.00051456366668023	1483.7785704120224
0.0005191393837258419	1496.4199624449259
0.0005237557899763805	1509.1913305829016
0.0005284132472574095	1521.9929222176215
0.0005331121206119974	1534.9378823219076
0.0005378527783293295	1547.9985624368678
0.0005426355919735754	1561.1734482415152
0.0005474609364130068	1574.4801221970938
0.0005523291898493853	1587.8702044618933
0.0005572407338476003	1601.3657199571198
0.0005621959533655773	1614.9452772026316
0.0005671952367844495	1628.6837930272657
0.0005722389759390005	1642.5168083097813
0.0005773275661483724	1656.4751118797728
0.0005824614062470522	1670.5439389714427
0.0005876408986161313	1684.710037105305
0.0005928664492148437	1698.9912724823316
0.0005981384676123829	1713.4026530642932
0.0006034573670200064	1727.9755013504405
0.0006088235643234188	1742.6173600257248
0.0006142374801154485	1757.3754723001707
0.0006196995387290126	1772.2564321953016
0.0006252101682703755	1787.2818150323794
0.0006307698006527024	1802.4281313095576
0.0006363788716299141	1817.683615161212
0.0006420378208308373	1833.0677257134075
0.000647747091793664	1848.5832138176536
0.000653507132000715	1864.2555895317546
0.0006593183929135125	1879.9779277274795
0.000665181330008164	1895.9014087294272
0.0006710964028110646	1911.9147450554458
0.0006770640749349102	1928.0671002581694
0.0006830848141150363	1944.372845571555
0.0006891590922460787	1960.800766114257
0.0006952873854189591	1977.3642879140132
0.0007014701739581995	1994.0413697896277
0.0007077079424595722	2010.8406348486333
0.0007140011798280775	2027.7830130305733
0.0007203503793162654	2044.893117184191
0.000726756038562896	2062.139960497013
0.0007332186596319426	2079.5083388564985
0.0007397387490519425	2097.0296776137952
0.0007463168178557005	2114.704396124092
0.0007529533816203381	2132.4864413825803
0.0007596489605077068	2150.3991444668313
0.0007664040793051568	2168.4738403053057
0.0007732192674666682	2186.7294790629876
0.0007800950591543487	2205.108999849472
0.0007870319932803026	2223.613002155079
0.0007940306135488659	2242.306691635432
0.0008010914684992232	2261.1598885494736
0.000808215111548401	2280.1233204773275
0.0008154021010346432	2299.2537196142953
0.000822653000261172	2318.5019643096516
0.0008299683775403415	2337.9254566432337
0.0008373488062381767	2357.551941454299
0.0008447948648193158	2377.273070295671
0.0008523071368923482	2397.156665246149
0.000859886211255557	2417.207182591189
0.0008675326819430673	2437.4178122788426
0.0008752471482714081	2457.8197258845294
0.0008830302148864814	2478.35639325809
0.0008908824918109562	2499.05420399245
0.0008988045944920802	2519.921073815471
0.0009067971438499177	2540.9294460122123
0.000914860766326015	2562.121867178864
0.0009229960939325031	2583.4758558105755
0.0009312037643016288	2605.000908930674
0.0009394844207357349	2626.707871006496
0.000947838712257679	2648.5676370782876
0.0009562672936617047	2670.609147866019
0.0009647708255647609	2692.8320809112356
0.0009733499744582806	2715.2096856171593
0.0009820054127604224	2737.771762068128
0.0009907378188687675	2760.4718756461225
0.0009995478772134956	2783.4365723990336
0.001008436278311028	2806.605342074652
0.0010174037188181492	2829.8595977733903
0.0010264509015866083	2853.3066058940403
0.0010355785357182114	2876.9054491971237
0.0010447873366203945	2900.7617957775974
0.0010540780260622983	2924.548456114707
0.001063451332231339	2948.720932826228
0.001072907989790283	2973.1560822162455
0.001082448739934826	2997.7709301814907
0.0010920743304516916	3022.486824117361
0.001101785515777235	3047.324190602121
0.0011115830570565788	3072.540139263099
0.0011214677222032687	3097.7499214955315
0.0011314402859594615	3123.223320941758
0.0011415015299566466	3149.08468429841
0.0011516522427769133	3175.032393516223
0.0011618932200147527	3200.9872972729477
0.0011722252643394176	3227.2177902465196
0.001182649185557835	3253.808812943564
0.0011931658006780759	3280.5422588380593
0.0012037759339733904	3307.401288594547
0.0012144804170468179	3334.447515713282
0.0012252800888963584	3361.7871218162327
0.0012361757959807374	3389.162311312075
0.0012471683922857478	3416.9008580862987
0.001258258739391185	3444.8327121736297
0.0012694477065383729	3472.8978858652445
0.0012807361706982999	3501.286346950602
0.0012921250166403465	3529.9109652088114
0.0013036151370016365	3558.5845859628907
0.001315207432357	3587.5169916197265
0.0013269028112895568	3616.7621663235905
0.001338702190461931	3646.0825807511023
0.0013506064946881	3675.630325865856
0.0013626166570058736	3705.5171925891127
0.0013747336187500284	3735.592530450096
0.0013869583296260862	3765.771402416266
0.0013992917477847514	3796.254200784019
0.0014117348398970068	3827.0926344326986
0.0014242885812298847	3857.9949466706744
0.001436953955722899	3888.9459514459804
0.0014497319560651707	3920.426027114394
0.0014626235837732302	3951.981826400928
0.0014756298492695152	3983.7564815561445
0.0014887517719615643	4015.945548448982
0.001501990380321922	4048.2363667586537
0.0015153467119687404	4080.691205914716
0.00152882181374711	4113.441297037651
0.0015424167418111097	4146.380820514054
0.0015561325617065864	4179.614828751645
0.0015699703484546672	4213.02081698366
0.0015839311866360257	4246.70940604165
0.0015980161704758785	4280.694016742606
0.001612226403929757	4314.829040294485
0.0016265630007700294	4349.134065616928
0.001641027084673198	4383.792901451142
0.001655619789307968	4418.611768824243
0.0016703422584241105	4453.646348820823
0.0016851956459420958	4488.992459249646
0.0017001811160435437	4524.580922727717
0.0017152998432624677	4560.495297435377
0.0017305530125773325	4596.672404034091
0.00174594181950393	4633.023485455402
0.0017614674701890865	4669.643155309675
0.0017771311815051902	4706.4013905987385
0.0017929341811455724	4743.352755112155
0.001808877707720732	4780.741239585251
0.001824963010855414	4818.369506786127
0.0018411913512865515	4856.23067783991
0.001857564000962088	4894.324002658367
0.001874082243140658	4932.625627452749
0.0018907473724921753	4971.132781461597
0.0019075606951993041	5009.901484226638
0.0019245235290598353	5049.120729222052
0.0019416372035899719	5088.353206777383
0.0019589030601285403	5128.027424006627
0.001976322451942112	5168.001451102732
0.0019938967443310783	5208.045686786703
0.002011627314736655	5248.36239207488
0.0020295155528488474	5289.123312357955
0.002047562860715368	5330.073280023693
0.002065770652851534	5371.089121231103
0.002084140356351123	5412.651478195443
0.0021026734109982357	5454.268675884883
0.0021213712693801375	5496.299714731698
0.0021402353970011146	5538.529697390782
0.002159267272397332	5580.991702202573
0.0021784683872527267	5623.76470834901
0.002197840246515913	5666.74336554046
0.0022173843685181454	5709.930363323561
0.002237102285092319	5753.5617965905585
0.002256995541693033	5797.328650671272
0.002277065697517718	5841.424466319476
0.0022973143256288524	5885.82788810389
0.0023177430130772426	5930.371730760316
0.002338353361026422	5975.190570038266
0.002359146984878145	6020.3791483004015
0.0023801255143990003	6065.86413157158
0.002401290593848144	6111.555349304321
0.0024226438821061866	6157.226526140397
0.002444187052805196	6203.474702612055
0.002465921794459885	6250.143369986158
0.002487849810599951	6296.738544345812
0.0025099728199035956	6343.825175180412
0.002532292556332229	6391.461729867257
0.0025548107692663848	6438.953192317548
0.0025775292236428172	6486.4399936229765
0.0026004497000928464	6534.922332261858
0.0026235739950819163	6583.279841798514
0.0026469039210503973	6632.083502516514
0.002670441306555644	6680.827170945396
0.0026941879964153185	6730.043984124358
0.002718145851851974	6779.560346951906
0.00274231675063894	6829.247826619742
0.0027667025872474996	6879.14642535868
0.0027913052729953715	6929.228796719294
0.002816126736196517	6979.782328647845
0.0028411689223122832	7030.782388077041
0.0028664337941038736	7081.725154282806
0.0028919233317861942	7133.258676046987
0.002917639533183056	7184.773912745731
0.0029435844138837623	7236.617923682018
0.002969760007401083	7288.7199644384755
0.0029961683653306486	7340.8649025310215
0.003022811557511736	7393.691600188757
0.0030496916721895065	7446.940915446835
0.003076810816178679	7500.0065858006365
0.003104171115028657	7553.21685246085
0.0031317747131901215	7606.735001753874
0.0031596237741831224	7660.750551981914
0.0031877204807666333	7714.967713517327
0.0032160670351096435	7769.410966272419
0.003244665658963757	7824.248762791515
0.00327351859383733	7879.133230671902
0.003302628101171153	7934.4120190722
0.0033319964625157105	7990.236832131444
0.003361625979709986	8046.149998919388
0.003391518975061889	8101.935553453431
0.0034216777915302703	8158.0818272832175
0.0034521047929085584	8214.529517144912
0.003482802364010026	8271.134366640465
0.0035137729108547203	8328.179873798164
0.0035450188608580234	8385.592074281287
0.003576542663020922	8443.061539550044
0.0036083467881219515	8500.43839159514
0.003640433728910852	8558.32566941169
0.003672806000303942	8616.717475980997
0.0037054661395812447	8675.32913652403
0.003738416706585339	8733.913512049077
0.003771660283922004	8792.642107650468
0.003805199477162641	8851.735606171955
0.0038390369150484885	8910.80980344934
0.003873175249696657	8970.362422443957
0.003907617156808012	9030.421082208286
0.003942365335876867	9090.138469317177
0.003977422510402583	9150.548622947106
0.004012791428103021	9210.962133012214
0.004048474861129913	9271.221305112287
0.004084475606286125	9332.122644622998
0.004120796485244886	9393.325142029325
0.004157440344770922	9454.64508363297
0.004194410056943593	9515.822182339287
0.004231708519382002	9577.512614127976
0.0042693386554720995	9639.163571810304
0.004307303414595815	9701.260991597714
0.0043456057723622364	9763.633288385865
0.00438424873084081	9825.896544521434
0.004423235318796654	9888.329526893436
0.004462568591927941	9951.13460115055
0.004502251633105401	10013.987964249225
0.004542287552613947	10077.445220267009
0.004582679488396467	10140.251101483147
0.004623430606299748	10203.447444004329
0.004664544100322628	10267.164061821846
0.004706023192866327	10331.057059082483
0.004747871134987014	10394.965345217413
0.004790091206650617	10458.85333636032
0.004832686716989919	10522.872092240625
0.004875661004563888	10587.242092708977
0.004919017437619376	10651.72178661087
0.004962759414355102	10716.201634307947
0.005006890363188002	10780.643461760203
0.005051413743021938	10845.328785325217
0.0050963330435188125	10910.297680161477
0.005141651785372064	10975.314305037291
0.005187373520582622	11040.43350148084
0.005233501832737307	11105.897401774637
0.005280040337289705	11170.850602051143
0.005326992681843534	11236.311614471884
0.0053743625464385564	11301.904906974883
0.005422153643838985	11367.43187574388
0.005470369719824501	11432.95962643982
0.00551901455348384	11498.46966690542
0.005568091957510986	11564.09903399211
0.005617605778504001	11630.038331931122
0.005667559897266533	11695.549441475177
0.005717958229111956	11761.666889124663
0.0057688047241702695	11827.71201952996
0.00582010336769769	11893.325773098557
0.005871858180389016	11959.14850026145
0.00592407321869275	12025.228159900491
0.005976752575129064	12091.312543594038
0.006029900378610528	12157.445978843229
0.0060835207947657465	12223.489124314974
0.0061376180262658515	12289.538877451056
0.006192196313153898	12355.077483286397
0.0062472599331771855	12420.954222541961
0.0063028132021225635	12487.092241204988
0.006358860474154658	12552.830986209445
0.006415406142157172	12618.579299817111
0.0064724546380771795	12684.52311598099
0.006530010433272496	12749.985445017599
0.006588078038862133	12815.528746727616
0.006646662006079887	12881.031008389922
0.00670576692663103	12946.525525161533
0.006765397433052218	13011.590952884251
0.006825558199074574	13076.947217208364
0.006886253939990011	13142.202652920676
0.006947489413020799	13207.199208913018
0.00700926941769245	13272.089647539666
0.007071598796209865	13336.47336293236
0.007134482433836875	13400.902167899912
0.007197925259279139	13465.341933437952
0.0072619322450704436	13529.832400148247
0.007326508407962436	13593.832369015521
0.007391658809317852	13657.771181611915
0.007457388555507182	13721.46923620171
0.007523702798308917	13784.824902106646
0.007590606735313341	13848.055594468266
0.007658105610329895	13910.891177407693
0.007726204713798182	13973.713143299849
0.007794909383202643	14036.006481905833
0.007864225003490861	14098.277587075494
0.007934157007495647	14160.19723911058
0.008004710876360855	14221.996736174462
0.008075892139970982	14283.531977575032
0.008147706377384576	14344.518015831567
0.008220159217271553	14405.230498833833
0.008293256338354309	14465.801045843353
0.008367003469852845	14525.39569349014
0.008441406391933798	14585.569434122017
0.008516470936163485	14644.86023873439
0.00859220298596496	14703.968404732042
0.008668608477079178	14762.466251895059
0.008745693398030186	14820.405434137241
0.008823463790594512	14878.271465238357
0.008901925750274715	14935.634518388037
0.008981085426777129	14992.502968915986
0.009060949024493859	15049.475413654047
0.009141522802989107	15105.49915109516
0.009222813077489737	15160.918057166939
0.009304826219380273	15215.876660956214
0.009387568656702285	15270.383081753134
0.009471046874658193	15324.408407516854
0.009555267416119574	15377.944815201425
0.009640236882139963	15431.039065254521
0.009725961932472276	15483.618257841359
0.009812449286090737	15535.246478543504
0.009899705721717524	15586.355019845918
0.009987738078354071	15637.178218993506
0.010076553255817099	15687.387397984125
0.010166158215279395	15736.660214663414
0.010256559979815458	15785.150890027438
0.010347765634951902	15833.376488664127
0.010439782329222836	15881.40266395961
0.010532617274730148	15928.013802081896
0.010626277747708777	15973.65940584984
0.010720771089097	16019.352637063706
0.010816104705111844	16063.908131283015
0.010912286067829506	16107.668718140745
0.01100932271577105	16150.561107731859
0.011107222254493242	16192.594699556315
0.01120599235718467	16234.451245706956
0.011305640765267133	16275.293656021951
0.011406175289002451	16314.892409572323
0.011507603808104555	16353.543693829906
0.011609934272357122	16392.079865143987
0.011713174702236658	16429.28150086799
0.011817333189541125	16465.311191341123
0.011922417898024156	16500.7819791598
0.012028437064034954	16535.431898586532
0.012135398997163777	16568.996723418237
0.012243312080893277	16601.890371437676
0.012352184773255566	16633.369966480157
0.012462025607495143	16664.16810611182
0.012572843192737703	16694.130120935097
0.012684646214664948	16723.0190698749
0.012797443436195294	16750.909425189646
0.01291124369817073	16777.956749039484
0.013026055920049741	16803.888760248712
0.013141889100606393	16828.331771927416
0.013258752318635636	16851.905012533705
0.013376654733664926	16874.070304183715
0.013495605586672062	16895.222849194128
0.013615614200809532	16914.618205481136
0.013736689982135217	16932.795203886526
0.013858842420349633	16949.811283208586
0.013982081089539704	16965.30672346961
0.014106415648929206	16979.551709656957
0.014231855843635767	16992.715567662686
0.014358411505434723	17003.972017285494
0.0144860925535297	17014.30873101893
0.014614908995330064	17023.673606432647
0.014744870927235271	17032.061301554437
0.014875988535426259	17039.86305701674
0.015008272096663736	17046.662602559325
0.015141731979093718	17052.5065539839
0.015276378643060142	17058.243110727897
0.015412222641924735	17063.013807886422
0.015549274622894151	17067.31845437526
0.015687545327854536	17071.18834211168
0.01582704559421337	17074.201131199236
0.015967786355748952	17075.85427898197
0.01610977864346734	17076.40636716152
0.016253033586466948	17075.59346919701
0.016397562412810814	17072.964521398717
0.01654337645040669	17068.85488378159
0.016690487127894806	17062.816736484892
0.016838905975543706	17054.909447323596
0.016988644626153935	17044.678001818334
0.017139714815969806	17032.033584237273
0.01729212838559925	17016.898935736484
0.01744589728094192	16999.68680904682
0.017601033554125404	16980.644657567726
0.017757549364449895	16959.68314625699
0.017915456979341212	16936.911850632452
0.0180747687753123	16912.025605307856
0.018235497238933255	16885.87911870359
0.01839765496781007	16858.358819716173
0.018561254671571915	16829.312753075003
0.018726309172867342	16798.802382264534
0.01889283140836932	16766.85771702568
0.01906083442978915	16733.729236814957
0.019230331404899444	16699.4661490631
0.019401335618566252	16663.291512107713
0.019573860473790197	16625.728018318252
0.01974791949275705	16586.799863050474
0.019923526317897566	16545.578573787865
0.020100694712956738	16502.30505001263
0.020279438564072563	16457.211273905803
0.020459771880864498	16409.8614258494
0.020641708797531366	16359.979572899192
0.020825263573959283	16308.00904825936
0.021010450596839272	16254.12117437484
0.021197284380794885	16198.059778453518
0.0213857795695198	16139.819214186527
0.02157595093692565	16079.583249435267
0.021767813388299865	16017.59756019115
0.021961381961473996	15953.874695541519
0.02215667182800232	15888.635218354331
0.022353698294350983	15822.220359051047
0.02255247680309765	15754.564501189716
0.02275302293414197	15685.63792016547
0.02295535240592655	15615.984208262622
0.023159481076669056	15545.318985137075
0.023365424945605087	15473.624736994423
0.023573200154242212	15400.736460947084
0.02378282298762505	15326.657328411839
0.023994309875611783	15251.761409045957
0.02420767739416174	15176.142245131889
0.024422942266634697	15099.225389110163
0.024640121365101592	15021.248140070094
0.024859231711666933	14942.487640480078
0.025080290479802935	14862.682886104018
0.02530331499569563	14781.572797364643
0.02552832273960274	14699.632902767176
0.025755331347223825	14616.74787872565
0.02598435861108252	14532.6858714162
0.02621542248192109	14447.781439563314
0.026448541070107325	14361.677636898905
0.026683732647054127	14273.918808696833
0.026921015646651433	14185.613002260532
0.027160408666711117	14096.263964304488
0.027401930470424638	14005.583197613483
0.027645599987833665	13913.639055448315
0.02789143631731375	13820.59177260255
0.028139458727071333	13726.436881819951
0.028389686656653784	13631.131973656367
0.02864213971847316	13534.944751527675
0.028896837699343342	13437.858465626985
0.02915380056203091	13339.529618136223
0.029413048446819745	13240.451691155951
0.02967460167308971	13140.951078246424
0.02993848074090908	13040.45556239282
0.030204706332641402	12939.379791742615
0.030473299314566493	12838.260293962776
0.030744280738516035	12735.913895953168
0.03101767184352328	12633.424969216903
0.03129349405748814	12530.40114708641
0.03157176899885621	12427.332891490541
0.03185251847831362	12323.819364453286
0.03213576450049628	12220.042046153872
0.03242152926571444	12116.370088332922
0.032709835171693104	12013.058031403427
0.03300070481532704	11909.887972930548
0.03329416099445239	11806.244561679783
0.03359022670963301	11703.543909584816
0.033888925165963646	11601.034737284659
0.03419027977488853	11498.354505660269
0.03449431415603616	11396.527617720132
0.03480105213907095	11295.411829236817
0.03511051776556049	11194.530333716895
0.03542273529086033	11094.40536772727
0.03573772918601486	10995.285916166427
0.0360555241396751	10895.799768365003
0.036376145060034254	10797.965950984406
0.03669961707677939	10700.174004321692
0.03702596554306164	10603.73283377829
0.03735521603748275	10507.94505881496
0.037687394366100385	10412.79704323233
0.03802252656445057	10318.706413804888
0.038360638899588066	10225.617670574733
0.03870175787214565	10133.470125727483
0.039045910218410605	10042.09403746744
0.03939312291242077	9951.926174496548
0.03974342316807849	9862.517702771163
0.040096838441283415	9774.16906799248
0.040453396432084884	9687.050944071552
0.04081312508685248	9601.104410493155
0.041176052600466986	9516.321233636898
0.041542207418529625	9432.747394649152
0.04191161823959215	9350.23767347802
0.04228431401740592	9268.639906296272
0.04266032396319104	9188.410443198072
0.0430396775479264	9110.05797610595
0.04342240450465894	9032.936059702624
0.043808534830834626	8956.980191891342
0.04419809879064938	8882.766455156125
0.04459112691742084	8810.368084240621
0.04498765001598213	8739.257962365664
0.04538769916509558	8669.561968396973
0.04579130571988933	8601.863955368162
0.0461985013143142	8536.154124138953
0.04660931786362368	8471.86152648829
0.04702378756687515	8408.988713216615
0.047441942909453326	8347.471837305782
0.047863816665617016	8287.61347576471
0.04828944190106719	8229.474135672957
0.04871885197553925	8172.286405614817
0.04915208054541739	8115.974565000016
0.049589161566372365	8061.122844362531
0.05003012929602335	8007.767688807453
0.050475018296622404	7954.882174180967
0.05092386343776404	7903.160946073212
0.05137669989911754	7852.7668203722715
0.05183356317318493	7803.2820454265975
0.052294489068082504	7754.653561558986
0.05275951371034715	7706.988058566457
0.053228673547768536	7660.320862489835
0.05370200535224505	7614.064950977238
0.054179546222666596	7568.805331309766
0.054661333587822034	7524.04360822304
0.05514740520933253	7479.772905974459
0.05563779918461186	7436.024569357452
0.0561325539498517	7392.722899038707
0.056631708283034925	7349.757758284164
0.05713530130697418	7306.784730858744
0.057643372492378976	7263.830766711039
0.05815596166094898	7220.895516617615
0.058673108988494926	7177.939251327791
0.05919485500808818	7134.634305103102
0.059721240613236866	7091.113864919857
0.06025230706109173	7047.645697045583
0.060788095975679496	7003.864012699912
0.06132864935116495	6959.1841715788605
0.061874009555143154	6913.9933205981115
0.06242421933195922	6868.397291799036
0.06297932180605945	6821.820490423618
0.06353936048537046	6774.736185187138
0.06410437926471002	6726.5034960935545
0.06467442242922714	6677.101832571542
0.06524953465787266	6626.535345671473
0.065829761026902	6574.486391370299
0.06641514701340714	6521.045457371616
0.06700573849888193	6466.2043450423425
0.06760158177281776	6409.963139375127
0.06820272353633135	6352.175472407793
0.06880921090582591	6293.773731238226
0.06942109141668311	6234.631162934001
0.07003841302698972	6174.4453263457635
0.07066122412129562	6113.732019884591
0.07128957351440678	6052.759925665385
0.07192351045521105	5990.543878141649
0.07256308463053779	5927.0654976428805
0.07320834616905308	5862.045655712919
0.07385934564518773	5795.103260233373
0.07451613408310206	5725.97458018296
0.0751787629606848	5654.642636813368
0.07584728421358732	5581.258834061555
0.07652175023929522	5506.158101736421
0.07720221390123416	5429.770469620123
0.07788872853291415	5352.358550360317
0.0785813479421087	5274.1262948653175
0.07928012641507319	5195.416364618621
0.07998511872079925	5116.401872454812
0.080696380115307	5037.102046688528
0.08141396634597703	4957.583545716701
0.08213793365591851	4878.028550668042
0.08286833878837851	4798.53855021595
0.08360523899118898	4719.096046850922
0.08434869202125322	4639.890889932558
0.08509875614907396	4561.179698589739
0.08585549016331911	4483.154713248469
0.08661895337543088	4405.9784373795765
0.08738920562427314	4329.816317169642
0.0881663072808227	4254.779465412964
0.08895031925290049	4181.006202427692
0.08974130298994502	4108.686026551346
0.09053932048782974	4037.969637307413
0.0913444342937209	3968.9765272164927
0.09215670751098116	3901.8772615034427
0.09297620380411424	3836.7642741216973
0.09380298740375595	3773.6849131961067
0.094637123111708	3712.8161425758303
0.09547867630601653	3654.21657922733
0.0963277129460975	3597.8919452485534
0.09718429957790516	3543.9773609019767
0.09804850333914888	3492.6002951675996
0.09892039196455492	3443.6505035579103
0.09980003379117469	3397.13046602048
0.10068749776374222	3352.9901554016296
0.10158285344007648	3311.388945897845
0.10248617099653454	3271.978353790772
0.10339752123351056	3234.830741785767
0.10431697558098618	3199.9598884930638
0.10524460610412854	3166.9028737919944
0.10618048550893808	3135.9394757497375
0.1071246871479484	3106.4847482293676
0.10807728502597397	3078.9438606709405
0.10903835380591187	3052.848132503145
0.11000796881459313	3028.0054672482465
0.11098620604868611	3004.216354047959
0.11197314218065439	2981.2640501828264
0.11296885456476465	2958.982647628195
0.11397342124315103	2937.240006697297
0.11498692095193054	2915.9367388310357
0.11600943312737544	2894.407262828043
0.11704103791213888	2872.9413740384143
0.11808181616153561	2851.1281708722754
0.11913184944988078	2828.722088215143
0.12019122007688188	2805.5156043492275
0.12126001107409073	2781.4587993494024
0.12233830621141074	2756.480440683532
0.12342619000366194	2730.1836176793836
0.12452374771720665	2702.5055062314273
0.1256310653766307	2673.353725768286
0.12674822977148784	2642.611978804022
0.1278753284631	2610.4794457283665
0.1290124497914222	2576.815839870221
0.1301596828819654	2541.523200973651
0.1313171176527816	2504.8026609113276
0.1324848448215129	2466.8254898059886
0.1336629559125	2427.4801821480496
0.13485154326395732	2386.8578796343418
0.1360507000352096	2345.462843519491
0.13726052021399288	2303.168041518468
0.13848109862382274	2260.100741620528
0.13971253093142438	2216.6197964436715
0.14095491365423296	2172.9256815388976
0.14220834416795627	2129.0465109835695
0.1434729207142087	2085.225696995423
0.14474874240821056	2041.9918872788016
0.14603590924655566	1999.4249962209778
0.14733452211505071	1957.6191993930377
0.14864468279662052	1916.7745567143177
0.14996649397928738	1877.232474092567
0.1513000592642187	1839.12094344935
0.1526454831738464	1802.6387651465752
0.15400287116006103	1768.0929128262335
0.15537232961247463	1735.5245968330726
0.15675396586676169	1704.839532081414
0.1581478882130696	1676.0553586160243
0.1595542059045083	1649.3841471168353
0.1609730291657124	1624.7530544983235
0.16240446920147958	1602.0722384907085
0.16384863820548862	1581.093746166048
0.16530564936909056	1561.600537379519
0.16677561689018267	1543.5490219219093
0.16825865598215792	1526.8159200366124
0.16975488288293453	1511.0912725004207
0.17126441486406846	1496.1263572932403
0.17278737023994262	1481.8559059703286
0.17432386837704242	1468.0419627159754
0.17587402970330923	1454.4750878668456
0.17743797571758133	1440.912925781966
0.1790158289991159	1427.140533305853
0.18060771321719563	1413.0043164978879
0.18221375314082383	1398.2557462254379
0.18383407464850116	1382.7527888783036
0.18546880473809388	1366.3208653610695
0.18711807153678686	1348.8798687244548
0.1887820043111249	1330.251708022621
0.19046073347714676	1310.5020167583093
0.19215439061060427	1289.689253443239
0.19386310845727758	1267.8599014892352
0.19558702094337702	1245.20478863581
0.1973262631860422	1221.7569579535514
0.19908097150393136	1197.8404996087493
0.2008512834279046	1173.6828606785093
0.20263733771180584	1149.336639516992
0.20443927434333528	1125.0523751861524
0.2062572345550238	1101.1390545237243
0.2080913608353015	1077.6943963499589
0.20994179693966455	1054.83030327782
0.21180868790194515	1032.884236863657
0.2136921800456759	1011.7931535129007
0.21559242099556147	991.8295511464456
0.2175095596890461	972.9845087920886
0.21944374638798975	955.3837126206814
0.2213951326904442	939.0463618500289
0.2233638715425338	923.9112293385652
0.22535011725044587	909.9160074943741
0.2273540254925219	896.9590082575779
0.22937575333146193	884.8748899729521
0.2314154592266338	873.6265792748447
0.2334733030464916	862.9021538575912
0.23554944608110875	852.6078184099291
0.23764405105481637	842.4849741557751
0.23975728213896055	832.3781340590809
0.24188930496476654	822.1631293096036
0.24404028663632357	811.6858724275098
0.24621039574368087	800.8022030402072
0.24839980237606007	789.3646246362977
0.2506086781351898	777.383830335248
0.2528371961487516	764.7978820215873
0.2550855310839528	751.7351156453191
0.2573538591612153	738.2097618410278
0.2596423581679857	724.3353410135425
0.26195120747267336	710.2151985808164
0.2642805880387056	695.9408713050169
0.2666306824387142	681.7313633491643
0.26900167486884236	667.7434818718074
0.2713937511631841	654.0503073762533
0.27380709880834875	640.7879771302247
0.2762419069581541	627.9968181796692
0.27869836644845536	615.8554983151662
0.2811766698120986	604.4149004415384
0.28367701129401474	593.6314935495899
0.2861995868664424	583.5085212567848
0.2887445942442865	574.023305796838
0.29131223290061825	565.0962341244094
0.2939027040823055	556.6185539103606
0.2965162108257901	548.4879854815478
0.29915295797299746	540.5514255990931
0.3018131521873953	532.7228331078508
0.3044970019701901	524.9089355254565
0.30720471767666724	517.0054642449815
0.30993651153268226	508.947748009077
0.31269259765129026	500.6865261028205
0.31547319204953145	492.2072298393683
0.31827851266536067	483.51084202827445
0.32110877937472737	474.656157467004
0.3239642140088127	465.6804271244453
0.3268450403714121	456.6494039690238
0.32975148425648076	447.660128987579
0.3326837734658269	438.80661165358606
0.33564213782696994	430.1699343985173
0.3386268092111526	421.833068950179
0.3416380215515127	413.82911395167605
0.34467601086142247	406.1410133661349
0.34774101525298207	398.8163977070871
0.3508332749556868	391.81539950226704
0.35395303233525377	385.1143789102458
0.3571005319126165	378.6924758478118
0.3602760203830941	372.4867803342055
0.363479746635722	366.419204762989
0.36671196177276444	360.40629427766174
0.3699729191293902	354.42496121125924
0.37326287429353305	348.4042518295646
0.37658208512592267	342.35655663244603
0.37993081178029287	336.2489006617135
0.38330931672377677	330.09218924792225
0.3867178647574734	323.933055401436
0.39015672303720655	317.7898743620329
0.3936261610944625	311.68483201535054
0.3971264508575129	305.6799048002908
0.400657866672733	299.8307662758781
0.40422068532609895	294.13714182247827
0.4078151860648872	288.6368335880301
0.411441650619556	283.32252195231837
0.4151003632258316	278.18212126563367
0.4187916106469843	273.2109056694771
0.422515682196302	268.38213760000775
0.42627286975977124	263.6645581576751
0.43006346781894894	259.0188642167288
0.4338877734740483	254.4356802673533
0.437746086467223	249.86408121576846
0.44163870920605786	245.3220432178619
0.4455659467872767	240.80241578748524
0.44952810702064866	236.30029607377546
0.4535255004531205	231.83675522366758
0.4575584403931501	227.42468258967997
0.4616272429352684	223.08640024289625
0.46573222698485256	218.84193241257074
0.4698737142831181	214.70377511838444
0.47405202943234237	210.67529836160944
0.47826749992129974	206.74731565677575
0.4825204561509353	202.91922100917427
0.4868112314602587	199.1861558397117
0.49114016215246786	195.52782974270357
0.49550758752131413	191.9287676962026
0.49991384987768844	188.38825145795064
0.5043592945764578	184.88043302525705
0.5088442700435271	181.40766930728958
0.5133691278031534	177.98072935283278
0.517934222505496	174.60125970327675
0.5225399119544105	171.26922419304654
0.5271865571354982	167.99622440914578
0.5318745222443932	164.79234115276205
0.5366041747153137	161.64927551558074
0.5413758852498576	158.586910193008
0.5461900278460547	155.5844165803112
0.5510469798276872	152.64563301907796
0.5559471218738552	149.7688782259174
0.560890838048822	146.9428343762248
0.5658785158321081	144.1580418589572
0.5709105461488683	141.4121143734478
0.5759873234005287	138.70775295003733
0.5811092454956961	136.05134285126056
0.5862767138813525	133.43383164439967
0.5914901335743115	130.85959320651634
0.5967499131929701	128.34058406782952
0.6020564649893323	125.87195405317937
0.6074102048813176	123.45354149523355
0.6128115524853672	121.08351050167701
0.6182609311493245	118.75501746683831
0.6237587679856242	116.4686589802885
0.6293054939047611	114.2244571601539
0.6349015436490706	112.02581932730324
0.6405473558268004	109.8610415581423
0.6462433729464845	107.74192262119512
0.6519900414516333	105.66023547970302
0.657787811755717	103.61157244354615
0.6636371382774755	101.60107255434716
0.6695384794765319	99.62859789504257
0.6754922978893219	97.68999671231118
0.6814990601653547	95.78769257087036
0.6875592371037793	93.92706903389018
0.6936733036902937	92.09394051390274
0.6998417391343641	90.29165084065168
0.7060650269067932	88.5267694088303
0.7123436547776099	86.79513064877015
0.7186781148542957	85.09376159649526
0.7250689036203646	83.4258494212947
0.7315165219742663	81.78400218478667
0.7380214752686544	80.17735144527047
0.7445842733499912	78.60060274553797
0.7512054305985051	77.05132448455382
0.7578854659685152	75.53361893432327
0.7646249030290962	74.04360868752377
0.771424270005125	72.57958675660994
0.7782840998186713	71.14459344742252
0.7852049301307765	69.73609637857486
0.792187303383591	68.35163895858243
0.7992317668428849	66.99617115813699
0.806338872640952	65.66599609256403
0.8135091778198738	64.36300626997298
0.8207432443751886	63.08063520590742
0.8280416392999365	61.82289269625384
0.8354049346290939	60.59266867991399
0.8428337074844195	59.38416462205647
0.8503285401196761	58.19813293960365
0.857890019966278	57.03561041028013
0.8655187396793218	55.89598277196582
0.8732152971840471	54.77755096097511
0.8809802957226971	53.68065546484749
0.8888143439017947	52.60520457195122
0.8967180557398547	51.54985304465466
0.9046920507154972	50.51467955612533
0.9127369538160134	49.50066531700031
0.9208533955863389	48.505812190870984
0.9290420121784854	47.52974974586909
0.9373034454013964	46.57242510504132
0.9456383427712464	45.63425258651253
0.9540473575622029	44.71404628385827
0.9625311488576165	43.811949802121546
0.9710903816016894	42.92792299710735
0.9797257266515883	42.060680137312694
0.9884378608300193	41.20962098061409
0.9972274669782883	40.375777185348674
1.006095234009807	39.557608901089424
1.0150418569641029	38.75415907759835
1.02406803706128	37.965729272452464
1.0331744817569934	37.19867868380504
1.0423619047978916	36.44531259193897
1.0516310262775541	35.70096538992315
1.0609825726929432	34.97397637345315
1.0704172770013305	34.2656378642181
1.0799358786777595	33.56433509025597
1.0895391237729963	32.88236645376413
1.0992277649720001	32.20828981688129
1.1090025616529293	31.550562711832985
1.118864279946645	30.907160888887418
1.1288136927967756	30.275319752538568
1.1388515800202812	29.655529849229925
1.1489787283685895	29.047304064438475
1.1591959315892537	28.451343348112488
1.1695039904881586	27.87065414915897
1.1799037129923005	27.295780684898812
1.1903959142130953	26.73521400595642
1.2009814165102792	26.186128049978613
1.2116610495563578	25.64702160951393
1.2224356504016285	25.12016674568262
1.2333060635398005	24.603641467538466
1.2442731409741694	24.09397130587275
1.2553377422844114	23.59729272618816
1.2665007346939388	23.109994208761503
1.2777629931378869	22.63442836166082
1.289125400331683	22.165077265867946
1.3005888468402254	21.70531826920502
1.3121542311476997	21.257865985328014
1.3238224597279826	20.81852050426507
1.3355944471157062	20.385188829922885
1.3474711159779293	19.96228112469472
1.3594533971864482	19.546926629326226
1.3715422298907733	19.142061364293493
1.3837385615917193	18.744464411283996
1.396043348215686	18.353306627657552
1.408457554189565	17.97102027664722
1.4209821525163453	17.596702249796703
1.4336181248513693	17.229872876320464
1.446366461579264	16.871292375247982
1.4592281618915848	16.518961218917266
1.4722042338651093	16.174965432409856
1.4852956945408669	15.837088309756883
1.4985035700038434	15.504780348831313
1.5118288954633983	15.180154445128881
1.525272715334419	14.863221553794403
1.53883608331916	14.552316667861923
1.552520062489851	14.246368167303562
1.5663257253719973	13.946221238062263
1.5802541540284614	13.653568339259706
1.594306440144265	13.367239502280768
1.6084836851121447	13.087372255788672
1.622787000118897	12.810796362278884
1.6372175062324485	12.540976176286968
1.6517763344897427	12.277281265722852
1.6664646259853808	12.018613633360296
1.6812835319610495	11.765561667197948
1.6962342138957731	11.517546825457794
1.7113178435969258	11.274331506048362
1.7265356032920989	11.036255617291008
1.7418886857217373	10.803292734074391
1.757378294232646	10.574788607391977
1.7730056428722971	10.350767343113214
1.788771956483976	10.131270544219259
1.804678470802802	9.916483274505502
1.8207264325525614	9.706760352119208
1.8369170995434414	9.501621728187253
1.8532517407706093	9.2993892543143
1.8697316365136616	9.101665989305099
1.8863580784369944	8.907883611348856
1.9031323696910145	8.718386831045196
1.9200558250143054	8.53335406837133
1.9371297708366462	8.35215757478374
1.9543555453829993	8.174205394431798
1.9717344987783874	7.999884630710871
1.989267993153704	7.829822476941849
2.006957402752499	7.663023079862045
2.02480411403866	7.4987273394341365
2.042809525805107	7.3388648221575865
2.0609750492834182	7.182226868451946
2.0793021082544243	7.028604135669852
2.0977921391598318	6.878289715485897
2.116446591214777	6.731262256052554
2.135266926521443	6.5874224814547855
2.1542546201836266	6.446412020738632
2.1734111604223814	6.308040399279706
2.19273804869265	6.173032411080239
2.2122367998009334	6.0403311044544035
2.231908942024046	5.910479860130728
2.2517560172288684	5.783829176978764
2.2717795809932237	5.659701620235683
2.291981202727788	5.5378334651167584
2.312362465799088	5.418830096696062
2.3329249676536272	5.302141209593645
2.3536703199430624	5.188261416949755
2.3746001486505524	5.076206975807429
2.395716094218166	4.9669805683353445
2.4170198116754884	4.859881272048813
2.4385129707693247	4.754867449517594
2.46019725609456	4.652336295627028
2.4820743672262253	4.552046297570521
2.5041460188526696	4.453716159613952
2.5264139409099893	4.357261173300409
2.5488798787176	4.263023835493992
2.571545593115021	4.17095858220816
2.5944128605999164	4.080695889426959
2.6174834734672987	3.9920907836474866
2.640759239950041	3.905559587887889
2.664241984360567	3.8211023016702708
2.68793354723387	3.738137498280973
2.711835785471756	3.6568147961897086
2.73595057248837	3.5776193097252094
2.760279798357066	3.4998859140407643
2.7848253699585057	3.423842109073623
2.8095892111301537	3.3495106280157727
2.8345732628170475	3.276615869080685
2.8597794832239116	3.205154946023208
2.8852098479686723	3.1353805782717203
2.9108663502372636	3.067235968155806
2.9367510009398887	3.0003544800781845
2.9628658288685914	2.934921292860158
2.9892128808563068	2.8709283794391305
3.015794221937269	2.8082836693882043
3.042611935508853	2.7469676359012043
3.0696681234949024	2.686948853200326
3.096964906510432	2.628192924371702
3.1245044240278745	2.5707549710461777
3.152288834544756	2.514636043395109
3.1803203157528537	2.459512072624806
3.208601064708921	2.405718930662838
3.2371332980068446	2.3530973995949998
3.2659192519514195	2.301548662237665
3.294961182733585	2.2510433694937815
3.3242613666072955	2.2016806192455567
3.353822100067919	2.153416204741116
3.3836457000322073	2.106111483485047
3.4137345040199394	2.0598617078045147
3.4440908703370785	2.0146305479115045
3.4747171782606596	1.9702902743715627
3.5056158282252508	1.9270054898420887
3.5367892420110776	1.8846087028402314
3.568239862933882	1.8431560755834757
3.599970156036373	1.802637307943574
3.631982608281486	1.7629536155330083
3.6642797287472515	1.7240970523255514
3.6968640488235005	1.6860470689676
3.7297381224102484	1.6489318591471405
3.7629045261178473	1.6125576335052114
3.796365859468981	1.577004580873191
3.830124745102358	1.5422076544863956
3.8641838289783164	1.508140696470669
3.8985457805861885	1.4748245217633345
3.9332132931535106	1.4422419434665932
3.9681890838571623	1.410341553257031
4.003475894036276	1.3791131411238085
4.039076489407156	1.3486232789475783
4.074993660279995	1.3187827763997695
4.111230221777619	1.289555143404237
4.147789014056116	1.2609860132330872
4.184672902527414	1.233056243725042
4.221884778083925	1.2057305340187703
4.25942755732506	1.1789968251291723
4.297304182785892	1.1528151665244883
4.335517623167747	1.1271909344615114
4.37407087357088	1.1021779932216438
4.4129669557292655	1.0776704250546734
4.452208918247381	1.0537502359508772
4.4917998368392125	1.0303301754996852
4.531742814569259	1.0074038248678074
4.5720409820958	0.9850148325380618
4.61269749791625	0.9631056981034345
4.653715548614688	0.9416432668294255
4.695098349111677	0.920680633017707
4.736849142916173	0.900158660589077
4.778971202379808	0.8800705836194441
4.821467828953345	0.8604606712065681
4.86434235344541	0.8412822435492889
4.907598136283621	0.8225069268931705
4.951238567777899	0.8041447666775313
4.9952670683862666	0.7861724286234628
5.039687088982863	0.7685869992432874
5.084502111128483	0.7514653864911668
5.1297156473434296	0.7346422307099165
5.1753312413827866	0.7182100798170346
5.22135246851424	0.7021457838519412
5.267782935798229	0.6864294488041215
5.314626282370717	0.6710688596679096
5.361886179728403	0.6560398405473445
5.409566332016454	0.6413195576111722
5.457670476318892	0.6269716863719553
5.5062023829514315	0.6129195434663386
5.55516585575706	0.5991776283627595
5.6045647324041	0.5857474548916975
5.654402884687071	0.5726026505385762
5.7046842188301214	0.5597440939446391
5.755412675793159	0.5471808064589176
5.806592231580811	0.5348936153798153
5.858226897553972	0.5228626825850384
5.91032072074428	0.511106986447072
5.962877784171284	0.4996286444608099
6.0159022071624335	0.48838809310261944
6.069398145676017	0.47739554252597605
6.123369792626811	0.466644789428339
6.177821378214803	0.45613918866928094
6.232757170256658	0.4458695240012605
6.288181474520298	0.4358124070663211
6.344098635062351	0.4259911867479176
6.400513034568591	0.41640219971087994
6.457429094697529	0.40700263118875457
6.5148512764268816	0.3978245481427796
6.572784080403292	0.38884508166660026
6.631232047295055	0.38006894618080084
6.690199758147963	0.3714923898727856
6.749691834744448	0.3630950213510388
6.809712939965732	0.3548838070095398
6.87026777815739	0.34686998796032853
6.931361095497972	0.33902114343223644
6.992997680371087	0.331359415211542
7.055182363740668	0.3238636014889049
7.1179200195295795	0.31652689615636204
7.181215565001713	0.30935994887931273
7.245073961147292	0.30236017497724865
7.309500213071795	0.2955121697528327
7.374499370388208	0.28881333454609126
7.440076527612767	0.28226391253022287
7.506236824564346	0.27586713262756296
7.572985446767201	0.2696049268581089
7.64032762585751	0.26348602567733836
7.708268639993311	0.25751098552256957
7.776813814268291	0.25166603354259814
7.845968521129111	0.24594865715680778
7.915738180796454	0.2403649093521546
7.986128261689948	0.23490297060570778
8.057144280856653	0.22956484883825246
8.12879180440358	0.22434555345711293
8.201076447933916	0.2192397979805964
8.274003876987107	0.21425144662918824
8.34757980748303	0.20937871811040346
8.421810006169867	0.20461263063311058
8.496700291076218	0.1999523033896958
8.572256531966985	0.19540147051190468
8.64848465080354	0.1909471378800962
8.725390622207833	0.18659449810106035
8.802980473930623	0.18234336589202776
8.88126028732403	0.17818490119888433
8.960236197818062	0.1741210449183877
9.039914395401622	0.1701496725182373
9.120301125107533	0.16626570094091603
9.201402687502137	0.162468565703174
9.283225439179065	0.15875963524779685
9.36577579325741	0.15513477519787253
9.449060219884489	0.15158920296219908
9.53308524674283	0.1481266163324606
9.617857459561918	0.14473967936340032
9.70338350263432	0.1414286522494649
9.7896700793364	0.1381956750218145
9.876723952653844	0.13503349129277495
9.964551945711582	0.1319388660034991
10.053160942308724	0.12892267240571875
10.142557887457947	0.1259720508475498
10.232749787929967	0.123087789071411
10.323743712802656	0.12026446323780302
10.415546794015052	0.11751061272354255
10.508166226926477	0.11481846208318598
10.601609270880346	0.11218100359610679
10.69588324977327	0.10960042621879025
10.790995552629042	0.1070856474343079
10.886953634177706	0.10464332265219793
10.983765015439987	0.10223400306000202
11.08143728431662	0.09987975139861462
11.179978096183232	0.09758982950611596
11.279395174490196	0.09535348442688157
11.379696311368122	0.09316724682840063
11.480889368238527	0.09102086789641899
11.58298227642995	0.08892154596658754
11.685983037799723	0.08688904029710619
11.78989972536098	0.0848837863093763
11.894740483915562	0.08292428428212398
12.000513530692317	0.0810198508693009
12.107227155991092	0.07915764718217398
12.214889723832664	0.0773350257765082
12.323509672614117	0.07554844336720917
12.433095515770413	0.07380476892094448
12.543655842441472	0.07211140161049155
12.655199318145538	0.07045500538822999
12.767734685458295	0.06882835112909653
12.881270764698028	0.0672366816045921
12.995816454617103	0.06568596176799958
13.111380733099248	0.06417133212399714
13.227972657863388	0.06269204546735621
13.345601367173508	0.06124146038061042
13.464276080554813	0.05982137686515961
13.58400609951651	0.05844300376042905
13.704800808280647	0.057099255000977935
13.826669674517836	0.055773115638875104
13.949622250089101	0.054482962052908694
14.073668171794719	0.053227935520544535
14.198817162129457	0.05200015011172074
14.32507903004453	0.05079653449325901
14.452463671716579	0.04961656901973186
14.580981071323123	0.04846657897433253
14.710641301825271	0.04734971757337943
14.841454525757149	0.04624864023661895
14.973430996022342	0.0451769423109939
15.106581056697683	0.0441329714241833
15.240915143843786	0.043110104681999106
15.376443786323229	0.042112001330895314
15.51317760662556	0.041136151999667456
15.651127321700068	0.0401822275110337
15.790303743795675	0.039251092021749596
15.930717781308289	0.03833844900221064
16.07238043963599	0.03744938505399799
16.21530282204138	0.03657731224226253
16.359496130522047	0.03573213042486863
16.504971666688448	0.03490029506050211
16.651740832649658	0.03408930795316673
16.79981513190721	0.033298732281296164
16.949206170256517	0.032524841783664146
17.099925656696733	0.031769113146490315
17.251985404348247	0.031029013093117983
17.405397331378786	0.030310458428343776
17.56017346193745	0.02960153716477288
17.716325927097046	0.028913126357302085
17.87386696580512	0.028242224877060938
18.032808925842982	0.0275849276304791
18.193164264793698	0.02694170150629665
18.354945551018425	0.02631402536971227
18.51816546464139	0.025701482198458286
18.682836798543953	0.0251035472001748
18.848972459367044	0.02451969332905645
19.016585468523008	0.023946501341585723
19.18568896321596	0.023389281190849664
19.356296197471657	0.02284356972099888
19.52842054317625	0.022309233753762148
19.70207549112423	0.02178933572997725
19.877274652076064	0.02128234952096548
20.0540317578247	0.02078462643898106
20.23236066227207	0.02029894620025128
20.412275342514867	0.019824102410911926
20.593789899939885	0.019362290294099617
20.776918561329556	0.01890974915132221
20.96167567997671	0.018468173334836805
21.148075736809854	0.018036427277782343
21.336133341527862	0.01761409390519356
21.52586323374533	0.017202683348070055
21.717280284147716	0.01680071171867029
21.91039949565677	0.016407447054129477
22.105236004606695	0.01602339993103661
22.301805081930215	0.01564925165511309
22.50012213435573	0.015282216973413998
22.700202705614775	0.014923885815226677
22.90206247766017	0.014574264753936009
23.105717271895436	0.014232801556028142
23.31118305041452	0.013899944232231256
23.518475917253202	0.01357419427166425
23.72761211965097	0.013256116015451229
23.938608049324746	0.012944168431312294
24.151480243753497	0.01264036463602141
24.366245387474308	0.0123446187472502
24.58292031339037	0.01205557265736995
24.801522004089975	0.011772520674964164
25.02206759317787	0.011496071553865709
25.244574366618046	0.011226527586761266
25.469059764088446	0.010962608588284328
25.695541380348146	0.010704835192800634
25.924036966616068	0.010453260814004123
26.15456443196263	0.010207280727583737
26.387141844713074	0.00996766029102535
26.62178743386395	0.009733463882213843
26.858519590511722	0.009504175089732388
27.097356869294103	0.00928061372385134
27.33831798984465	0.009062825793871512
27.581421838259608	0.008849878698605365
27.826687468578488	0.008641623252160814
28.074134104277363	0.008438329190800611
28.3237811397754	0.008238843640667272
28.575648141955327	0.008044721547231765
28.829754851696634	0.007855829512468224
29.08612118542324	0.007670879986133201
29.344767236664097	0.007489807377504977
29.605713277628436	0.00731311436756868
29.868979760794527	0.007140760762086037
30.134587320512537	0.006972695945429039
30.402556774622184	0.006807998368174071
30.67290912608398	0.006646898365704243
30.94566556462578	0.006490388625750808
31.22084746840343	0.006337273119948078
31.498476405676186	0.006187291633353093
31.77857413649758	0.006041688510272495
32.06116261442048	0.005898839692162317
32.34626398821825	0.005759461637725148
32.633900603620226	0.005623213715406924
32.92409500506359	0.0054904601989353855
33.21686993746014	0.005360790972326076
33.51224834797886	0.005233993521947968
33.81025338784486	0.005110039568850809
34.11090841415347	0.004988992459902551
34.41423699170134	0.004871013484479807
34.72026289483321	0.004755938906671194
35.02901010930516	0.004643046672294887
35.34050283416496	0.004533255339212122
35.65476548364824	0.004426000179513301
35.9718226890926	0.004321050768441203
36.29169930086759	0.004218543118285398
36.614420390322934	0.004118553223110168
36.94001125175336	0.00402101334415699
37.26849740438092	0.003925807022988036
37.59990459435564	0.003832654770533426
37.934258796772866	0.003741759167817229
38.27158621770967	0.003652836443221662
38.61191329627859	0.0035661632245950745
38.955266706699696	0.003481487761117287
39.30167336039175	0.003398838558000997
39.65116040808093	0.0033181839088779327
40.003755241929376	0.0032392716603199404
40.359485497681604	0.0031622655207935975
40.71837905683102	0.0030870596938051887
41.080464048805055	0.0030137803499661626
41.44576885316963	0.0029420554671001505
41.81432210185403	0.0028720662248777
42.18615268139441	0.0028037883674812
42.56128973519844	0.0027370869206954536
42.93976266582922	0.0026718887732157222
43.32160113730964	0.00260820544038236
43.70683507744788	0.0025461224178663236
44.09549468018248	0.0024854555795488426
44.48761040794956	0.0024263447589069937
44.88321299406972	0.0023685423174416263
45.28233344515745	0.002312040375626853
45.68500304355112	0.0022568687283033868
46.091253349764614	0.0022030651308938996
46.50111620496153	0.0021505487470938355
46.91462373345016	0.002099177269708784
47.33180834520199	0.0020491193238043473
47.7527027383916	0.002000119960787885
48.17733990195926	0.0019523753573465544
48.60575311819717	0.0019057304257169522
49.03797596535735	0.0018601717221468405
49.474042320284134	0.0018157248179592154
49.913986361068694	0.0017723360375913957
50.357842569728454	0.0017299385853568221
50.80564573490948	0.001688536817156863
51.257430954612886	0.0016481288046534264
51.71323363894634	0.0016087369073739
52.17308951289878	0.0015702214294779494
52.637034619141055	0.0015326475686932022
53.10510532085067	0.0014959544742238551
53.577338304561515	0.0014600865022787054
54.05377058304002	0.001425081301170694
54.534439498185336	0.0013909470530433176
55.0193827239569	0.001357580829556379
55.50863826932651	0.0013249480968852139
56.002244481258046	0.0012932081830580497
56.50024004771276	0.0012621658053534103
57.00266400068127	0.0012318781516207538
57.5095557192435	0.0012023124725923534
58.020954932654355	0.001173414271703047
58.536901723458335	0.0011452131559081377
59.05743653063081	0.0011177035444996798
59.58260015274727	0.0010907761727910865
60.11243375118175	0.0010645640924655953
60.646978853332136	0.0010389730219679642
61.1862773558759	0.0010139630223812359
61.73037152805298	0.000989550028790425
62.279304014979544	0.0009657157131119184
62.83311784099012	0.0009424626271296682
63.391856413009414	0.0009197671519817358
63.955563523955256	0.0008975641912328118
64.5242833561701	0.0008759541530737716
65.0980604848848	0.0008548305221185078
65.67693988171187	0.0008342152175182973
66.26096691817011	0.0008140928327688585
66.8501873692414	0.0007944346539575108
67.4446474169576	0.000775251507764129
68.04439365402112	0.0007565210277595661
68.64947308745589	0.0007382050763944315
69.25993314229243	0.0007203526296340803
69.87582166528466	0.0007029757708390364
70.4971869286596	0.000685953987872969
71.1240776339018	0.0006693274661792046
71.75654291556941	0.000653107095583808
72.39463234514616	0.0006372881440462694
73.03839593492634	0.0006218550925133464
73.68788414193423	0.0006067920495193325
74.34314787187978	0.0005920887866516766
75.00423848314745	0.0005777313146114922
75.6712077908226	0.0005637021714024044
76.34410807075169	0.0005500185550711241
77.0229920636404	0.0005366662225513906
77.70791297918703	0.0005236390585191741
78.39892450025253	0.0005109186333943157
79.09608078706903	0.0004984933593954943
79.79943648148372	0.00048636472380260155
80.50904671124269	0.0004745296484783221
81.22496709431063	0.00046297800897759933
81.94725374323102	0.00045170043389549823
82.67596326952378	0.0004406918469536758
83.41115278812184	0.0004299544761028642
84.15287992184884	0.00041947098426886343
84.90120280593419	0.0004092376224213662
85.65618009257078	0.00039925304256204576
86.4178709555115	0.00038950826490578703
87.18633509470675	0.0003799974226497184
87.96163274098465	0.00037070701009878044
88.74382466077064	0.00036163717412445687
89.53297216085144	0.00035279298833822137
90.32913709317893	0.00034415718458067116
91.13238185971927	0.0003357285459392843
91.9427694173424	0.00032750339792579305
92.76036328275842	0.0003194775193873822
93.58522753749382	0.0003116495414011632
94.41742683291535	0.00030400680974698176
95.25702639529666	0.00029654116610534063
96.10409203093191	0.0002892597578771907
96.95869013129156	0.00028215804817398104
97.82088767822702	0.00027522566847041664
98.69075224922157	0.00026845729164355836
99.56835202268496	0.00026184684240923513
100.45375578329805	0.00025540423867554367
101.34703292740517	0.00024912245103302674
102.24825346845114	0.0002429410657849305
103.15748804247018	0.0002369655871724083
104.07480791362154	0.00023113133423956304
105.00028497977654	0.00022543620089940692
105.93399177815155	0.00021987798376730606
106.87600149099445	0.00021444825937507527
107.82638795132168	0.00020914556516901883
108.7852256487028	0.00020397011732360595
109.75258973510046	0.0001989141542951852
110.72855603075978	0.0001939780871477182
111.7132010301527	0.00018915735329947064
112.70660190797106	0.0001844452077238693
113.7088365251766	0.0001798752405232198
114.71998343510468	0.00017543033360327458
115.74012188961895	0.00017106021599897013
116.76933184532434	0.00016677982320409014
117.80769396983327	0.00016264227567830978
118.8552896480898	0.00015861793551710064
119.91220098874594	0.0001546500379341006
120.97851083059848	0.0001508092348661532
122.054302749083	0.0001470275965181896
123.13966106282179	0.00014334433163638177
124.23467084023382	0.00013977834328820235
125.33941790620369	0.00013629045522330787
126.45398884880571	0.00013286979474280163
127.57847102609226	0.00012954727750347572
128.71295257293994	0.00012630120622569074
129.85752240795918	0.00012312450202157037
131.01227024046077	0.00012004496871806478
132.17728657748856	0.00011703407053524192
133.35266273091457	0.00011408644176199128
134.53849082459305	0.00011120632308619103
135.7348638015829	0.00010840092394888422
136.94187543143136	0.00010567613203325669
138.1596203175255	0.00010302102536550622
139.38819390450416	0.00010040856447877017
140.62769248574006	0.0000978696895874419
141.87821321088873	0.00009540264382973457
143.13985409349988	0.00009299342633662389
144.4127140187015	0.00009063445312474996
145.69689275094936	0.00008833503162347738
146.99249094184836	0.00008609501450085262
148.2996101380383	0.00008390754121460487
149.61835278915459	0.00008177751652176401
150.94882225585948	0.00007969314611384026
152.29112281794028	0.00007766806612668987
153.64535968248407	0.00007568480657006749
155.01163899212537	0.00007375210067173951
156.39006783336214	0.00007186835277482918
157.78075424495105	0.00007003179044180082
159.1838072263745	0.00006823758192285659
160.59933674638592	0.00006648543394920304
162.02745375162547	0.00006478698976684242
163.46827017531768	0.00006311492904582163
164.9218989460462	0.00006149906661852018
166.38845399660156	0.00005992031529917355
167.86805027291317	0.000058372460648232296
169.3608037430576	0.00005686758096593388
170.8668314063502	0.00005540338072122998
172.38625130251177	0.00005397215522782976
173.91918252092202	0.00005257676032992785
175.46574520995554	0.00005121090840767677
177.02606058639503	0.000049881023908640054
178.60025094493454	0.000048586142002859306
180.18843966776345	0.00004732423150704702
181.79075123423948	0.000046095268722502304
183.40731123064143	0.000044893913709393315
185.03824636001414	0.00004372313579992704
186.68368445210135	0.00004258492007348602
188.34375447336078	0.0000414700702258294
190.01858653707424	0.000040384710582441295
191.70831191354773	0.00003932639685613298
193.41306304039614	0.00003829514412804791
195.1329735329261	0.000037290396968257
196.86817819460717	0.000036307109564231104
198.61881302764039	0.0000353492441762001
200.38501524361342	0.0000344188227464861
202.16692327425739	0.00003351114855476026
203.96467678229874	0.00003262539911426704
205.77841667240165	0.000031758018952959865
207.60828510221472	0.000030916427426766344
209.45442549351148	0.000030096399159812572
211.31698254343465	0.00002929588804447094
213.19610223583265	0.000028517889289093765
215.0919318527038	0.00002775906850135668
217.00461998574235	0.000027016297363630247
218.93431654798025	0.0000262933636332724
220.8811727855401	0.000025590611472296822
222.8453412894879	0.000024904625672659784
224.82697600779625	0.000024235635992906645
226.82623225740554	0.000023583067286346614
228.84326673639993	0.0000229487258407868
230.87823753629135	0.000022330777661487094
232.93130415440572	0.000021727444918925053
235.00262750638643	0.00002113956982850244
237.09236993880901	0.000020567654276991795
239.2006952419008	0.000020009902565909748
241.3277686623816	0.000019465037104413025
243.47375691641395	0.000018935668964097137
245.63882820267327	0.000018419613334714716
247.82315221552602	0.00001791715513501469
250.02690015833244	0.000017427531682994717
252.25024475686786	0.000016949364839153602
254.4933602728554	0.000016483893101865633
256.7564225176277	0.000016032353167011716
259.0396088659051	0.000015589615017040858
261.34309826970133	0.000015161213197529969
263.66707127234423	0.000014743103083856454
266.0117100226289	0.000014334329114773124
268.37719828909724	0.000013937513635953354
270.76372147443556	0.00001355164942236779
273.17146663001006	0.000013174458385251476
275.60062247052554	0.000012807126493512768
278.05137938882035	0.000012450993432386324
280.5239294707834	0.00001210282809707396
283.0184665104123	0.00001176446075423071
285.53518602500543	0.000011434932489534385
288.0742852704805	0.000011114138133137574
290.63596325683807	0.000010801301348969518
293.22042076376243	0.000010496916520201639
295.82786035635246	0.000010201009163819859
298.45848640100235	9.912516229371002e-6
301.11250508141734	9.632424752431978e-6
303.7901244147782	9.359015928705737e-6
306.49155426803907	9.093523197297314e-6
309.21700637437954	8.835296952412493e-6
311.966694349803	8.583068470181851e-6
314.74083370987324	8.337890091105886e-6
317.5396418866104	8.09983459372547e-6
320.36333824553054	7.8676777801511e-6
323.212144102844	7.641718198797233e-6
326.0862827427945	7.42237503524768e-6
328.98597943516353	7.208397273604668e-6
331.9114614529298	7.000516619962978e-6
334.8629580900759	6.798834774081912e-6
337.840700679564	6.602013483669839e-6
340.84492261146556	6.410564487147688e-6
343.8758593512585	6.224593949121175e-6
346.9337484582753	6.043275390679531e-6
350.0188296043263	5.867204399983888e-6
353.13134459248823	5.695687534260416e-6
356.27153737604897	5.5290997341930085e-6
359.43965407763193	5.367293155238439e-6
362.6359430084904	5.209794657538991e-6
365.8606546879623	5.056692727389283e-6
369.1140418631103	4.907759657338818e-6
372.39635952852905	4.763010551915149e-6
375.7078649463369	4.62254149065526e-6
379.0488176663311	4.485502762993696e-6
382.4194795463354	4.352752176348638e-6
385.82011477272766	4.223824493011082e-6
389.25098988113814	4.098264924148307e-6
392.7123737773459	3.9764908651361785e-6
396.204537758352	3.858162664642089e-6
399.72775553364903	3.743065224750829e-6
403.2823032466656	3.6313162775424064e-6
406.86845949641406	3.5228157981144997e-6
410.4865053593309	3.417589532479032e-6
414.13672441129853	3.315173989376876e-6
417.819402749877	3.215965754599657e-6
421.53482901672504	3.1193838299175305e-6
425.28329442022914	3.025679516129254e-6
429.0650927583191	2.9349190332405675e-6
432.8805204414997	2.8467334100728568e-6
436.7298765160874	2.7609954560920894e-6
440.6134626876401	2.6779088180588534e-6
444.5315833446086	2.59716546410613e-6
448.4845455821988	2.5188926900081333e-6
452.4726592264321	2.4431009226742184e-6
456.4962368584348	2.3693328671204814e-6
460.55559383893495	2.297783053716293e-6
464.6510483329859	2.2284395179829023e-6
468.7829213348939	2.1611515677508514e-6
472.9515366933819	2.0958901312130407e-6
477.1572211369772	2.0324836371543737e-6
481.40030429960996	1.9710122680851966e-6
485.6811187464557	1.9114184788569635e-6
489.99999999999807	1.85365682260237e-6