1.0000e-03 1.6065e-03 -3.3965e-04 6.4143e-04 5.8293e-04 3.3426e-01 6.6496e-01 2.6787e-01
1.0233e-03 1.7559e-03 -3.6994e-04 7.0215e-04 6.3772e-04 3.5094e-01 6.9794e-01 2.8122e-01
1.0472e-03 1.9190e-03 -4.0286e-04 7.6859e-04 6.9760e-04 3.6840e-01 7.3247e-01 2.9521e-01
1.0717e-03 2.0971e-03 -4.3865e-04 8.4129e-04 7.6305e-04 3.8671e-01 7.6862e-01 3.0987e-01
1.0967e-03 2.2916e-03 -4.7753e-04 9.2083e-04 8.3460e-04 4.0589e-01 8.0650e-01 3.2523e-01
1.1223e-03 2.5039e-03 -5.1976e-04 1.0079e-03 9.1278e-04 4.2600e-01 8.4618e-01 3.4133e-01
1.1485e-03 2.7356e-03 -5.6564e-04 1.1031e-03 9.9823e-04 4.4709e-01 8.8777e-01 3.5822e-01
1.1753e-03 2.9886e-03 -6.1546e-04 1.2072e-03 1.0916e-03 4.6920e-01 9.3134e-01 3.7592e-01
1.2027e-03 3.2647e-03 -6.6954e-04 1.3211e-03 1.1936e-03 4.9239e-01 9.7700e-01 3.9447e-01
1.2308e-03 3.5659e-03 -7.2824e-04 1.4457e-03 1.3051e-03 5.1669e-01 1.0248e+00 4.1392e-01
1.2595e-03 3.8946e-03 -7.9193e-04 1.5820e-03 1.4269e-03 5.4215e-01 1.0749e+00 4.3430e-01
1.2889e-03 4.2533e-03 -8.6102e-04 1.7311e-03 1.5600e-03 5.6882e-01 1.1273e+00 4.5565e-01
1.3190e-03 4.6446e-03 -9.3596e-04 1.8942e-03 1.7054e-03 5.9674e-01 1.1821e+00 4.7799e-01
1.3498e-03 5.0713e-03 -1.0172e-03 2.0725e-03 1.8641e-03 6.2596e-01 1.2394e+00 5.0137e-01
1.3813e-03 5.5368e-03 -1.1053e-03 2.2675e-03 2.0375e-03 6.5653e-01 1.2993e+00 5.2583e-01
1.4135e-03 6.0444e-03 -1.2007e-03 2.4807e-03 2.2269e-03 6.8851e-01 1.3619e+00 5.5141e-01
1.4465e-03 6.5979e-03 -1.3041e-03 2.7139e-03 2.4336e-03 7.2194e-01 1.4273e+00 5.7815e-01
1.4803e-03 7.2014e-03 -1.4161e-03 2.9688e-03 2.6594e-03 7.5690e-01 1.4956e+00 6.0611e-01
1.5148e-03 7.8592e-03 -1.5373e-03 3.2476e-03 2.9058e-03 7.9346e-01 1.5670e+00 6.3535e-01
1.5502e-03 8.5763e-03 -1.6685e-03 3.5523e-03 3.1749e-03 8.3170e-01 1.6415e+00 6.6593e-01
1.5864e-03 9.3578e-03 -1.8105e-03 3.8855e-03 3.4685e-03 8.7171e-01 1.7194e+00 6.9792e-01
1.6234e-03 1.0209e-02 -1.9640e-03 4.2497e-03 3.7889e-03 9.1357e-01 1.8009e+00 7.3139e-01
1.6613e-03 1.1137e-02 -2.1301e-03 4.6478e-03 4.1386e-03 9.5740e-01 1.8860e+00 7.6642e-01
1.7000e-03 1.2148e-02 -2.3095e-03 5.0830e-03 4.5202e-03 1.0033e+00 1.9750e+00 8.0309e-01
1.7397e-03 1.3249e-02 -2.5035e-03 5.5587e-03 4.9366e-03 1.0513e+00 2.0681e+00 8.4149e-01
1.7803e-03 1.4449e-02 -2.7129e-03 6.0785e-03 5.3907e-03 1.1016e+00 2.1654e+00 8.8168e-01
1.8219e-03 1.5754e-02 -2.9391e-03 6.6466e-03 5.8862e-03 1.1543e+00 2.2672e+00 9.2377e-01
1.8644e-03 1.7176e-02 -3.1832e-03 7.2675e-03 6.4265e-03 1.2095e+00 2.3736e+00 9.6782e-01
1.9079e-03 1.8724e-02 -3.4465e-03 7.9459e-03 7.0158e-03 1.2672e+00 2.4848e+00 1.0139e+00
1.9525e-03 2.0409e-02 -3.7305e-03 8.6871e-03 7.6583e-03 1.3276e+00 2.6009e+00 1.0622e+00
1.9980e-03 2.2243e-02 -4.0366e-03 9.4971e-03 8.3589e-03 1.3908e+00 2.7222e+00 1.1126e+00
2.0447e-03 2.4238e-02 -4.3664e-03 1.0382e-02 9.1226e-03 1.4569e+00 2.8489e+00 1.1654e+00
2.0924e-03 2.6409e-02 -4.7215e-03 1.1349e-02 9.9551e-03 1.5260e+00 2.9812e+00 1.2206e+00
2.1412e-03 2.8770e-02 -5.1039e-03 1.2405e-02 1.0862e-02 1.5984e+00 3.1193e+00 1.2783e+00
2.1912e-03 3.1338e-02 -5.5152e-03 1.3558e-02 1.1851e-02 1.6740e+00 3.2635e+00 1.3387e+00
2.2423e-03 3.4130e-02 -5.9576e-03 1.4818e-02 1.2928e-02 1.7532e+00 3.4140e+00 1.4018e+00
2.2947e-03 3.7166e-02 -6.4331e-03 1.6194e-02 1.4102e-02 1.8361e+00 3.5712e+00 1.4679e+00
2.3482e-03 4.0466e-02 -6.9438e-03 1.7696e-02 1.5380e-02 1.9227e+00 3.7353e+00 1.5370e+00
2.4030e-03 4.4052e-02 -7.4922e-03 1.9337e-02 1.6772e-02 2.0134e+00 3.9066e+00 1.6093e+00
2.4591e-03 4.7949e-02 -8.0805e-03 2.1129e-02 1.8288e-02 2.1084e+00 4.0854e+00 1.6849e+00
2.5165e-03 5.2182e-02 -8.7115e-03 2.3086e-02 1.9938e-02 2.2077e+00 4.2721e+00 1.7640e+00
2.5753e-03 5.6780e-02 -9.3877e-03 2.5222e-02 2.1735e-02 2.3116e+00 4.4669e+00 1.8468e+00
2.6354e-03 6.1774e-02 -1.0112e-02 2.7553e-02 2.3690e-02 2.4202e+00 4.6701e+00 1.9333e+00
2.6969e-03 6.7195e-02 -1.0887e-02 3.0099e-02 2.5819e-02 2.5339e+00 4.8821e+00 2.0238e+00
2.7598e-03 7.3080e-02 -1.1716e-02 3.2877e-02 2.8134e-02 2.6528e+00 5.1031e+00 2.1184e+00
2.8242e-03 7.9467e-02 -1.2602e-02 3.5910e-02 3.0653e-02 2.7771e+00 5.3337e+00 2.2173e+00
2.8902e-03 8.6397e-02 -1.3548e-02 3.9219e-02 3.3393e-02 2.9071e+00 5.5740e+00 2.3208e+00
2.9576e-03 9.3915e-02 -1.4557e-02 4.2831e-02 3.6373e-02 3.0431e+00 5.8246e+00 2.4289e+00
3.0266e-03 1.0207e-01 -1.5634e-02 4.6771e-02 3.9613e-02 3.1854e+00 6.0859e+00 2.5420e+00
3.0973e-03 1.1091e-01 -1.6780e-02 5.1071e-02 4.3135e-02 3.3342e+00 6.3582e+00 2.6602e+00
3.1696e-03 1.2049e-01 -1.8000e-02 5.5762e-02 4.6963e-02 3.4897e+00 6.6419e+00 2.7838e+00
3.2436e-03 1.3088e-01 -1.9298e-02 6.0880e-02 5.1123e-02 3.6524e+00 6.9375e+00 2.9129e+00
3.3193e-03 1.4213e-01 -2.0676e-02 6.6462e-02 5.5643e-02 3.8225e+00 7.2454e+00 3.0479e+00
3.3967e-03 1.5433e-01 -2.2138e-02 7.2550e-02 6.0553e-02 4.0003e+00 7.5661e+00 3.1890e+00
3.4760e-03 1.6753e-01 -2.3688e-02 7.9190e-02 6.5885e-02 4.1863e+00 7.9000e+00 3.3365e+00
3.5572e-03 1.8182e-01 -2.5328e-02 8.6431e-02 7.1675e-02 4.3806e+00 8.2476e+00 3.4906e+00
3.6402e-03 1.9730e-01 -2.7063e-02 9.4327e-02 7.7961e-02 4.5838e+00 8.6094e+00 3.6516e+00
3.7251e-03 2.1404e-01 -2.8895e-02 1.0293e-01 8.4783e-02 4.7962e+00 8.9859e+00 3.8198e+00
3.8121e-03 2.3216e-01 -3.0827e-02 1.1232e-01 9.2186e-02 5.0181e+00 9.3776e+00 3.9955e+00
3.9011e-03 2.5175e-01 -3.2861e-02 1.2255e-01 1.0022e-01 5.2501e+00 9.7850e+00 4.1791e+00
3.9921e-03 2.7293e-01 -3.5000e-02 1.3370e-01 1.0893e-01 5.4926e+00 1.0209e+01 4.3709e+00
4.0853e-03 2.9583e-01 -3.7245e-02 1.4585e-01 1.1837e-01 5.7459e+00 1.0649e+01 4.5711e+00
4.1806e-03 3.2057e-01 -3.9596e-02 1.5910e-01 1.2862e-01 6.0106e+00 1.1107e+01 4.7803e+00
4.2782e-03 3.4729e-01 -4.2056e-02 1.7352e-01 1.3971e-01 6.2872e+00 1.1582e+01 4.9987e+00
4.3781e-03 3.7616e-01 -4.4622e-02 1.8925e-01 1.5174e-01 6.5761e+00 1.2076e+01 5.2267e+00
4.4803e-03 4.0732e-01 -4.7294e-02 2.0637e-01 1.6477e-01 6.8779e+00 1.2589e+01 5.4648e+00
4.5848e-03 4.4094e-01 -5.0069e-02 2.2503e-01 1.7888e-01 7.1931e+00 1.3122e+01 5.7133e+00
4.6918e-03 4.7722e-01 -5.2943e-02 2.4534e-01 1.9416e-01 7.5223e+00 1.3675e+01 5.9727e+00
4.8013e-03 5.1635e-01 -5.5912e-02 2.6747e-01 2.1070e-01 7.8661e+00 1.4248e+01 6.2433e+00
4.9134e-03 5.5854e-01 -5.8969e-02 2.9156e-01 2.2859e-01 8.2250e+00 1.4843e+01 6.5258e+00
5.0281e-03 6.0401e-01 -6.2105e-02 3.1778e-01 2.4796e-01 8.5998e+00 1.5460e+01 6.8204e+00
5.1454e-03 6.5300e-01 -6.5309e-02 3.4633e-01 2.6890e-01 8.9910e+00 1.6099e+01 7.1278e+00
5.2655e-03 7.0575e-01 -6.8569e-02 3.7741e-01 2.9154e-01 9.3993e+00 1.6761e+01 7.4484e+00
5.3884e-03 7.6255e-01 -7.1869e-02 4.1123e-01 3.1601e-01 9.8255e+00 1.7447e+01 7.7828e+00
5.5142e-03 8.2368e-01 -7.5189e-02 4.4802e-01 3.4245e-01 1.0270e+01 1.8157e+01 8.1314e+00
5.6429e-03 8.8944e-01 -7.8508e-02 4.8806e-01 3.7101e-01 1.0734e+01 1.8892e+01 8.4949e+00
5.7746e-03 9.6016e-01 -8.1800e-02 5.3161e-01 4.0186e-01 1.1218e+01 1.9653e+01 8.8738e+00
5.9094e-03 1.0362e+00 -8.5034e-02 5.7897e-01 4.3516e-01 1.1723e+01 2.0439e+01 9.2686e+00
6.0473e-03 1.1178e+00 -8.8176e-02 6.3048e-01 4.7109e-01 1.2249e+01 2.1251e+01 9.6801e+00
6.1885e-03 1.2056e+00 -9.1185e-02 6.8649e-01 5.0985e-01 1.2798e+01 2.2091e+01 1.0109e+01
6.3329e-03 1.2997e+00 -9.4016e-02 7.4737e-01 5.5166e-01 1.3371e+01 2.2958e+01 1.0555e+01
6.4807e-03 1.4008e+00 -9.6616e-02 8.1355e-01 5.9673e-01 1.3967e+01 2.3853e+01 1.1020e+01
6.6320e-03 1.5092e+00 -9.8925e-02 8.8547e-01 6.4529e-01 1.4589e+01 2.4776e+01 1.1504e+01
6.7868e-03 1.6254e+00 -1.0088e-01 9.6362e-01 6.9761e-01 1.5237e+01 2.5728e+01 1.2008e+01
6.9452e-03 1.7500e+00 -1.0240e-01 1.0485e+00 7.5394e-01 1.5912e+01 2.6709e+01 1.2533e+01
7.1073e-03 1.8834e+00 -1.0340e-01 1.1407e+00 8.1459e-01 1.6615e+01 2.7720e+01 1.3078e+01
7.2732e-03 2.0262e+00 -1.0379e-01 1.2409e+00 8.7984e-01 1.7347e+01 2.8760e+01 1.3646e+01
7.4429e-03 2.1791e+00 -1.0346e-01 1.3496e+00 9.5002e-01 1.8109e+01 2.9831e+01 1.4237e+01
7.6166e-03 2.3425e+00 -1.0229e-01 1.4676e+00 1.0255e+00 1.8903e+01 3.0932e+01 1.4851e+01
7.7944e-03 2.5173e+00 -1.0016e-01 1.5957e+00 1.1066e+00 1.9729e+01 3.2063e+01 1.5489e+01
7.9763e-03 2.7040e+00 -9.6906e-02 1.7347e+00 1.1937e+00 2.0588e+01 3.3226e+01 1.6152e+01
8.1625e-03 2.9034e+00 -9.2379e-02 1.8854e+00 1.2872e+00 2.1482e+01 3.4418e+01 1.6841e+01
8.3530e-03 3.1163e+00 -8.6398e-02 2.0489e+00 1.3876e+00 2.2411e+01 3.5642e+01 1.7557e+01
8.5480e-03 3.3433e+00 -7.8768e-02 2.2262e+00 1.4952e+00 2.3378e+01 3.6896e+01 1.8300e+01
8.7475e-03 3.5853e+00 -6.9271e-02 2.4184e+00 1.6107e+00 2.4382e+01 3.8181e+01 1.9072e+01
8.9517e-03 3.8432e+00 -5.7673e-02 2.6267e+00 1.7344e+00 2.5426e+01 3.9496e+01 1.9872e+01
9.1606e-03 4.1178e+00 -4.3716e-02 2.8524e+00 1.8670e+00 2.6511e+01 4.0841e+01 2.0703e+01
9.3744e-03 4.4101e+00 -2.7117e-02 3.0969e+00 2.0089e+00 2.7637e+01 4.2216e+01 2.1565e+01
9.5932e-03 4.7209e+00 -7.5666e-03 3.3617e+00 2.1608e+00 2.8807e+01 4.3620e+01 2.2458e+01
9.8171e-03 5.0513e+00 1.5270e-02 3.6483e+00 2.3232e+00 3.0020e+01 4.5053e+01 2.3384e+01
1.0046e-02 5.4022e+00 4.1755e-02 3.9585e+00 2.4969e+00 3.1280e+01 4.6514e+01 2.4343e+01
1.0281e-02 5.7748e+00 7.2284e-02 4.2941e+00 2.6824e+00 3.2586e+01 4.8003e+01 2.5336e+01
1.0521e-02 6.1700e+00 1.0728e-01 4.6571e+00 2.8806e+00 3.3941e+01 4.9518e+01 2.6365e+01
1.0766e-02 6.5889e+00 1.4720e-01 5.0496e+00 3.0920e+00 3.5346e+01 5.1059e+01 2.7429e+01
1.1018e-02 7.0328e+00 1.9255e-01 5.4739e+00 3.3175e+00 3.6801e+01 5.2625e+01 2.8530e+01
1.1275e-02 7.5026e+00 2.4386e-01 5.9324e+00 3.5579e+00 3.8309e+01 5.4214e+01 2.9669e+01
1.1538e-02 7.9996e+00 3.0169e-01 6.4276e+00 3.8140e+00 3.9870e+01 5.5826e+01 3.0846e+01
1.1807e-02 8.5250e+00 3.6667e-01 6.9623e+00 4.0867e+00 4.1486e+01 5.7459e+01 3.2062e+01
1.2083e-02 9.0800e+00 4.3943e-01 7.5394e+00 4.3768e+00 4.3157e+01 5.9111e+01 3.3319e+01
1.2365e-02 9.6658e+00 5.2068e-01 8.1621e+00 4.6852e+00 4.4887e+01 6.0782e+01 3.4615e+01
1.2653e-02 1.0284e+01 6.1115e-01 8.8337e+00 5.0130e+00 4.6675e+01 6.2470e+01 3.5954e+01
1.2949e-02 1.0935e+01 7.1164e-01 9.5577e+00 5.3610e+00 4.8522e+01 6.4172e+01 3.7334e+01
1.3251e-02 1.1620e+01 8.2298e-01 1.0338e+01 5.7303e+00 5.0431e+01 6.5888e+01 3.8757e+01
1.3560e-02 1.2341e+01 9.4603e-01 1.1178e+01 6.1219e+00 5.2401e+01 6.7614e+01 4.0224e+01
1.3877e-02 1.3100e+01 1.0817e+00 1.2083e+01 6.5368e+00 5.4435e+01 6.9350e+01 4.1734e+01
1.4201e-02 1.3896e+01 1.2310e+00 1.3056e+01 6.9760e+00 5.6533e+01 7.1094e+01 4.3289e+01
1.4532e-02 1.4732e+01 1.3949e+00 1.4103e+01 7.4408e+00 5.8696e+01 7.2842e+01 4.4889e+01
1.4871e-02 1.5608e+01 1.5746e+00 1.5229e+01 7.9321e+00 6.0926e+01 7.4593e+01 4.6534e+01
1.5218e-02 1.6526e+01 1.7710e+00 1.6438e+01 8.4511e+00 6.3222e+01 7.6345e+01 4.8225e+01
1.5573e-02 1.7486e+01 1.9853e+00 1.7737e+01 8.9989e+00 6.5586e+01 7.8096e+01 4.9963e+01
1.5937e-02 1.8491e+01 2.2188e+00 1.9130e+01 9.5766e+00 6.8019e+01 7.9843e+01 5.1746e+01
1.6309e-02 1.9540e+01 2.4725e+00 2.0625e+01 1.0185e+01 7.0522e+01 8.1584e+01 5.3577e+01
1.6690e-02 2.0635e+01 2.7479e+00 2.2228e+01 1.0826e+01 7.3094e+01 8.3316e+01 5.5454e+01
1.7079e-02 2.1777e+01 3.0461e+00 2.3946e+01 1.1500e+01 7.5737e+01 8.5038e+01 5.7378e+01
1.7478e-02 2.2966e+01 3.3685e+00 2.5785e+01 1.2208e+01 7.8451e+01 8.6747e+01 5.9349e+01
1.7886e-02 2.4203e+01 3.7162e+00 2.7753e+01 1.2952e+01 8.1236e+01 8.8441e+01 6.1367e+01
1.8303e-02 2.5489e+01 4.0906e+00 2.9859e+01 1.3732e+01 8.4092e+01 9.0117e+01 6.3431e+01
1.8730e-02 2.6825e+01 4.4930e+00 3.2108e+01 1.4549e+01 8.7020e+01 9.1774e+01 6.5542e+01
1.9167e-02 2.8211e+01 4.9246e+00 3.4511e+01 1.5404e+01 9.0020e+01 9.3410e+01 6.7700e+01
1.9615e-02 2.9647e+01 5.3866e+00 3.7075e+01 1.6298e+01 9.3091e+01 9.5022e+01 6.9903e+01
2.0073e-02 3.1133e+01 5.8803e+00 3.9810e+01 1.7232e+01 9.6234e+01 9.6608e+01 7.2152e+01
2.0541e-02 3.2671e+01 6.4068e+00 4.2724e+01 1.8207e+01 9.9448e+01 9.8168e+01 7.4447e+01
2.1021e-02 3.4259e+01 6.9673e+00 4.5826e+01 1.9222e+01 1.0273e+02 9.9699e+01 7.6785e+01
2.1511e-02 3.5899e+01 7.5626e+00 4.9126e+01 2.0280e+01 1.0609e+02 1.0120e+02 7.9168e+01
2.2013e-02 3.7589e+01 8.1937e+00 5.2634e+01 2.1379e+01 1.0951e+02 1.0267e+02 8.1594e+01
2.2527e-02 3.9331e+01 8.8615e+00 5.6359e+01 2.2521e+01 1.1301e+02 1.0410e+02 8.4063e+01
2.3053e-02 4.1122e+01 9.5668e+00 6.0309e+01 2.3705e+01 1.1657e+02 1.0550e+02 8.6574e+01
2.3591e-02 4.2964e+01 1.0310e+01 6.4496e+01 2.4932e+01 1.2020e+02 1.0687e+02 8.9126e+01
2.4142e-02 4.4856e+01 1.1092e+01 6.8929e+01 2.6202e+01 1.2389e+02 1.0820e+02 9.1718e+01
2.4705e-02 4.6796e+01 1.1913e+01 7.3617e+01 2.7515e+01 1.2766e+02 1.0949e+02 9.4350e+01
2.5282e-02 4.8786e+01 1.2774e+01 7.8571e+01 2.8871e+01 1.3148e+02 1.1074e+02 9.7020e+01
2.5872e-02 5.0823e+01 1.3673e+01 8.3800e+01 3.0269e+01 1.3537e+02 1.1195e+02 9.9728e+01
2.6476e-02 5.2908e+01 1.4612e+01 8.9314e+01 3.1710e+01 1.3932e+02 1.1313e+02 1.0247e+02
2.7094e-02 5.5039e+01 1.5591e+01 9.5123e+01 3.3191e+01 1.4333e+02 1.1426e+02 1.0525e+02
2.7726e-02 5.7216e+01 1.6608e+01 1.0124e+02 3.4714e+01 1.4740e+02 1.1535e+02 1.0807e+02
2.8373e-02 5.9439e+01 1.7663e+01 1.0767e+02 3.6276e+01 1.5152e+02 1.1639e+02 1.1091e+02
2.9035e-02 6.1707e+01 1.8755e+01 1.1442e+02 3.7878e+01 1.5571e+02 1.1740e+02 1.1379e+02
2.9713e-02 6.4018e+01 1.9884e+01 1.2150e+02 3.9518e+01 1.5994e+02 1.1835e+02 1.1671e+02
3.0406e-02 6.6374e+01 2.1048e+01 1.2892e+02 4.1196e+01 1.6423e+02 1.1926e+02 1.1965e+02
3.1116e-02 6.8773e+01 2.2247e+01 1.3669e+02 4.2909e+01 1.6857e+02 1.2012e+02 1.2262e+02
3.1842e-02 7.1215e+01 2.3478e+01 1.4481e+02 4.4658e+01 1.7296e+02 1.2093e+02 1.2562e+02
3.2586e-02 7.3700e+01 2.4741e+01 1.5329e+02 4.6440e+01 1.7740e+02 1.2169e+02 1.2865e+02
3.3346e-02 7.6228e+01 2.6034e+01 1.6214e+02 4.8256e+01 1.8188e+02 1.2239e+02 1.3171e+02
3.4124e-02 7.8799e+01 2.7357e+01 1.7136e+02 5.0104e+01 1.8641e+02 1.2302e+02 1.3479e+02
3.4921e-02 8.1413e+01 2.8707e+01 1.8095e+02 5.1983e+01 1.9098e+02 1.2359e+02 1.3790e+02
3.5736e-02 8.4072e+01 3.0084e+01 1.9093e+02 5.3893e+01 1.9559e+02 1.2409e+02 1.4103e+02
3.6570e-02 8.6775e+01 3.1487e+01 2.0130e+02 5.5832e+01 2.0025e+02 1.2451e+02 1.4419e+02
3.7424e-02 8.9523e+01 3.2915e+01 2.1205e+02 5.7802e+01 2.0493e+02 1.2485e+02 1.4737e+02
3.8297e-02 9.2317e+01 3.4367e+01 2.2321e+02 5.9801e+01 2.0966e+02 1.2510e+02 1.5057e+02
3.9191e-02 9.5158e+01 3.5845e+01 2.3476e+02 6.1830e+01 2.1442e+02 1.2525e+02 1.5379e+02
4.0106e-02 9.8047e+01 3.7347e+01 2.4672e+02 6.3889e+01 2.1921e+02 1.2529e+02 1.5703e+02
4.1042e-02 1.0098e+02 3.8875e+01 2.5910e+02 6.5980e+01 2.2403e+02 1.2522e+02 1.6028e+02
4.2000e-02 1.0397e+02 4.0431e+01 2.7189e+02 6.8103e+01 2.2888e+02 1.2502e+02 1.6356e+02
4.2980e-02 1.0701e+02 4.2015e+01 2.8512e+02 7.0261e+01 2.3375e+02 1.2469e+02 1.6684e+02
4.3983e-02 1.1010e+02 4.3632e+01 2.9877e+02 7.2454e+01 2.3864e+02 1.2422e+02 1.7014e+02
4.5010e-02 1.1324e+02 4.5284e+01 3.1287e+02 7.4687e+01 2.4355e+02 1.2359e+02 1.7345e+02
4.6060e-02 1.1643e+02 4.6975e+01 3.2742e+02 7.6961e+01 2.4848e+02 1.2279e+02 1.7676e+02
4.7135e-02 1.1968e+02 4.8711e+01 3.4243e+02 7.9281e+01 2.5342e+02 1.2183e+02 1.8008e+02
4.8235e-02 1.2297e+02 5.0497e+01 3.5792e+02 8.1650e+01 2.5837e+02 1.2068e+02 1.8340e+02
4.9361e-02 1.2632e+02 5.2339e+01 3.7391e+02 8.4071e+01 2.6332e+02 1.1935e+02 1.8671e+02
5.0513e-02 1.2971e+02 5.4243e+01 3.9041e+02 8.6549e+01 2.6827e+02 1.1782e+02 1.9001e+02
5.1692e-02 1.3315e+02 5.6217e+01 4.0745e+02 8.9089e+01 2.7320e+02 1.1610e+02 1.9330e+02
5.2899e-02 1.3663e+02 5.8267e+01 4.2504e+02 9.1693e+01 2.7813e+02 1.1418e+02 1.9656e+02
5.4134e-02 1.4015e+02 6.0401e+01 4.4321e+02 9.4365e+01 2.8303e+02 1.1206e+02 1.9980e+02
5.5397e-02 1.4370e+02 6.2625e+01 4.6197e+02 9.7109e+01 2.8791e+02 1.0974e+02 2.0301e+02
5.6690e-02 1.4728e+02 6.4945e+01 4.8136e+02 9.9926e+01 2.9274e+02 1.0724e+02 2.0617e+02
5.8013e-02 1.5087e+02 6.7367e+01 5.0140e+02 1.0282e+02 2.9754e+02 1.0455e+02 2.0928e+02
5.9367e-02 1.5447e+02 6.9895e+01 5.2210e+02 1.0578e+02 3.0227e+02 1.0169e+02 2.1234e+02
6.0753e-02 1.5807e+02 7.2532e+01 5.4349e+02 1.0882e+02 3.0695e+02 9.8676e+01 2.1533e+02
6.2171e-02 1.6166e+02 7.5279e+01 5.6558e+02 1.1193e+02 3.1155e+02 9.5523e+01 2.1825e+02
6.3622e-02 1.6523e+02 7.8134e+01 5.8838e+02 1.1511e+02 3.1606e+02 9.2252e+01 2.2108e+02
6.5107e-02 1.6876e+02 8.1094e+01 6.1189e+02 1.1834e+02 3.2048e+02 8.8884e+01 2.2382e+02
6.6627e-02 1.7225e+02 8.4151e+01 6.3612e+02 1.2163e+02 3.2479e+02 8.5444e+01 2.2646e+02
6.8182e-02 1.7568e+02 8.7297e+01 6.6106e+02 1.2495e+02 3.2899e+02 8.1956e+01 2.2900e+02
6.9773e-02 1.7903e+02 9.0518e+01 6.8666e+02 1.2829e+02 3.3306e+02 7.8445e+01 2.3142e+02
7.1402e-02 1.8231e+02 9.3801e+01 7.1290e+02 1.3164e+02 3.3701e+02 7.4937e+01 2.3373e+02
7.3068e-02 1.8549e+02 9.7127e+01 7.3974e+02 1.3498e+02 3.4080e+02 7.1455e+01 2.3591e+02
7.4773e-02 1.8857e+02 1.0047e+02 7.6715e+02 1.3829e+02 3.4445e+02 6.8023e+01 2.3796e+02
7.6519e-02 1.9153e+02 1.0382e+02 7.9508e+02 1.4155e+02 3.4794e+02 6.4657e+01 2.3989e+02
7.8305e-02 1.9438e+02 1.0713e+02 8.2346e+02 1.4472e+02 3.5126e+02 6.1373e+01 2.4168e+02
8.0132e-02 1.9709e+02 1.1039e+02 8.5218e+02 1.4780e+02 3.5443e+02 5.8177e+01 2.4335e+02
8.2003e-02 1.9969e+02 1.1356e+02 8.8115e+02 1.5076e+02 3.5742e+02 5.5072e+01 2.4490e+02
8.3917e-02 2.0215e+02 1.1663e+02 9.1029e+02 1.5357e+02 3.6025e+02 5.2053e+01 2.4633e+02
8.5875e-02 2.0448e+02 1.1957e+02 9.3949e+02 1.5623e+02 3.6291e+02 4.9109e+01 2.4764e+02
8.7880e-02 2.0669e+02 1.2236e+02 9.6867e+02 1.5872e+02 3.6540e+02 4.6222e+01 2.4885e+02
8.9931e-02 2.0877e+02 1.2499e+02 9.9777e+02 1.6103e+02 3.6772e+02 4.3371e+01 2.4996e+02
9.2030e-02 2.1075e+02 1.2746e+02 1.0267e+03 1.6317e+02 3.6988e+02 4.0527e+01 2.5098e+02
9.4178e-02 2.1262e+02 1.2976e+02 1.0555e+03 1.6515e+02 3.7190e+02 3.7663e+01 2.5192e+02
9.6376e-02 2.1439e+02 1.3192e+02 1.0841e+03 1.6696e+02 3.7376e+02 3.4747e+01 2.5279e+02
9.8625e-02 2.1608e+02 1.3393e+02 1.1125e+03 1.6864e+02 3.7547e+02 3.1751e+01 2.5358e+02
1.0093e-01 2.1768e+02 1.3584e+02 1.1408e+03 1.7021e+02 3.7704e+02 2.8652e+01 2.5431e+02
1.0328e-01 2.1920e+02 1.3766e+02 1.1691e+03 1.7170e+02 3.7846e+02 2.5429e+01 2.5497e+02
1.0569e-01 2.2065e+02 1.3944e+02 1.1973e+03 1.7314e+02 3.7974e+02 2.2074e+01 2.5555e+02
1.0816e-01 2.2203e+02 1.4120e+02 1.2258e+03 1.7456e+02 3.8089e+02 1.8585e+01 2.5608e+02
1.1068e-01 2.2334e+02 1.4299e+02 1.2545e+03 1.7600e+02 3.8188e+02 1.4974e+01 2.5652e+02
1.1327e-01 2.2457e+02 1.4484e+02 1.2836e+03 1.7748e+02 3.8273e+02 1.1262e+01 2.5687e+02
1.1591e-01 2.2571e+02 1.4675e+02 1.3132e+03 1.7902e+02 3.8342e+02 7.4820e+00 2.5712e+02
1.1862e-01 2.2675e+02 1.4876e+02 1.3433e+03 1.8062e+02 3.8394e+02 3.6754e+00 2.5725e+02
1.2139e-01 2.2769e+02 1.5087e+02 1.3740e+03 1.8229e+02 3.8429e+02 -1.1010e-01 2.5726e+02
1.2422e-01 2.2851e+02 1.5305e+02 1.4051e+03 1.8400e+02 3.8447e+02 -3.8244e+00 2.5714e+02
1.2712e-01 2.2921e+02 1.5528e+02 1.4367e+03 1.8573e+02 3.8448e+02 -7.4191e+00 2.5688e+02
1.3009e-01 2.2978e+02 1.5753e+02 1.4686e+03 1.8743e+02 3.8430e+02 -1.0852e+01 2.5646e+02
1.3312e-01 2.3020e+02 1.5973e+02 1.5005e+03 1.8905e+02 3.8394e+02 -1.4092e+01 2.5590e+02
1.3623e-01 2.3048e+02 1.6184e+02 1.5323e+03 1.9055e+02 3.8339e+02 -1.7121e+01 2.5519e+02
1.3941e-01 2.3062e+02 1.6380e+02 1.5636e+03 1.9186e+02 3.8265e+02 -1.9936e+01 2.5434e+02
1.4266e-01 2.3063e+02 1.6556e+02 1.5942e+03 1.9296e+02 3.8175e+02 -2.2554e+01 2.5336e+02
1.4599e-01 2.3053e+02 1.6709e+02 1.6239e+03 1.9382e+02 3.8070e+02 -2.5004e+01 2.5228e+02
1.4940e-01 2.3031e+02 1.6837e+02 1.6527e+03 1.9441e+02 3.7950e+02 -2.7328e+01 2.5111e+02
1.5289e-01 2.3000e+02 1.6939e+02 1.6804e+03 1.9476e+02 3.7816e+02 -2.9576e+01 2.4985e+02
1.5645e-01 2.2960e+02 1.7019e+02 1.7071e+03 1.9488e+02 3.7668e+02 -3.1797e+01 2.4853e+02
1.6011e-01 2.2912e+02 1.7081e+02 1.7329e+03 1.9484e+02 3.7508e+02 -3.4033e+01 2.4715e+02
1.6384e-01 2.2857e+02 1.7131e+02 1.7581e+03 1.9469e+02 3.7336e+02 -3.6312e+01 2.4573e+02
1.6767e-01 2.2796e+02 1.7177e+02 1.7830e+03 1.9452e+02 3.7154e+02 -3.8646e+01 2.4426e+02
1.7158e-01 2.2728e+02 1.7225e+02 1.8079e+03 1.9436e+02 3.6960e+02 -4.1023e+01 2.4274e+02
1.7559e-01 2.2651e+02 1.7277e+02 1.8329e+03 1.9426e+02 3.6753e+02 -4.3414e+01 2.4115e+02
1.7968e-01 2.2563e+02 1.7338e+02 1.8582e+03 1.9423e+02 3.6533e+02 -4.5776e+01 2.3947e+02
1.8388e-01 2.2463e+02 1.7406e+02 1.8837e+03 1.9427e+02 3.6298e+02 -4.8055e+01 2.3770e+02
1.8817e-01 2.2350e+02 1.7477e+02 1.9093e+03 1.9432e+02 3.6048e+02 -5.0201e+01 2.3582e+02
1.9256e-01 2.2225e+02 1.7547e+02 1.9349e+03 1.9434e+02 3.5785e+02 -5.2171e+01 2.3385e+02
1.9706e-01 2.2088e+02 1.7607e+02 1.9599e+03 1.9425e+02 3.5508e+02 -5.3945e+01 2.3177e+02
2.0166e-01 2.1938e+02 1.7648e+02 1.9841e+03 1.9397e+02 3.5218e+02 -5.5524e+01 2.2959e+02
2.0636e-01 2.1776e+02 1.7667e+02 2.0071e+03 1.9346e+02 3.4915e+02 -5.6933e+01 2.2733e+02
2.1118e-01 2.1605e+02 1.7660e+02 2.0287e+03 1.9270e+02 3.4600e+02 -5.8212e+01 2.2501e+02
2.1611e-01 2.1426e+02 1.7629e+02 2.0490e+03 1.9171e+02 3.4277e+02 -5.9410e+01 2.2263e+02
2.2115e-01 2.1243e+02 1.7579e+02 2.0682e+03 1.9057e+02 3.3946e+02 -6.0570e+01 2.2023e+02
2.2631e-01 2.1060e+02 1.7521e+02 2.0865e+03 1.8934e+02 3.3611e+02 -6.1725e+01 2.1782e+02
2.3160e-01 2.0873e+02 1.7459e+02 2.1043e+03 1.8810e+02 3.3269e+02 -6.2882e+01 2.1539e+02
2.3700e-01 2.0682e+02 1.7401e+02 2.1220e+03 1.8691e+02 3.2921e+02 -6.4027e+01 2.1293e+02
2.4253e-01 2.0487e+02 1.7351e+02 2.1397e+03 1.8580e+02 3.2566e+02 -6.5127e+01 2.1044e+02
2.4819e-01 2.0286e+02 1.7306e+02 2.1574e+03 1.8474e+02 3.2204e+02 -6.6142e+01 2.0789e+02
2.5399e-01 2.0078e+02 1.7262e+02 2.1748e+03 1.8370e+02 3.1834e+02 -6.7035e+01 2.0529e+02
2.5991e-01 1.9867e+02 1.7213e+02 2.1916e+03 1.8260e+02 3.1460e+02 -6.7787e+01 2.0266e+02
2.6598e-01 1.9649e+02 1.7150e+02 2.2075e+03 1.8137e+02 3.1079e+02 -6.8402e+01 1.9997e+02
2.7219e-01 1.9425e+02 1.7068e+02 2.2221e+03 1.7996e+02 3.0691e+02 -6.8904e+01 1.9725e+02
2.7854e-01 1.9194e+02 1.6968e+02 2.2355e+03 1.7838e+02 3.0298e+02 -6.9329e+01 1.9450e+02
2.8504e-01 1.8958e+02 1.6854e+02 2.2478e+03 1.7668e+02 2.9899e+02 -6.9708e+01 1.9173e+02
2.9170e-01 1.8719e+02 1.6732e+02 2.2593e+03 1.7492e+02 2.9497e+02 -7.0062e+01 1.8895e+02
2.9850e-01 1.8480e+02 1.6610e+02 2.2704e+03 1.7317e+02 2.9094e+02 -7.0391e+01 1.8618e+02
3.0547e-01 1.8240e+02 1.6492e+02 2.2813e+03 1.7147e+02 2.8688e+02 -7.0679e+01 1.8341e+02
3.1260e-01 1.7996e+02 1.6376e+02 2.2919e+03 1.6981e+02 2.8278e+02 -7.0899e+01 1.8061e+02
3.1990e-01 1.7750e+02 1.6259e+02 2.3020e+03 1.6814e+02 2.7867e+02 -7.1031e+01 1.7780e+02
3.2736e-01 1.7500e+02 1.6136e+02 2.3114e+03 1.6641e+02 2.7452e+02 -7.1071e+01 1.7497e+02
3.3500e-01 1.7249e+02 1.6002e+02 2.3198e+03 1.6458e+02 2.7036e+02 -7.1031e+01 1.7214e+02
3.4282e-01 1.6997e+02 1.5857e+02 2.3272e+03 1.6267e+02 2.6619e+02 -7.0931e+01 1.6930e+02
3.5082e-01 1.6747e+02 1.5705e+02 2.3337e+03 1.6070e+02 2.6203e+02 -7.0792e+01 1.6648e+02
3.5901e-01 1.6495e+02 1.5549e+02 2.3395e+03 1.5871e+02 2.5786e+02 -7.0621e+01 1.6367e+02
3.6739e-01 1.6243e+02 1.5394e+02 2.3449e+03 1.5673e+02 2.5368e+02 -7.0418e+01 1.6086e+02
3.7597e-01 1.5988e+02 1.5239e+02 2.3499e+03 1.5477e+02 2.4951e+02 -7.0168e+01 1.5805e+02
3.8474e-01 1.5732e+02 1.5083e+02 2.3544e+03 1.5281e+02 2.4532e+02 -6.9862e+01 1.5525e+02
3.9372e-01 1.5476e+02 1.4922e+02 2.3582e+03 1.5081e+02 2.4115e+02 -6.9497e+01 1.5244e+02
4.0291e-01 1.5222e+02 1.4754e+02 2.3611e+03 1.4876e+02 2.3698e+02 -6.9081e+01 1.4967e+02
4.1232e-01 1.4968e+02 1.4582e+02 2.3633e+03 1.4667e+02 2.3283e+02 -6.8628e+01 1.4690e+02
4.2194e-01 1.4714e+02 1.4406e+02 2.3647e+03 1.4456e+02 2.2870e+02 -6.8147e+01 1.4415e+02
4.3179e-01 1.4462e+02 1.4230e+02 2.3657e+03 1.4247e+02 2.2458e+02 -6.7638e+01 1.4142e+02
4.4187e-01 1.4209e+02 1.4054e+02 2.3662e+03 1.4038e+02 2.2048e+02 -6.7096e+01 1.3870e+02
4.5218e-01 1.3958e+02 1.3877e+02 2.3661e+03 1.3830e+02 2.1641e+02 -6.6514e+01 1.3600e+02
4.6273e-01 1.3708e+02 1.3696e+02 2.3655e+03 1.3619e+02 2.1235e+02 -6.5897e+01 1.3332e+02
4.7353e-01 1.3459e+02 1.3511e+02 2.3641e+03 1.3406e+02 2.0831e+02 -6.5249e+01 1.3066e+02
4.8459e-01 1.3212e+02 1.3325e+02 2.3622e+03 1.3192e+02 2.0431e+02 -6.4578e+01 1.2803e+02
4.9590e-01 1.2966e+02 1.3138e+02 2.3596e+03 1.2979e+02 2.0033e+02 -6.3886e+01 1.2542e+02
5.0747e-01 1.2722e+02 1.2951e+02 2.3566e+03 1.2767e+02 1.9639e+02 -6.3172e+01 1.2283e+02
5.1931e-01 1.2479e+02 1.2763e+02 2.3530e+03 1.2555e+02 1.9248e+02 -6.2433e+01 1.2027e+02
5.3144e-01 1.2238e+02 1.2574e+02 2.3489e+03 1.2343e+02 1.8860e+02 -6.1673e+01 1.1774e+02
5.4384e-01 1.1999e+02 1.2382e+02 2.3442e+03 1.2130e+02 1.8474e+02 -6.0893e+01 1.1523e+02
5.5653e-01 1.1762e+02 1.2189e+02 2.3390e+03 1.1917e+02 1.8092e+02 -6.0098e+01 1.1275e+02
5.6952e-01 1.1527e+02 1.1997e+02 2.3332e+03 1.1706e+02 1.7715e+02 -5.9287e+01 1.1030e+02
5.8282e-01 1.1294e+02 1.1806e+02 2.3270e+03 1.1496e+02 1.7341e+02 -5.8462e+01 1.0787e+02
5.9642e-01 1.1064e+02 1.1614e+02 2.3203e+03 1.1287e+02 1.6972e+02 -5.7624e+01 1.0548e+02
6.1034e-01 1.0836e+02 1.1422e+02 2.3131e+03 1.1079e+02 1.6607e+02 -5.6775e+01 1.0312e+02
6.2458e-01 1.0609e+02 1.1227e+02 2.3055e+03 1.0869e+02 1.6244e+02 -5.5917e+01 1.0078e+02
6.3916e-01 1.0385e+02 1.1033e+02 2.2974e+03 1.0662e+02 1.5886e+02 -5.5050e+01 9.8479e+01
6.5408e-01 1.0164e+02 1.0841e+02 2.2888e+03 1.0456e+02 1.5533e+02 -5.4174e+01 9.6208e+01
6.6935e-01 9.9455e+01 1.0649e+02 2.2797e+03 1.0252e+02 1.5184e+02 -5.3292e+01 9.3969e+01
6.8497e-01 9.7299e+01 1.0458e+02 2.2702e+03 1.0050e+02 1.4840e+02 -5.2404e+01 9.1764e+01
7.0096e-01 9.5172e+01 1.0269e+02 2.2603e+03 9.8503e+01 1.4501e+02 -5.1511e+01 8.9594e+01
7.1732e-01 9.3052e+01 1.0077e+02 2.2498e+03 9.6499e+01 1.4165e+02 -5.0614e+01 8.7446e+01
7.3406e-01 9.0957e+01 9.8863e+01 2.2390e+03 9.4508e+01 1.3833e+02 -4.9714e+01 8.5330e+01
7.5119e-01 8.8893e+01 9.6968e+01 2.2277e+03 9.2538e+01 1.3506e+02 -4.8812e+01 8.3250e+01
7.6873e-01 8.6861e+01 9.5088e+01 2.2160e+03 9.0591e+01 1.3184e+02 -4.7909e+01 8.1204e+01
7.8667e-01 8.4861e+01 9.3225e+01 2.2039e+03 8.8666e+01 1.2868e+02 -4.7006e+01 7.9194e+01
8.0503e-01 8.2894e+01 9.1378e+01 2.1914e+03 8.6765e+01 1.2557e+02 -4.6103e+01 7.7219e+01
8.2382e-01 8.0943e+01 8.9529e+01 2.1785e+03 8.4872e+01 1.2249e+02 -4.5202e+01 7.5272e+01
8.4305e-01 7.9004e+01 8.7675e+01 2.1651e+03 8.2984e+01 1.1945e+02 -4.4303e+01 7.3352e+01
8.6272e-01 7.7101e+01 8.5841e+01 2.1514e+03 8.1122e+01 1.1646e+02 -4.3408e+01 7.1468e+01
8.8286e-01 7.5231e+01 8.4028e+01 2.1374e+03 7.9286e+01 1.1353e+02 -4.2517e+01 6.9620e+01
9.0347e-01 7.3397e+01 8.2236e+01 2.1230e+03 7.7477e+01 1.1065e+02 -4.1630e+01 6.7809e+01
9.2455e-01 7.1597e+01 8.0466e+01 2.1083e+03 7.5695e+01 1.0783e+02 -4.0749e+01 6.6033e+01
9.4613e-01 6.9826e+01 7.8713e+01 2.0932e+03 7.3936e+01 1.0506e+02 -3.9875e+01 6.4291e+01
9.6822e-01 6.8055e+01 7.6948e+01 2.0779e+03 7.2176e+01 1.0230e+02 -3.9008e+01 6.2569e+01
9.9081e-01 6.6319e+01 7.5207e+01 2.0624e+03 7.0444e+01 9.9607e+01 -3.8148e+01 6.0883e+01
1.0139e+00 6.4619e+01 7.3492e+01 2.0466e+03 6.8742e+01 9.6965e+01 -3.7296e+01 5.9233e+01
1.0376e+00 6.2955e+01 7.1801e+01 2.0305e+03 6.7069e+01 9.4379e+01 -3.6452e+01 5.7618e+01
1.0618e+00 6.1326e+01 7.0137e+01 2.0141e+03 6.5426e+01 9.1848e+01 -3.5617e+01 5.6039e+01
1.0866e+00 5.9731e+01 6.8500e+01 1.9975e+03 6.3813e+01 8.9371e+01 -3.4792e+01 5.4494e+01
1.1120e+00 5.8139e+01 6.6858e+01 1.9806e+03 6.2202e+01 8.6917e+01 -3.3976e+01 5.2970e+01
1.1379e+00 5.6574e+01 6.5236e+01 1.9635e+03 6.0617e+01 8.4511e+01 -3.3169e+01 5.1477e+01
1.1645e+00 5.5046e+01 6.3642e+01 1.9462e+03 5.9061e+01 8.2158e+01 -3.2373e+01 5.0019e+01
1.1917e+00 5.3552e+01 6.2075e+01 1.9286e+03 5.7536e+01 7.9859e+01 -3.1586e+01 4.8594e+01
1.2195e+00 5.2093e+01 6.0537e+01 1.9109e+03 5.6042e+01 7.7614e+01 -3.0811e+01 4.7203e+01
1.2479e+00 5.0668e+01 5.9027e+01 1.8930e+03 5.4578e+01 7.5420e+01 -3.0047e+01 4.5846e+01
1.2771e+00 4.9259e+01 5.7528e+01 1.8749e+03 5.3130e+01 7.3262e+01 -2.9294e+01 4.4513e+01
1.3069e+00 4.7865e+01 5.6041e+01 1.8567e+03 5.1697e+01 7.1138e+01 -2.8552e+01 4.3204e+01
1.3374e+00 4.6505e+01 5.4583e+01 1.8383e+03 5.0296e+01 6.9066e+01 -2.7822e+01 4.1928e+01
1.3686e+00 4.5180e+01 5.3153e+01 1.8198e+03 4.8924e+01 6.7045e+01 -2.7103e+01 4.0684e+01
1.4005e+00 4.3887e+01 5.1752e+01 1.8013e+03 4.7583e+01 6.5074e+01 -2.6396e+01 3.9471e+01
1.4332e+00 4.2628e+01 5.0380e+01 1.7826e+03 4.6271e+01 6.3153e+01 -2.5701e+01 3.8289e+01
1.4667e+00 4.1395e+01 4.9033e+01 1.7639e+03 4.4985e+01 6.1275e+01 -2.5019e+01 3.7135e+01
1.5009e+00 4.0168e+01 4.7690e+01 1.7451e+03 4.3708e+01 5.9422e+01 -2.4348e+01 3.6000e+01
1.5359e+00 3.8972e+01 4.6376e+01 1.7262e+03 4.2462e+01 5.7616e+01 -2.3689e+01 3.4895e+01
1.5718e+00 3.7809e+01 4.5091e+01 1.7073e+03 4.1244e+01 5.5859e+01 -2.3043e+01 3.3818e+01
1.6085e+00 3.6677e+01 4.3834e+01 1.6883e+03 4.0055e+01 5.4147e+01 -2.2409e+01 3.2771e+01
1.6460e+00 3.5577e+01 4.2606e+01 1.6694e+03 3.8895e+01 5.2482e+01 -2.1787e+01 3.1752e+01
1.6844e+00 3.4506e+01 4.1406e+01 1.6505e+03 3.7763e+01 5.0861e+01 -2.1177e+01 3.0761e+01
1.7237e+00 3.3441e+01 4.0215e+01 1.6316e+03 3.6642e+01 4.9264e+01 -2.0579e+01 2.9788e+01
1.7640e+00 3.2402e+01 3.9048e+01 1.6128e+03 3.5546e+01 4.7707e+01 -1.9993e+01 2.8839e+01
1.8051e+00 3.1393e+01 3.7909e+01 1.5941e+03 3.4478e+01 4.6194e+01 -1.9419e+01 2.7918e+01
1.8473e+00 3.0413e+01 3.6798e+01 1.5754e+03 3.3438e+01 4.4723e+01 -1.8856e+01 2.7022e+01
1.8904e+00 2.9461e+01 3.5714e+01 1.5568e+03 3.2424e+01 4.3294e+01 -1.8304e+01 2.6152e+01
1.9345e+00 2.8537e+01 3.4656e+01 1.5384e+03 3.1436e+01 4.1905e+01 -1.7764e+01 2.5307e+01
1.9797e+00 2.7627e+01 3.3615e+01 1.5201e+03 3.0466e+01 4.0546e+01 -1.7234e+01 2.4481e+01
2.0259e+00 2.6734e+01 3.2593e+01 1.5020e+03 2.9515e+01 3.9217e+01 -1.6715e+01 2.3675e+01
2.0732e+00 2.5868e+01 3.1596e+01 1.4839e+03 2.8589e+01 3.7928e+01 -1.6206e+01 2.2893e+01
2.1216e+00 2.5029e+01 3.0626e+01 1.4660e+03 2.7688e+01 3.6676e+01 -1.5708e+01 2.2135e+01
2.1711e+00 2.4215e+01 2.9682e+01 1.4483e+03 2.6813e+01 3.5461e+01 -1.5221e+01 2.1399e+01
2.2217e+00 2.3425e+01 2.8763e+01 1.4306e+03 2.5961e+01 3.4283e+01 -1.4745e+01 2.0685e+01
2.2736e+00 2.2656e+01 2.7866e+01 1.4131e+03 2.5131e+01 3.3136e+01 -1.4282e+01 1.9991e+01
2.3267e+00 2.1897e+01 2.6983e+01 1.3956e+03 2.4315e+01 3.2014e+01 -1.3833e+01 1.9312e+01
2.3810e+00 2.1162e+01 2.6124e+01 1.3781e+03 2.3524e+01 3.0927e+01 -1.3400e+01 1.8654e+01
2.4365e+00 2.0450e+01 2.5291e+01 1.3606e+03 2.2756e+01 2.9874e+01 -1.2984e+01 1.8017e+01
2.4934e+00 1.9761e+01 2.4481e+01 1.3431e+03 2.2011e+01 2.8854e+01 -1.2583e+01 1.7399e+01
2.5516e+00 1.9094e+01 2.3695e+01 1.3256e+03 2.1288e+01 2.7867e+01 -1.2195e+01 1.6801e+01
2.6112e+00 1.8449e+01 2.2931e+01 1.3080e+03 2.0586e+01 2.6910e+01 -1.1816e+01 1.6222e+01
2.6721e+00 1.7811e+01 2.2178e+01 1.2904e+03 1.9896e+01 2.5972e+01 -1.1444e+01 1.5656e+01
2.7345e+00 1.7194e+01 2.1445e+01 1.2728e+03 1.9225e+01 2.5063e+01 -1.1077e+01 1.5107e+01
2.7983e+00 1.6596e+01 2.0733e+01 1.2553e+03 1.8574e+01 2.4183e+01 -1.0717e+01 1.4576e+01
2.8636e+00 1.6018e+01 2.0043e+01 1.2377e+03 1.7943e+01 2.3330e+01 -1.0364e+01 1.4063e+01
2.9304e+00 1.5460e+01 1.9373e+01 1.2201e+03 1.7331e+01 2.2505e+01 -1.0020e+01 1.3566e+01
2.9988e+00 1.4920e+01 1.8724e+01 1.2027e+03 1.6738e+01 2.1708e+01 -9.6856e+00 1.3085e+01
3.0688e+00 1.4391e+01 1.8089e+01 1.1852e+03 1.6159e+01 2.0931e+01 -9.3612e+00 1.2617e+01
3.1405e+00 1.3877e+01 1.7471e+01 1.1678e+03 1.5595e+01 2.0177e+01 -9.0465e+00 1.2163e+01
3.2138e+00 1.3380e+01 1.6871e+01 1.1505e+03 1.5050e+01 1.9447e+01 -8.7411e+00 1.1725e+01
3.2888e+00 1.2900e+01 1.6291e+01 1.1333e+03 1.4522e+01 1.8743e+01 -8.4449e+00 1.1301e+01
3.3655e+00 1.2436e+01 1.5729e+01 1.1161e+03 1.4011e+01 1.8062e+01 -8.1574e+00 1.0891e+01
3.4441e+00 1.1989e+01 1.5184e+01 1.0991e+03 1.3517e+01 1.7404e+01 -7.8785e+00 1.0495e+01
3.5245e+00 1.1555e+01 1.4654e+01 1.0823e+03 1.3037e+01 1.6767e+01 -7.6080e+00 1.0112e+01
3.6067e+00 1.1130e+01 1.4137e+01 1.0656e+03 1.2569e+01 1.6147e+01 -7.3458e+00 9.7391e+00
3.6909e+00 1.0720e+01 1.3637e+01 1.0490e+03 1.2116e+01 1.5548e+01 -7.0916e+00 9.3792e+00
3.7771e+00 1.0325e+01 1.3153e+01 1.0327e+03 1.1678e+01 1.4970e+01 -6.8451e+00 9.0318e+00
3.8652e+00 9.9441e+00 1.2686e+01 1.0165e+03 1.1256e+01 1.4412e+01 -6.6060e+00 8.6965e+00
3.9554e+00 9.5767e+00 1.2233e+01 1.0004e+03 1.0847e+01 1.3874e+01 -6.3742e+00 8.3729e+00
4.0478e+00 9.2224e+00 1.1795e+01 9.8456e+02 1.0452e+01 1.3354e+01 -6.1493e+00 8.0607e+00
4.1422e+00 8.8748e+00 1.1367e+01 9.6895e+02 1.0066e+01 1.2848e+01 -5.9312e+00 7.7569e+00
4.2389e+00 8.5396e+00 1.0954e+01 9.5359e+02 9.6937e+00 1.2360e+01 -5.7196e+00 7.4637e+00
4.3379e+00 8.2167e+00 1.0554e+01 9.3849e+02 9.3340e+00 1.1889e+01 -5.5142e+00 7.1810e+00
4.4391e+00 7.9057e+00 1.0167e+01 9.2368e+02 8.9864e+00 1.1435e+01 -5.3146e+00 6.9085e+00
4.5427e+00 7.6062e+00 9.7933e+00 9.0917e+02 8.6509e+00 1.0998e+01 -5.1208e+00 6.6457e+00
4.6487e+00 7.3177e+00 9.4323e+00 8.9495e+02 8.3272e+00 1.0576e+01 -4.9326e+00 6.3925e+00
4.7572e+00 7.0368e+00 9.0817e+00 8.8100e+02 8.0129e+00 1.0167e+01 -4.7501e+00 6.1470e+00
4.8683e+00 6.7647e+00 8.7422e+00 8.6730e+02 7.7086e+00 9.7716e+00 -4.5737e+00 5.9098e+00
4.9819e+00 6.5029e+00 8.4150e+00 8.5381e+02 7.4153e+00 9.3910e+00 -4.4038e+00 5.6813e+00
5.0982e+00 6.2510e+00 8.0996e+00 8.4044e+02 7.1325e+00 9.0246e+00 -4.2406e+00 5.4612e+00
5.2172e+00 6.0087e+00 7.7961e+00 8.2712e+02 6.8601e+00 8.6719e+00 -4.0841e+00 5.2492e+00
5.3389e+00 5.7756e+00 7.5041e+00 8.1379e+02 6.5974e+00 8.3324e+00 -3.9336e+00 5.0451e+00
5.4636e+00 5.5502e+00 7.2222e+00 8.0042e+02 6.3434e+00 8.0046e+00 -3.7885e+00 4.8480e+00
5.5911e+00 5.3310e+00 6.9488e+00 7.8701e+02 6.0973e+00 7.6872e+00 -3.6483e+00 4.6573e+00
5.7216e+00 5.1202e+00 6.6843e+00 7.7360e+02 5.8602e+00 7.3817e+00 -3.5127e+00 4.4737e+00
5.8551e+00 4.9176e+00 6.4278e+00 7.6026e+02 5.6317e+00 7.0877e+00 -3.3813e+00 4.2970e+00
5.9918e+00 4.7229e+00 6.1784e+00 7.4709e+02 5.4114e+00 6.8048e+00 -3.2542e+00 4.1271e+00
6.1316e+00 4.5357e+00 5.9365e+00 7.3419e+02 5.1994e+00 6.5327e+00 -3.1314e+00 3.9635e+00
6.2747e+00 4.3559e+00 5.7025e+00 7.2164e+02 4.9952e+00 6.2710e+00 -3.0126e+00 3.8062e+00
6.4212e+00 4.1803e+00 5.4755e+00 7.0952e+02 4.7971e+00 6.0175e+00 -2.8979e+00 3.6537e+00
6.5711e+00 4.0118e+00 5.2579e+00 6.9779e+02 4.6065e+00 5.7737e+00 -2.7869e+00 3.5071e+00
6.7244e+00 3.8499e+00 5.0501e+00 6.8640e+02 4.4232e+00 5.5395e+00 -2.6796e+00 3.3661e+00
6.8814e+00 3.6944e+00 4.8518e+00 6.7522e+02 4.2467e+00 5.3143e+00 -2.5759e+00 3.2305e+00
7.0420e+00 3.5452e+00 4.6625e+00 6.6411e+02 4.0768e+00 5.0978e+00 -2.4755e+00 3.1002e+00
7.2064e+00 3.4018e+00 4.4814e+00 6.5295e+02 3.9133e+00 4.8897e+00 -2.3783e+00 2.9750e+00
7.3745e+00 3.2628e+00 4.3066e+00 6.4169e+02 3.7553e+00 4.6886e+00 -2.2844e+00 2.8541e+00
7.5467e+00 3.1288e+00 4.1373e+00 6.3032e+02 3.6029e+00 4.4950e+00 -2.1938e+00 2.7376e+00
7.7228e+00 3.0001e+00 3.9730e+00 6.1891e+02 3.4562e+00 4.3090e+00 -2.1066e+00 2.6257e+00
7.9031e+00 2.8767e+00 3.8134e+00 6.0756e+02 3.3154e+00 4.1304e+00 -2.0229e+00 2.5182e+00
8.0875e+00 2.7584e+00 3.6584e+00 5.9639e+02 3.1801e+00 3.9590e+00 -1.9427e+00 2.4149e+00
8.2763e+00 2.6448e+00 3.5085e+00 5.8550e+02 3.0500e+00 3.7945e+00 -1.8658e+00 2.3158e+00
8.4695e+00 2.5354e+00 3.3636e+00 5.7498e+02 2.9249e+00 3.6363e+00 -1.7920e+00 2.2203e+00
8.6671e+00 2.4294e+00 3.2240e+00 5.6482e+02 2.8043e+00 3.4839e+00 -1.7210e+00 2.1282e+00
8.8694e+00 2.3279e+00 3.0903e+00 5.5501e+02 2.6884e+00 3.3376e+00 -1.6527e+00 2.0399e+00
9.0764e+00 2.2306e+00 2.9627e+00 5.4545e+02 2.5772e+00 3.1973e+00 -1.5869e+00 1.9551e+00
9.2883e+00 2.1373e+00 2.8412e+00 5.3604e+02 2.4703e+00 3.0627e+00 -1.5235e+00 1.8737e+00
9.5051e+00 2.0479e+00 2.7254e+00 5.2667e+02 2.3677e+00 2.9336e+00 -1.4624e+00 1.7955e+00
9.7269e+00 1.9621e+00 2.6146e+00 5.1728e+02 2.2691e+00 2.8096e+00 -1.4035e+00 1.7206e+00
9.9540e+00 1.8788e+00 2.5077e+00 5.0782e+02 2.1739e+00 2.6899e+00 -1.3465e+00 1.6482e+00
1.0186e+01 1.7990e+00 2.4045e+00 4.9835e+02 2.0825e+00 2.5751e+00 -1.2914e+00 1.5787e+00
1.0424e+01 1.7226e+00 2.3047e+00 4.8889e+02 1.9947e+00 2.4649e+00 -1.2383e+00 1.5121e+00
1.0667e+01 1.6494e+00 2.2083e+00 4.7952e+02 1.9105e+00 2.3594e+00 -1.1871e+00 1.4482e+00
1.0916e+01 1.5793e+00 2.1149e+00 4.7038e+02 1.8296e+00 2.2582e+00 -1.1379e+00 1.3870e+00
1.1171e+01 1.5121e+00 2.0250e+00 4.6145e+02 1.7520e+00 2.1612e+00 -1.0908e+00 1.3282e+00
1.1432e+01 1.4472e+00 1.9386e+00 4.5281e+02 1.6775e+00 2.0680e+00 -1.0457e+00 1.2716e+00
1.1699e+01 1.3849e+00 1.8557e+00 4.4437e+02 1.6059e+00 1.9785e+00 -1.0026e+00 1.2173e+00
1.1972e+01 1.3252e+00 1.7766e+00 4.3606e+02 1.5373e+00 1.8928e+00 -9.6125e-01 1.1652e+00
1.2251e+01 1.2681e+00 1.7015e+00 4.2789e+02 1.4716e+00 1.8108e+00 -9.2161e-01 1.1153e+00
1.2537e+01 1.2134e+00 1.6296e+00 4.1977e+02 1.4083e+00 1.7322e+00 -8.8349e-01 1.0675e+00
1.2830e+01 1.1611e+00 1.5610e+00 4.1169e+02 1.3481e+00 1.6568e+00 -8.4675e-01 1.0217e+00
1.3129e+01 1.1108e+00 1.4946e+00 4.0363e+02 1.2899e+00 1.5845e+00 -8.1128e-01 9.7768e-01
1.3436e+01 1.0622e+00 1.4304e+00 3.9561e+02 1.2341e+00 1.5150e+00 -7.7705e-01 9.3535e-01
1.3749e+01 1.0158e+00 1.3684e+00 3.8774e+02 1.1805e+00 1.4484e+00 -7.4412e-01 8.9481e-01
1.4070e+01 9.7144e-01 1.3089e+00 3.7999e+02 1.1291e+00 1.3847e+00 -7.1251e-01 8.5599e-01
1.4398e+01 9.2899e-01 1.2522e+00 3.7240e+02 1.0801e+00 1.3237e+00 -6.8224e-01 8.1882e-01
1.4735e+01 8.8839e-01 1.1979e+00 3.6496e+02 1.0330e+00 1.2654e+00 -6.5330e-01 7.8322e-01
1.5078e+01 8.4951e-01 1.1459e+00 3.5764e+02 9.8789e-01 1.2095e+00 -6.2562e-01 7.4911e-01
1.5430e+01 8.1194e-01 1.0960e+00 3.5044e+02 9.4459e-01 1.1558e+00 -5.9911e-01 7.1628e-01
1.5791e+01 7.7601e-01 1.0482e+00 3.4330e+02 9.0317e-01 1.1045e+00 -5.7366e-01 6.8485e-01
1.6159e+01 7.4167e-01 1.0024e+00 3.3621e+02 8.6345e-01 1.0553e+00 -5.4916e-01 6.5476e-01
1.6536e+01 7.0885e-01 9.5851e-01 3.2921e+02 8.2540e-01 1.0083e+00 -5.2558e-01 6.2598e-01
1.6922e+01 6.7748e-01 9.1645e-01 3.2231e+02 7.8894e-01 9.6331e-01 -5.0291e-01 5.9843e-01
1.7317e+01 6.4750e-01 8.7615e-01 3.1551e+02 7.5406e-01 9.2027e-01 -4.8116e-01 5.7208e-01
1.7721e+01 6.1857e-01 8.3740e-01 3.0882e+02 7.2059e-01 8.7897e-01 -4.6034e-01 5.4673e-01
1.8135e+01 5.9087e-01 8.0029e-01 3.0226e+02 6.8860e-01 8.3944e-01 -4.4043e-01 5.2246e-01
1.8558e+01 5.6441e-01 7.6469e-01 2.9579e+02 6.5790e-01 8.0166e-01 -4.2138e-01 4.9924e-01
1.8991e+01 5.3914e-01 7.3079e-01 2.8940e+02 6.2862e-01 7.6553e-01 -4.0313e-01 4.7704e-01
1.9435e+01 5.1499e-01 6.9840e-01 2.8310e+02 6.0058e-01 7.3099e-01 -3.8560e-01 4.5580e-01
1.9888e+01 4.9193e-01 6.6735e-01 2.7689e+02 5.7370e-01 6.9797e-01 -3.6876e-01 4.3549e-01
2.0352e+01 4.6978e-01 6.3759e-01 2.7075e+02 5.4799e-01 6.6633e-01 -3.5260e-01 4.1601e-01
2.0828e+01 4.4850e-01 6.0896e-01 2.6474e+02 5.2332e-01 6.3603e-01 -3.3713e-01 3.9734e-01
2.1314e+01 4.2818e-01 5.8159e-01 2.5881e+02 4.9976e-01 6.0708e-01 -3.2233e-01 3.7948e-01
2.1811e+01 4.0878e-01 5.5544e-01 2.5298e+02 4.7722e-01 5.7942e-01 -3.0816e-01 3.6241e-01
2.2320e+01 3.9027e-01 5.3048e-01 2.4725e+02 4.5569e-01 5.5299e-01 -2.9460e-01 3.4610e-01
2.2841e+01 3.7259e-01 5.0662e-01 2.4159e+02 4.3510e-01 5.2774e-01 -2.8159e-01 3.3050e-01
2.3374e+01 3.5569e-01 4.8376e-01 2.3604e+02 4.1538e-01 5.0360e-01 -2.6913e-01 3.1559e-01
2.3920e+01 3.3940e-01 4.6187e-01 2.3056e+02 3.9653e-01 4.8046e-01 -2.5718e-01 3.0126e-01
2.4478e+01 3.2386e-01 4.4082e-01 2.2520e+02 3.7842e-01 4.5836e-01 -2.4576e-01 2.8757e-01
2.5049e+01 3.0903e-01 4.2081e-01 2.1993e+02 3.6119e-01 4.3726e-01 -2.3482e-01 2.7450e-01
2.5634e+01 2.9487e-01 4.0170e-01 2.1474e+02 3.4474e-01 4.1710e-01 -2.2436e-01 2.6201e-01
2.6232e+01 2.8137e-01 3.8339e-01 2.0963e+02 3.2897e-01 3.9786e-01 -2.1433e-01 2.5008e-01
2.6845e+01 2.6849e-01 3.6592e-01 2.0462e+02 3.1394e-01 3.7949e-01 -2.0474e-01 2.3868e-01
2.7471e+01 2.5609e-01 3.4913e-01 1.9972e+02 2.9949e-01 3.6189e-01 -1.9556e-01 2.2774e-01
2.8112e+01 2.4424e-01 3.3317e-01 1.9489e+02 2.8576e-01 3.4507e-01 -1.8677e-01 2.1729e-01
2.8769e+01 2.3293e-01 3.1783e-01 1.9015e+02 2.7256e-01 3.2903e-01 -1.7837e-01 2.0730e-01
2.9440e+01 2.2216e-01 3.0325e-01 1.8550e+02 2.6003e-01 3.1371e-01 -1.7033e-01 1.9777e-01
3.0127e+01 2.1188e-01 2.8929e-01 1.8095e+02 2.4802e-01 2.9909e-01 -1.6264e-01 1.8867e-01
3.0830e+01 2.0208e-01 2.7595e-01 1.7647e+02 2.3656e-01 2.8514e-01 -1.5527e-01 1.7998e-01
3.1550e+01 1.9268e-01 2.6319e-01 1.7208e+02 2.2560e-01 2.7180e-01 -1.4824e-01 1.7167e-01
3.2286e+01 1.8367e-01 2.5102e-01 1.6780e+02 2.1514e-01 2.5905e-01 -1.4151e-01 1.6370e-01
3.3040e+01 1.7508e-01 2.3937e-01 1.6359e+02 2.0512e-01 2.4688e-01 -1.3507e-01 1.5610e-01
3.3811e+01 1.6690e-01 2.2827e-01 1.5947e+02 1.9560e-01 2.3528e-01 -1.2892e-01 1.4885e-01
3.4600e+01 1.5909e-01 2.1764e-01 1.5543e+02 1.8647e-01 2.2421e-01 -1.2303e-01 1.4193e-01
3.5408e+01 1.5166e-01 2.0751e-01 1.5148e+02 1.7777e-01 2.1365e-01 -1.1741e-01 1.3533e-01
3.6234e+01 1.4456e-01 1.9785e-01 1.4761e+02 1.6948e-01 2.0357e-01 -1.1203e-01 1.2902e-01
3.7080e+01 1.3773e-01 1.8858e-01 1.4383e+02 1.6152e-01 1.9393e-01 -1.0689e-01 1.2298e-01
3.7945e+01 1.3122e-01 1.7977e-01 1.4012e+02 1.5395e-01 1.8473e-01 -1.0197e-01 1.1721e-01
3.8831e+01 1.2503e-01 1.7134e-01 1.3649e+02 1.4671e-01 1.7596e-01 -9.7277e-02 1.1171e-01
3.9737e+01 1.1912e-01 1.6330e-01 1.3294e+02 1.3982e-01 1.6760e-01 -9.2790e-02 1.0646e-01
4.0665e+01 1.1350e-01 1.5562e-01 1.2945e+02 1.3323e-01 1.5963e-01 -8.8502e-02 1.0146e-01
4.1614e+01 1.0814e-01 1.4830e-01 1.2605e+02 1.2695e-01 1.5204e-01 -8.4406e-02 9.6687e-02
4.2585e+01 1.0299e-01 1.4131e-01 1.2272e+02 1.2095e-01 1.4477e-01 -8.0493e-02 9.2113e-02
4.3579e+01 9.8075e-02 1.3462e-01 1.1945e+02 1.1521e-01 1.3783e-01 -7.6754e-02 8.7750e-02
4.4596e+01 9.3397e-02 1.2825e-01 1.1626e+02 1.0975e-01 1.3123e-01 -7.3184e-02 8.3590e-02
4.5637e+01 8.8942e-02 1.2218e-01 1.1312e+02 1.0454e-01 1.2493e-01 -6.9774e-02 7.9624e-02
4.6702e+01 8.4700e-02 1.1639e-01 1.1006e+02 9.9578e-02 1.1893e-01 -6.6517e-02 7.5843e-02
4.7792e+01 8.0661e-02 1.1086e-01 1.0705e+02 9.4843e-02 1.1322e-01 -6.3407e-02 7.2238e-02
4.8908e+01 7.6790e-02 1.0558e-01 1.0410e+02 9.0316e-02 1.0776e-01 -6.0437e-02 6.8791e-02
5.0049e+01 7.3089e-02 1.0054e-01 1.0121e+02 8.5997e-02 1.0255e-01 -5.7602e-02 6.5498e-02
5.1218e+01 6.9567e-02 9.5738e-02 9.8366e+01 8.1876e-02 9.7584e-02 -5.4894e-02 6.2360e-02
5.2413e+01 6.6214e-02 9.1159e-02 9.5585e+01 7.7953e-02 9.2856e-02 -5.2311e-02 5.9370e-02
5.3636e+01 6.3023e-02 8.6801e-02 9.2853e+01 7.4220e-02 8.8353e-02 -4.9845e-02 5.6521e-02
5.4888e+01 5.9986e-02 8.2644e-02 9.0172e+01 7.0659e-02 8.4064e-02 -4.7490e-02 5.3806e-02
5.6169e+01 5.7087e-02 7.8671e-02 8.7538e+01 6.7255e-02 7.9974e-02 -4.5243e-02 5.1215e-02
5.7480e+01 5.4306e-02 7.4882e-02 8.4955e+01 6.4010e-02 7.6067e-02 -4.3099e-02 4.8737e-02
5.8822e+01 5.1661e-02 7.1273e-02 8.2418e+01 6.0917e-02 7.2347e-02 -4.1053e-02 4.6377e-02
6.0195e+01 4.9144e-02 6.7829e-02 7.9928e+01 5.7967e-02 6.8805e-02 -3.9100e-02 4.4128e-02
6.1600e+01 4.6749e-02 6.4554e-02 7.7486e+01 5.5163e-02 6.5433e-02 -3.7238e-02 4.1987e-02
6.3038e+01 4.4472e-02 6.1429e-02 7.5092e+01 5.2488e-02 6.2222e-02 -3.5460e-02 3.9947e-02
6.4509e+01 4.2305e-02 5.8452e-02 7.2744e+01 4.9939e-02 5.9166e-02 -3.3765e-02 3.8005e-02
6.6014e+01 4.0222e-02 5.5611e-02 7.0447e+01 4.7507e-02 5.6245e-02 -3.2148e-02 3.6146e-02
6.7555e+01 3.8241e-02 5.2907e-02 6.8198e+01 4.5191e-02 5.3464e-02 -3.0606e-02 3.4375e-02
6.9132e+01 3.6357e-02 5.0326e-02 6.5996e+01 4.2982e-02 5.0818e-02 -2.9134e-02 3.2689e-02
7.0746e+01 3.4565e-02 4.7876e-02 6.3849e+01 4.0886e-02 4.8299e-02 -2.7731e-02 3.1083e-02
7.2397e+01 3.2861e-02 4.5532e-02 6.1751e+01 3.8880e-02 4.5902e-02 -2.6393e-02 2.9555e-02
7.4087e+01 3.1240e-02 4.3303e-02 5.9710e+01 3.6973e-02 4.3622e-02 -2.5118e-02 2.8101e-02
7.5816e+01 2.9689e-02 4.1181e-02 5.7721e+01 3.5157e-02 4.1446e-02 -2.3901e-02 2.6711e-02
7.7585e+01 2.8209e-02 3.9154e-02 5.5790e+01 3.3422e-02 3.9373e-02 -2.2742e-02 2.5386e-02
7.9396e+01 2.6803e-02 3.7228e-02 5.3916e+01 3.1775e-02 3.7400e-02 -2.1636e-02 2.4126e-02
8.1249e+01 2.5465e-02 3.5393e-02 5.2099e+01 3.0205e-02 3.5524e-02 -2.0582e-02 2.2926e-02
8.3146e+01 2.4194e-02 3.3645e-02 5.0341e+01 2.8710e-02 3.3740e-02 -1.9578e-02 2.1784e-02
8.5086e+01 2.2986e-02 3.1982e-02 4.8641e+01 2.7288e-02 3.2043e-02 -1.8620e-02 2.0698e-02
8.7072e+01 2.1834e-02 3.0399e-02 4.6998e+01 2.5934e-02 3.0426e-02 -1.7708e-02 1.9663e-02
8.9105e+01 2.0731e-02 2.8888e-02 4.5410e+01 2.4642e-02 2.8885e-02 -1.6839e-02 1.8674e-02
9.1184e+01 1.9683e-02 2.7451e-02 4.3875e+01 2.3413e-02 2.7419e-02 -1.6010e-02 1.7734e-02
9.3313e+01 1.8688e-02 2.6081e-02 4.2393e+01 2.2242e-02 2.6025e-02 -1.5220e-02 1.6840e-02
9.5490e+01 1.7742e-02 2.4781e-02 4.0958e+01 2.1130e-02 2.4700e-02 -1.4468e-02 1.5989e-02
9.7719e+01 1.6844e-02 2.3542e-02 3.9570e+01 2.0071e-02 2.3441e-02 -1.3752e-02 1.5180e-02
1.0000e+02 1.5990e-02 2.2364e-02 3.8222e+01 1.9064e-02 2.2243e-02 -1.3069e-02 1.4411e-02
