0.5975192440390014
0.5975192440390039
0.5975192440390074
0.5975192440390099
0.5975192440390121
0.5975192440390161
0.5975192440390175
0.5975192440390215
0.5975192440390236
0.5975192440390256
0.5975192440390282
0.5975192440390314
0.597519244039035
0.5975192440390377
0.5975192440390412
0.5975192440390447
0.597519244039049
0.5975192440390512
0.5975192440390552
0.5975192440390603
0.5975192440390625
0.5975192440390661
0.5975192440390716
0.5975192440390747
0.5975192440390786
0.5975192440390814
0.5975192440390854
0.5975192440390894
0.5975192440390935
0.5975192440390968
0.5975192440391016
0.5975192440391064
0.59751924403911
0.5975192440391147
0.5975192440391203
0.5975192440391248
0.5975192440391285
0.5975192440391358
0.5975192440391386
0.5975192440391512
0.5975192440391552
0.5975192440391593
0.5975192440391659
0.5975192440391691
0.5975192440391753
0.5975192440391801
0.5975192440391858
0.5975192440391921
0.5975192440391975
0.5975192440392024
0.5975192440392085
0.5975192440392146
0.5975192440392214
0.5975192440392267
0.5975192440392337
0.5975192440392405
0.5975192440392467
0.5975192440392545
0.5975192440392607
0.5975192440392672
0.5975192440392743
0.5975192440392825
0.5975192440392907
0.5975192440392973
0.5975192440393049
0.5975192440393107
0.5975192440393186
0.5975192440393278
0.5975192440393345
0.5975192440393428
0.5975192440393526
0.5975192440393614
0.5975192440393698
0.5975192440393774
0.5975192440393864
0.5975192440393948
0.5975192440394048
0.5975192440394137
0.597519244039423
0.5975192440394329
0.597519244039443
0.5975192440394526
0.5975192440394635
0.5975192440394725
0.5975192440394848
0.5975192440394953
0.5975192440395066
0.597519244039519
0.5975192440395292
0.5975192440395423
0.5975192440395524
0.597519244039566
0.5975192440395778
0.5975192440395884
0.5975192440396022
0.5975192440396143
0.5975192440396289
0.5975192440396413
0.5975192440396551
0.597519244039669
0.5975192440396817
0.5975192440396957
0.5975192440397101
0.5975192440397238
0.5975192440397381
0.5975192440397528
0.5975192440397683
0.5975192440397842
0.5975192440398002
0.5975192440398155
0.5975192440398303
0.5975192440398486
0.5975192440398639
0.5975192440398827
0.5975192440399018
0.5975192440399181
0.5975192440399367
0.5975192440399547
0.5975192440399731
0.5975192440399915
0.5975192440400099
0.5975192440400307
0.5975192440400512
0.5975192440400701
0.5975192440400919
0.5975192440401135
0.5975192440401353
0.5975192440401573
0.5975192440401776
0.5975192440402026
0.5975192440402248
0.5975192440402467
0.5975192440402702
0.5975192440402934
0.5975192440403219
0.5975192440403455
0.5975192440403699
0.5975192440403986
0.597519244040423
0.59751924404045
0.5975192440404771
0.5975192440405039
0.5975192440405328
0.5975192440405608
0.5975192440405913
0.5975192440406218
0.5975192440406525
0.597519244040682
0.5975192440407141
0.5975192440407459
0.5975192440407788
0.5975192440408109
0.5975192440408457
0.5975192440408775
0.5975192440409116
0.5975192440409471
0.5975192440409832
0.5975192440410203
0.5975192440410563
0.597519244041094
0.5975192440411327
0.5975192440411705
0.5975192440412109
0.5975192440412523
0.5975192440412932
0.5975192440413345
0.5975192440413764
0.5975192440414192
0.5975192440414626
0.5975192440415075
0.5975192440415504
0.5975192440415976
0.5975192440416466
0.5975192440416933
0.5975192440417432
0.5975192440417918
0.5975192440418435
0.5975192440418904
0.5975192440419426
0.597519244041996
0.5975192440420488
0.5975192440421042
0.5975192440421587
0.5975192440422135
0.5975192440422746
0.5975192440423315
0.5975192440423902
0.5975192440424519
0.5975192440425106
0.5975192440425737
0.5975192440426377
0.5975192440427013
0.5975192440427668
0.597519244042834
0.5975192440429038
0.5975192440429719
0.5975192440430405
0.5975192440431116
0.5975192440431849
0.5975192440432587
0.5975192440433317
0.5975192440434103
0.5975192440434867
0.5975192440435662
0.5975192440436464
0.5975192440437284
0.5975192440438097
0.5975192440438949
0.5975192440439823
0.5975192440440688
0.5975192440441587
0.5975192440442482
0.5975192440443406
0.5975192440444359
0.597519244044532
0.5975192440446315
0.597519244044729
0.5975192440448281
0.5975192440449311
0.5975192440450348
0.5975192440451407
0.597519244045242
0.5975192440453527
0.5975192440454643
0.5975192440455761
0.5975192440456888
0.597519244045807
0.5975192440459272
0.5975192440460464
0.5975192440461727
0.5975192440462976
0.5975192440464207
0.5975192440465499
0.5975192440466817
0.5975192440468159
0.5975192440469507
0.5975192440470904
0.5975192440472308
0.5975192440473724
0.5975192440475195
0.5975192440476651
0.5975192440478156
0.5975192440479701
0.5975192440481253
0.597519244048283
0.5975192440484444
0.5975192440486068
0.5975192440487735
0.59751924404894
0.5975192440491087
0.5975192440492917
0.5975192440494674
0.5975192440496468
0.5975192440498305
0.5975192440500194
0.5975192440502078
0.597519244050403
0.5975192440505993
0.5975192440507959
0.5975192440510021
0.5975192440512086
0.5975192440514229
0.597519244051635
0.597519244051852
0.5975192440520724
0.597519244052298
0.5975192440525287
0.597519244052761
0.5975192440529984
0.5975192440532365
0.5975192440534823
0.5975192440537291
0.5975192440539859
0.5975192440542431
0.5975192440545037
0.5975192440547716
0.597519244055044
0.5975192440553223
0.5975192440556022
0.5975192440558845
0.5975192440561756
0.5975192440564712
0.5975192440567743
0.5975192440570771
0.5975192440573869
0.5975192440577006
0.5975192440580216
0.5975192440583481
0.5975192440586791
0.5975192440590185
0.5975192440593626
0.5975192440597108
0.5975192440600658
0.5975192440604299
0.597519244060796
0.5975192440611719
0.5975192440615475
0.5975192440619368
0.597519244062329
0.5975192440627333
0.5975192440631395
0.5975192440635547
0.5975192440639734
0.5975192440644026
0.5975192440648363
0.5975192440652808
0.5975192440657265
0.5975192440661892
0.5975192440666544
0.5975192440671281
0.5975192440676063
0.5975192440680985
0.5975192440685968
0.5975192440691022
0.5975192440696169
0.5975192440701418
0.5975192440706726
0.5975192440712164
0.5975192440717678
0.5975192440723279
0.597519244072901
0.5975192440734804
0.5975192440740712
0.5975192440746703
0.5975192440752768
0.5975192440758983
0.5975192440765293
0.5975192440771737
0.5975192440778234
0.5975192440784896
0.5975192440791661
0.5975192440798511
0.5975192440805499
0.5975192440812629
0.5975192440819818
0.5975192440827163
0.5975192440834685
0.5975192440842273
0.5975192440850001
0.5975192440857848
0.5975192440865811
0.5975192440873968
0.597519244088221
0.5975192440890625
0.5975192440899177
0.5975192440907868
0.5975192440916728
0.5975192440925704
0.5975192440934892
0.5975192440944155
0.5975192440953664
0.597519244096329
0.5975192440973088
0.5975192440983057
0.5975192440993182
0.5975192441003506
0.5975192441013967
0.597519244102458
0.5975192441035414
0.5975192441046473
0.5975192441057681
0.597519244106908
0.5975192441080648
0.5975192441092455
0.5975192441104387
0.5975192441116599
0.5975192441129074
0.5975192441141642
0.5975192441154498
0.5975192441167555
0.5975192441180815
0.5975192441194295
0.5975192441208029
0.5975192441221977
0.5975192441236167
0.597519244125061
0.5975192441265298
0.5975192441280243
0.5975192441295432
0.5975192441310899
0.5975192441326604
0.597519244134262
0.5975192441358826
0.5975192441375337
0.5975192441392163
0.5975192441409237
0.5975192441426643
0.5975192441444296
0.597519244146228
0.5975192441480616
0.5975192441499211
0.5975192441518131
0.5975192441537405
0.5975192441556979
0.5975192441576834
0.59751924415971
0.5975192441617673
0.5975192441638619
0.597519244165993
0.5975192441681583
0.5975192441703595
0.5975192441726004
0.5975192441748777
0.5975192441771954
0.5975192441795519
0.5975192441819489
0.5975192441843867
0.5975192441868638
0.5975192441893843
0.5975192441919508
0.5975192441945608
0.5975192441972119
0.5975192441999104
0.5975192442026542
0.5975192442054453
0.5975192442082828
0.5975192442111683
0.597519244214103
0.5975192442170846
0.5975192442201234
0.5975192442232116
0.5975192442263569
0.5975192442295482
0.5975192442327966
0.5975192442360996
0.5975192442394582
0.5975192442428727
0.5975192442463543
0.5975192442498912
0.5975192442534824
0.5975192442571389
0.5975192442608589
0.5975192442646384
0.5975192442684844
0.5975192442723988
0.5975192442763757
0.5975192442804216
0.5975192442845371
0.5975192442887236
0.5975192442929768
0.5975192442973076
0.5975192443017071
0.5975192443061887
0.5975192443107431
0.5975192443153736
0.5975192443200825
0.5975192443248755
0.597519244329747
0.5975192443347004
0.5975192443397428
0.5975192443448678
0.5975192443500789
0.5975192443553823
0.5975192443607723
0.597519244366257
0.597519244371834
0.597519244377505
0.597519244383276
0.5975192443891439
0.5975192443951108
0.597519244401181
0.5975192444073515
0.5975192444136311
0.5975192444200141
0.5975192444265041
0.5975192444331106
0.5975192444398237
0.5975192444466565
0.5975192444536042
0.5975192444606665
0.5975192444678545
0.597519244475159
0.5975192444825934
0.5975192444901495
0.5975192444978388
0.5975192445056591
0.5975192445136115
0.5975192445216991
0.5975192445299242
0.5975192445382852
0.5975192445467958
0.5975192445554447
0.5975192445642517
0.5975192445732017
0.5975192445823037
0.5975192445915588
0.5975192446009727
0.5975192446105495
0.5975192446202882
0.5975192446301955
0.5975192446402701
0.5975192446505144
0.5975192446609324
0.5975192446715261
0.5975192446823031
0.5975192446932689
0.5975192447044126
0.5975192447157499
0.5975192447272796
0.5975192447390097
0.5975192447509359
0.5975192447630704
0.5975192447754063
0.5975192447879517
0.5975192448007132
0.5975192448136857
0.5975192448268885
0.5975192448403147
0.5975192448539681
0.5975192448678514
0.5975192448819747
0.5975192448963378
0.5975192449109394
0.5975192449257987
0.5975192449409104
0.5975192449562732
0.5975192449719015
0.5975192449877931
0.5975192450039605
0.5975192450204012
0.5975192450371226
0.5975192450541287
0.5975192450714231
0.5975192450890097
0.5975192451069018
0.5975192451250949
0.5975192451435967
0.5975192451624196
0.5975192451815569
0.5975192452010238
0.5975192452208207
0.5975192452409551
0.5975192452614335
0.5975192452822559
0.5975192453034394
0.5975192453249801
0.5975192453468878
0.5975192453691712
0.597519245391833
0.5975192454148825
0.5975192454383237
0.5975192454621617
0.597519245486405
0.5975192455110675
0.5975192455361434
0.59751924556165
0.5975192455875898
0.5975192456139724
0.5975192456408034
0.5975192456680942
0.5975192456958476
0.5975192457240709
0.5975192457527789
0.5975192457819762
0.5975192458116726
0.5975192458418701
0.5975192458725878
0.5975192459038214
0.5975192459355925
0.5975192459679003
0.5975192460007633
0.5975192460341836
0.5975192460681694
0.5975192461027412
0.597519246137894
0.5975192461736578
0.5975192462100221
0.5975192462470048
0.5975192462846203
0.5975192463228755
0.5975192463617853
0.5975192464013576
0.5975192464416024
0.597519246482531
0.5975192465241559
0.597519246566493
0.5975192466095549
0.5975192466533441
0.5975192466978791
0.5975192467431771
0.5975192467892416
0.597519246836092
0.5975192468837477
0.5975192469322097
0.5975192469814938
0.5975192470316224
0.5975192470826036
0.5975192471344564
0.5975192471871835
0.5975192472408164
0.5975192472953619
0.5975192473508337
0.5975192474072519
0.5975192474646333
0.5975192475229922
0.5975192475823404
0.5975192476427063
0.5975192477040911
0.5975192477665355
0.5975192478300351
0.5975192478946164
0.5975192479602951
0.5975192480270974
0.5975192480950307
0.5975192481641289
0.5975192482344057
0.5975192483058724
0.5975192483785619
0.5975192484524848
0.5975192485276721
0.5975192486041373
0.5975192486819065
0.5975192487609974
0.5975192488414341
0.5975192489232459
0.5975192490064526
0.5975192490910732
0.5975192491771376
0.5975192492646713
0.5975192493536874
0.597519249444227
0.5975192495363056
0.5975192496299542
0.5975192497251999
0.5975192498220607
0.5975192499205735
0.5975192500207691
0.5975192501226688
0.5975192502263031
0.5975192503317075
0.597519250438906
0.5975192505479244
0.5975192506588051
0.5975192507715746
0.5975192508862673
0.5975192510029084
0.5975192511215422
0.5975192512421906
0.5975192513648968
0.5975192514896976
0.5975192516166202
0.5975192517457033
0.5975192518769856
0.5975192520105074
0.5975192521463031
0.5975192522844077
0.5975192524248705
0.5975192525677252
0.597519252713015
0.5975192528607738
0.5975192530110521
0.5975192531638925
0.5975192533193348
0.5975192534774233
0.5975192536382087
0.5975192538017262
0.597519253968038
0.5975192541371783
0.5975192543092024
0.5975192544841536
0.597519254662088
0.5975192548430507
0.5975192550270956
0.5975192552142798
0.5975192554046518
0.5975192555982632
0.5975192557951731
0.5975192559954409
0.5975192561991167
0.5975192564062615
0.5975192566169379
0.5975192568312021
0.5975192570491151
0.5975192572707413
0.5975192574961431
0.5975192577253823
0.5975192579585322
0.597519258195653
0.5975192584368086
0.5975192586820708
0.597519258931513
0.5975192591852052
0.5975192594432209
0.5975192597056301
0.5975192599725112
0.5975192602439345
0.5975192605199826
0.5975192608007321
0.5975192610862704
0.59751926137667
0.5975192616720115
0.5975192619723878
0.5975192622778771
0.5975192625885758
0.5975192629045651
0.5975192632259358
0.5975192635527826
0.5975192638851992
0.5975192642232742
0.5975192645671082
0.5975192649168024
0.597519265272457
0.5975192656341622
0.5975192660020292
0.5975192663761653
0.59751926675668
0.5975192671436673
0.5975192675372496
0.597519267937543
0.597519268344646
0.5975192687586885
0.5975192691797858
0.5975192696080528
0.5975192700436156
0.5975192704865987
0.5975192709371299
0.5975192713953394
0.5975192718613455
0.5975192723352946
0.5975192728173084
0.5975192733075455
0.5975192738061313
0.5975192743132045
0.5975192748289215
0.597519275353421
0.5975192758868568
0.5975192764293761
0.5975192769811386
0.5975192775423015
0.5975192781130216
0.5975192786934701
0.5975192792837981
0.5975192798841847
0.5975192804948006
0.5975192811158178
0.5975192817474092
0.5975192823897632
0.5975192830430602
0.597519283707485
0.5975192843832322
0.5975192850704848
0.5975192857694467
0.5975192864803169
0.5975192872032906
0.5975192879385817
0.597519288686402
0.5975192894469638
0.5975192902204766
0.5975192910071668
0.5975192918072537
0.5975192926209769
0.5975192934485558
0.5975192942902395
0.5975192951462525
0.5975192960168525
0.5975192969022824
0.5975192978027941
0.5975192987186487
0.5975192996501042
0.5975193005974241
0.5975193015608825
0.5975193025407541
0.5975193035373119
0.5975193045508552
0.5975193055816509
0.5975193066300173
0.5975193076962408
0.5975193087806233
0.5975193098834815
0.5975193110051195
0.5975193121458732
0.5975193133060567
0.5975193144859974
0.5975193156860478
0.5975193169065328
0.5975193181478116
0.5975193194102366
0.5975193206941614
0.5975193219999608
0.5975193233279993
0.5975193246786721
0.5975193260523421
0.5975193274494175
0.5975193288702891
0.5975193303153657
0.5975193317850598
0.5975193332797877
0.5975193347999793
0.5975193363460649
0.5975193379184928
0.5975193395176992
0.5975193411441492
0.5975193427983072
0.597519344480644
0.5975193461916394
0.5975193479317807
0.5975193497015565
0.5975193515014862
0.5975193533320821
0.5975193551938567
0.5975193570873442
0.5975193590130874
0.5975193609716375
0.5975193629635484
0.5975193649893876
0.5975193670497435
0.5975193691451917
0.5975193712763363
0.5975193734437856
0.5975193756481527
0.5975193778900745
0.5975193801701828
0.597519382489134
0.5975193848475903
0.5975193872462177
0.5975193896857085
0.5975193921667526
0.5975193946900581
0.5975193972563505
0.5975193998663574
0.5975194025208277
0.597519405220514
0.5975194079661853
0.597519410758633
0.5975194135986419
0.5975194164870358
0.5975194194246283
0.5975194224122637
0.5975194254507882
0.597519428541078
0.5975194316840092
0.5975194348804731
0.597519438131394
0.597519441437693
0.5975194448003078
0.5975194482202039
0.5975194516983601
0.5975194552357639
0.5975194588334238
0.5975194624923712
0.5975194662136466
0.5975194699983082
0.5975194738474432
0.5975194777621442
0.5975194817435363
0.5975194857927415
0.5975194899109271
0.5975194940992687
0.5975194983589476
0.5975195026911937
0.5975195070972378
0.5975195115783314
0.5975195161357627
0.597519520770825
0.5975195254848484
0.5975195302791625
0.5975195351551561
0.5975195401142086
0.5975195451577303
0.597519550287165
0.5975195555039808
0.59751956080966
0.5975195662057212
0.5975195716936996
0.5975195772751617
0.5975195829517045
0.5975195887249445
0.5975195945965268
0.5975196005681238
0.5975196066414461
0.5975196128182254
0.5975196191002276
0.5975196254892319
0.5975196319870649
0.5975196385955949
0.5975196453166912
0.5975196521522805
0.5975196591043143
0.5975196661747639
0.5975196733656525
0.5975196806790383
0.5975196881170037
0.597519695681665
0.5975197033751947
0.5975197111997723
0.5975197191576351
0.5975197272510565
0.5975197354823429
0.597519743853843
0.5975197523679499
0.5975197610270889
0.5975197698337197
0.5975197787903765
0.5975197878995983
0.5975197971639921
0.5975198065861959
0.5975198161689
0.5975198259148369
0.5975198358267961
0.597519845907588
0.5975198561601053
0.597519866587261
0.597519877192035
0.5975198879774566
0.5975198989466002
0.5975199101025896
0.5975199214486143
0.5975199329879095
0.5975199447237679
0.5975199566595328
0.5975199687986159
0.597519981144475
0.5975199937006437
0.5975200064706829
0.5975200194582551
0.5975200326670551
0.5975200461008568
0.597520059763491
0.5975200736588574
0.5975200877909189
0.5975201021637015
0.5975201167813103
0.597520131647918
0.5975201467677639
0.5975201621451556
0.5975201777844926
0.5975201936902208
0.597520209866895
0.5975202263191176
0.5975202430515867
0.5975202600690713
0.5975202773764332
0.5975202949786078
0.5975203128806117
0.5975203310875592
0.5975203496046388
0.597520368437138
0.5975203875904185
0.5975204070699544
0.5975204268813058
0.5975204470301128
0.5975204675221364
0.5975204883632081
0.5975205095592836
0.5975205311164
0.5975205530407185
0.5975205753384905
0.5975205980160705
0.5975206210799331
0.597520644536657
0.5975206683929308
0.5975206926555607
0.5975207173314714
0.5975207424276971
0.5975207679513987
0.59752079390986
0.597520820310482
0.5975208471607958
0.5975208744684667
0.5975209022412694
0.597520930487149
0.5975209592141406
0.597520988430455
0.5975210181444154
0.5975210483645002
0.5975210790993309
0.5975211103576746
0.5975211421484508
0.597521174480723
0.5975212073637153
0.597521240806807
0.597521274819536
0.5975213094116075
0.5975213445928841
0.5975213803734085
0.5975214167633732
0.5975214537731709
0.5975214914133552
0.5975215296946558
0.5975215686280002
0.5975216082244844
0.5975216484954059
0.5975216894522574
0.5975217311067104
0.5975217734706534
0.5975218165561632
0.5975218603755286
0.5975219049412576
0.5975219502660502
0.5975219963628395
0.5975220432447667
0.5975220909252098
0.5975221394177669
0.5975221887362624
0.5975222388947675
0.5975222899075834
0.5975223417892577
0.5975223945545967
0.5975224482186381
0.5975225027966898
0.5975225583043149
0.597522614757353
0.5975226721718921
0.5975227305643094
0.5975227899512614
0.5975228503496778
0.5975229117767843
0.5975229742501069
0.5975230377874439
0.5975231024069282
0.5975231681269828
0.5975232349663534
0.5975233029440837
0.597523372079577
0.597523442392537
0.597523513903018
0.5975235866314097
0.5975236605984473
0.597523735825228
0.5975238123331932
0.5975238901441688
0.5975239692803391
0.5975240497642506
0.5975241316188785
0.597524214867544
0.5975242995339878
0.5975243856423539
0.5975244732171799
0.5975245622834493
0.5975246528665488
0.5975247449922999
0.5975248386869734
0.597524933977281
0.5975250308903841
0.5975251294539127
0.5975252296959791
0.5975253316451374
0.59752543533046
0.5975255407815155
0.5975256480283477
0.5975257571015363
0.5975258680321784
0.5975259808518831
0.5975260955928243
0.5975262122876964
0.5975263309697683
0.5975264516728594
0.5975265744313846
0.5975266992803258
0.5975268262552719
0.5975269553924082
0.5975270867285457
0.5975272203011086
0.5975273561481736
0.5975274943084447
0.5975276348213042
0.5975277777267964
0.5975279230656414
0.5975280708792584
0.5975282212097667
0.5975283741000068
0.5975285295935462
0.5975286877346867
0.5975288485684872
0.5975290121407868
0.5975291784981832
0.5975293476880676
0.5975295197586576
0.5975296947589738
0.5975298727388674
0.5975300537490439
0.597530237841078
0.5975304250674062
0.5975306154813629
0.5975308091371915
0.5975310060900548
0.5975312063960554
0.5975314101122503
0.5975316172966584
0.5975318280082875
0.5975320423071585
0.5975322602542992
0.5975324819117825
0.5975327073427267
0.5975329366113393
0.5975331697829
0.5975334069238145
0.5975336481015964
0.5975338933849272
0.5975341428436443
0.5975343965487692
0.5975346545725372
0.5975349169884057
0.597535183871079
0.5975354552965373
0.5975357313420389
0.5975360120861707
0.5975362976088338
0.5975365879913003
0.5975368833162262
0.5975371836676496
0.5975374891310579
0.597537799793375
0.5975381157430109
0.5975384370698684
0.5975387638653846
0.5975390962225356
0.5975394342358893
0.5975397780016025
0.5975401276174854
0.597540483182981
0.5975408447992472
0.5975412125691308
0.5975415865972475
0.5975419669899784
0.5975423538554987
0.5975427473038358
0.597543147446864
0.5975435543983798
0.5975439682740843
0.5975443891916487
0.5975448172707556
0.5975452526330827
0.5975456954024028
0.5975461457045674
0.5975466036675695
0.5975470694215732
0.597547543098932
0.5975480248342585
0.5975485147644409
0.5975490130286909
0.5975495197685649
0.5975500351280305
0.5975505592534919
0.5975510922938201
0.5975516344004249
0.5975521857272598
0.597552746430906
0.5975533166705747
0.5975538966081891
0.5975544864083963
0.5975550862386453
0.5975556962692097
0.597556316673234
0.5975569476268211
0.5975575893090106
0.5975582419019074
0.5975589055906717
0.5975595805636071
0.5975602670122039
0.5975609651311689
0.5975616751185211
0.5975623971756063
0.597563131507196
0.5975638783214977
0.5975646378302424
0.5975654102487431
0.5975661957959525
0.5975669946945015
0.5975678071707957
0.5975686334550497
0.5975694737813794
0.5975703283878349
0.597571197516489
0.5975720814134993
0.5975729803291664
0.5975738945180262
0.5975748242388862
0.5975757697549368
0.5975767313337822
0.5975777092475579
0.5975787037729684
0.5975797151913806
0.5975807437889031
0.597581789856457
0.5975828536898706
0.5975839355899386
0.5975850358625246
0.5975861548186375
0.5975872927745065
0.5975884500516898
0.597589626977152
0.5975908238833448
0.5975920411083123
0.5975932789957752
0.5975945378952282
0.597595818162033
0.5975971201575125
0.5975984442490782
0.5975997908102634
0.5976011602209106
0.5976025528672058
0.597603969141815
0.597605409443994
0.5976068741796813
0.5976083637616102
0.59760987860944
0.5976114191498483
0.5976129858166538
0.5976145790509346
0.5976161993011437
0.5976178470232463
0.5976195226808055
0.5976212267451555
0.5976229596954896
0.5976247220190086
0.5976265142110507
0.597628336775211
0.5976301902234886
0.5976320750764264
0.5976339918632444
0.5976359411219647
0.5976379233996052
0.5976399392522629
0.597641989245304
0.5976440739534987
0.5976461939612712
0.5976483498628506
0.5976505422618767
0.5976527717723
0.5976550390182633
0.5976573446342722
0.5976596892653407
0.5976620735671931
0.5976644982064222
0.5976669638606564
0.5976694712187425
0.5976720209809393
0.5976746138590713
0.5976772505767453
0.5976799318695312
0.597682658485127
0.5976854311835824
0.5976882507374927
0.5976911179321872
0.5976940335659386
0.5976969984501641
0.5977000134096405
0.5977030792827138
0.5977061969214982
0.5977093671921445
0.5977125909749929
0.5977158691648474
0.5977192026711647
0.5977225924183406
0.597726039345887
0.5977295444086889
0.5977331085772716
0.5977367328380043
0.5977404181933693
0.5977441656622187
0.5977479762799996
0.5977518510990634
0.5977557911888609
0.5977597976362817
0.5977638715458506
0.5977680140400636
0.5977722262596191
0.59777650936372
0.5977808645303552
0.5977852929565702
0.5977897958588012
0.5977943744731132
0.5977990300555481
0.5978037638823999
0.5978085772505348
0.597813471477696
0.5978184479028253
0.5978235078863794
0.5978286528106369
0.5978338840800668
0.5978392031216124
0.5978446113850642
0.5978501103433795
0.5978557014930351
0.597861386354369
0.597867166471937
0.5978730434148757
0.5978790187772468
0.5978850941784278
0.5978912712634528
0.5978975517034093
0.5979039371958097
0.5979104294649631
0.5979170302623775
0.5979237413671471
0.5979305645863484
0.5979375017554274
0.5979445547386292
0.5979517254293791
0.597959015750738
0.597966427655738
0.5979739631279085
0.5979816241816334
0.5979894128625943
0.5979973312482174
0.5980053814481027
0.5980135656044755
0.5980218858926284
0.5980303445213642
0.598038943733475
0.5980476858061863
0.5980565730516136
0.5980656078172566
0.5980747924864365
0.5980841294788043
0.5980936212508093
0.5981032702961816
0.5981130791464043
0.5981230503712506
0.598133186579216
0.598143490418071
0.5981539645753421
0.5981646117788033
0.5981754347970119
0.5981864364398072
0.5981976195588165
0.5982089870480043
0.5982205418441358
0.5982322869273692
0.5982442253217501
0.598256360095721
0.598268694362684
0.5982812312815241
0.5982939740571283
0.5983069259409662
0.5983200902315722
0.5983334702751334
0.5983470694660085
0.5983608912472771
0.5983749391112826
0.5983892166001782
0.5984037273064688
0.5984184748735764
0.5984334629963436
0.5984486954216404
0.5984641759488517
0.5984799084304564
0.5984958967725476
0.5985121449354269
0.59852865693406
0.5985454368386988
0.5985624887753697
0.5985798169264358
0.598597425531106
0.5986153188859713
0.5986335013455523
0.5986519773227819
0.5986707512895522
0.5986898277772196
0.5987092113771139
0.5987289067410392
0.598748918581742
0.5987692516734782
0.5987899108523991
0.5988109010171077
0.5988322271290711
0.598853894213119
0.5988759073578835
0.5988982717162172
0.5989209925056603
0.5989440750088428
0.5989675245739076
0.5989913466148994
0.5990155466121532
0.5990401301126728
0.5990651027304862
0.599090470147012
0.599116238111359
0.599142412440676
0.5991689990204487
0.5991960038047451
0.599223432816552
0.5992512921479665
0.5992795879604509
0.5993083264850474
0.5993375140225571
0.5993671569437283
0.5993972616893847
0.599427834770548
0.5994588827685773
0.5994904123352229
0.5995224301926507
0.5995549431335289
0.5995879580209915
0.5996214817886073
0.5996555214403476
0.5996900840504924
0.599725176763509
0.5997608067939075
0.5997969814260822
0.5998337080140579
0.5998709939812961
0.5999088468204039
0.5999472740927775
0.599986283428283
0.6000258825249065
0.6000660791482343
0.6001068811310619
0.6001482963728539
0.6001903328391897
0.6002329985612022
0.6002763016348516
0.6003202502203364
0.6003648525412923
0.6004101168839673
0.6004560515964023
0.6005026650874372
0.6005499658256872
0.6005979623383417
0.6006466632099056
0.6006960770807381
0.6007462126456466
0.6007970786527363
0.6008486839031046
0.6009010372514904
0.6009541476072037
0.6010080239336052
0.6010626752455417
0.6011181106056395
0.6011743391209518
0.6012313699406757
0.6012892122544274
0.6013478752909001
0.6014073683163501
0.6014677006331676
0.6015288815779846
0.6015909205199907
0.6016538268587913
0.6017176100222646
0.6017822794640926
0.6018478446606654
0.6019143151073109
0.6019817003130012
0.6020500097940749
0.6021192530691122
0.6021894396596984
0.6022605791031804
0.602332680978567
0.6024057549077078
0.6024798105200995
0.6025548574288309
0.6026309052276018
0.6027079634935761
0.6027860417889114
0.6028651496602169
0.6029452966368285
0.6030264922281868
0.603108745920974
0.6031920671759817
0.6032764654248617
0.6033619500667567
0.6034485304649408
0.6035362159433381
0.6036250157830159
0.6037149392186829
0.6038059954350724
0.6038981935633378
0.6039915426774428
0.6040860517904145
0.6041817298506929
0.6042785857383803
0.604376628261457
0.6044758661520354
0.6045763080625257
0.6046779625618359
0.6047808381315237
0.6048849431619522
0.6049902859484357
0.6050968746873737
0.6052047174723797
0.6053138222904236
0.6054241970179587
0.605535849417074
0.6056487871316276
0.6057630176834355
0.6058785484684331
0.6059953867528846
0.6061135396695998
0.6062330142141966
0.6063538172413575
0.606475955461183
0.6065994354355104
0.6067242635743031
0.6068504461321252
0.6069779892045898
0.6071068987249141
0.6072371804605132
0.6073688400096673
0.6075018827981912
0.6076363140762794
0.6077721389152967
0.6079093622047466
0.6080479886492812
0.6081880227657567
0.6083294688803831
0.60847233112605
0.6086166134396027
0.6087623195592917
0.6089094530223331
0.6090580171625599
0.6092080151080761
0.6093594497791671
0.6095123238862287
0.6096666399278328
0.6098224001888504
0.6099796067388121
0.6101382614302494
0.6102983658972145
0.6104599215539827
0.610622929593649
0.6107873909872589
0.6109533064825651
0.6111206766033863
0.6112895016486632
0.6114597816921149
0.6116315165817402
0.6118047059396883
0.6119793491625992
0.6121554454226934
0.6123329938262716
0.6125119935928554
0.6126924424957105
0.6128743388745495
0.6130576809008775
0.6132424662336816
0.613428691934455
0.6136163560878719
0.6138054561070085
0.6139959882058623
0.6141879493646866
0.6143813364422065
0.6145761455195378
0.6147723726434455
0.6149700136814947
0.6151690642988557
0.6153695199522825
0.6155713758895323
0.615774627152754
0.6159792685834017
0.6161852948265943
0.6163927003343971
0.616601479368347
0.616811626001621
0.6170231341212665
0.6172359974307859
0.6174502094532869
0.6176657635352599
0.6178826528507586
0.6181008704057568
0.6183204090424326
0.6185412614432436
0.618763420134782
0.6189868774914882
0.6192116257392946
0.6194376569592431
0.6196649630903655
0.6198935359253436
0.6201233671169587
0.6203544481871432
0.6205867705310715
0.6208203254212007
0.6210551040113288
0.621291097340684
0.6215282963380392
0.6217666918258434
0.6220062745243699
0.6222470350558782
0.6224889639487892
0.6227320516418652
0.6229762884883874
0.623221664760341
0.6234681706525917
0.6237157962870473
0.6239645317168294
0.6242143669304004
0.6244652918557065
0.624717296364256
0.6249703702752306
0.6252245033595076
0.625479685343706
0.6257359059141548
0.625993154720856
0.6262514213814092
0.6265106954848626
0.626770966595544
0.6270322242568673
0.6272944579950426
0.627557657322772
0.6278218117428659
0.6280869107518456
0.6283529438434455
0.6286199005120705
0.6288877702562187
0.6291565425818035
0.6294262070054494
0.6296967530576925
0.6299681702861387
0.6302404482585592
0.6305135765658849
0.6307875448251888
0.6310623426825516
0.631337959815905
0.6316143859377954
0.631891610798118
0.632169624186837
0.632448415936769
0.6327279759265998
0.6330082940846268
0.6332893603947112
0.6335711649097474
0.6338536977946463
0.634136949350577
0.6344209086813831
0.6347055669000992
0.634990914524477
0.635276941767627
0.6355636390188331
0.6358509967689115
0.6361390055894032
0.6364276561271277
0.6367169391030625
0.6370068453126683
0.6372973656267086
0.6375884909922627
0.6378802124337987
0.6381725210542338
0.6384654080359903
0.6387588646419425
0.6390528822164243
0.6393474521861097
0.6396425660608546
0.6399382154344364
0.640234391985455
0.6405310874780543
0.6408282937627842
0.6411260027776686
0.6414242065497572
0.6417228971979878
0.6420220669388969
0.6423217080980475
0.6426218131173614
0.6429223744231041
0.6432233842284772
0.6435248353231449
0.6438267206472501
0.644129033001626
0.6444317652633165
0.6447349104174489
0.6450384615534864
0.6453424118692384
0.6456467547021915
0.6459514836638717
0.6462565922169998
0.6465620725542232
0.646867918798417
0.6471741256695025
0.6474806867307783
0.6477875957290041
0.6480948465947414
0.6484024333776779
0.6487103502263722
0.6490185913809884
0.6493271511702734
0.6496360240099792
0.6499452044018261
0.6502546869326508
0.6505644662736796
0.6508745371797572
0.6511848944886627
0.6514955331205947
0.6518064480785744
0.6521176344520274
0.6524290874284968
0.6527408023062466
0.653052774447635
0.6533649992080751
0.6536774720023555
0.6539901883646048
0.6543031439335573
0.6546163344334502
0.6549297556657736
0.655243403506192
0.6555572739007669
0.6558713628607649
0.6561856664685246
0.6565001808782551
0.6568149023153403
0.6571298270755689
0.6574449515243443
0.6577602720958888
0.6580757852924425
0.6583914876834613
0.6587073759048218
0.6590234466580283
0.6593396967094175
0.6596561228893693
0.6599727220915154
0.6602894912719586
0.6606064274484827
0.6609235276997818
0.6612407891646712
0.6615582090413121
0.6618757845864381
0.6621935131145932
0.6625113919973363
0.6628294186625054
0.663147590593431
0.6634659053281927
0.6637843604588393
0.6641029536306712
0.6644216825414515
0.6647405449406717
0.6650595386288224
0.6653786614566258
0.6656979113243097
0.6660172861808608
0.6663367840232893
0.6666564028958712
0.6669761408894108
0.6672959961404767
0.6676159668305939
0.6679360511854717
0.6682562474741429
0.6685765540081392
0.668896969140641
0.6692174912571052
0.6695381188007876
0.6698588502608959
0.6701796841548993
0.6705006190393379
0.6708216535108497
0.6711427860549678
0.6714640148045677
0.6717853404178876
0.6721067601666697
0.6724282729671908
0.6727498776808111
0.6730715731932506
0.6733933583841442
0.6737152321523383
0.6740371934371047
0.6743592412196512
0.674681374525224
0.6750035924051857
0.6753258939269018
0.6756482781878644
0.6759707443195435
0.6762932914855462
0.6766159188799619
0.6769386257262384
0.6772614112771433
0.6775842748159819
0.6779072156596232
0.6782302331612057
0.6785533266912287
0.6788764950125425
0.6791997379051435
0.6795230549199035
0.6798464455039348
0.6801699091146135
0.6804934452330276
0.6808170533641642
0.6811407330357436
0.6814644837972224
0.6817883052190178
0.6821121968918985
0.6824361584264533
0.6827601894783845
0.6830842897259982
0.6834084587996623
0.6837326963860928
0.6840570021897922
0.6843813759327042
0.6847058173538647
0.6850303262090648
0.6853549022705211
0.6856795453265452
0.6860042551812171
0.6863290316540706
0.6866538745797668
0.6869787838077868
0.6873037592021216
0.6876288006409543
0.6879539080163651
0.688279081234018
0.688604320212889
0.6889296248849351
0.6892549951948423
0.6895804310997102
0.6899059325687803
0.6902314995831434
0.6905571321354985
0.6908828302298602
0.6912085938812892
0.6915344231156644
0.6918603179694223
0.6921862784893101
0.6925123047322248
0.6928383967649722
0.6931645546641785
0.6934907785161546
0.6938170684168682
0.6941434244719311
0.6944698467965021
0.6947963355148795
0.6951228907594635
0.6954495126692062
0.6957762013881978
0.6961029570654467
0.6964297798559488
0.6967566699223595
0.6970836274365734
0.6974106525821919
0.6977377455607525
0.6980649066110987
0.6983921360644879
0.6987194341445913
0.6990468002752851
0.6993742353366751
0.6997017396171173
0.7000293132477728
0.7003569563914055
0.7006846693790251
0.7010124524674546
0.7013403058857803
0.7016682298793273
0.7019962247028674
0.7023242906165023
0.7026524278845122
0.7029806367752772
0.703308917561424
0.7036372705199563
0.7039656959322816
0.7042941940841173
0.7046227652653425
0.704951409871171
0.7052801280820682
0.7056089201945058
0.7059377865153439
0.7062667273532657
0.7065957430175446
0.7069248338163633
0.707254000052861
0.7075832420169599
0.7079125599638584
0.7082419541483681
0.7085714251086919
0.7089009736531742
0.7092305994271362
0.7095603039484776
0.709890086902809
0.7102199479949316
0.7105498875669717
0.7108799061123038
0.7112100040447407
0.7115401817472686
0.7118704395891299
0.7122007779328616
0.712531197137289
0.7128616975556215
0.7131922795380679
0.7135229434361097
0.7138536896025404
0.714184518391364
0.7145154301576863
0.7148464252576211
0.7151775040482049
0.715508666887307
0.7158399141335581
0.7161712461462775
0.7165026632853971
0.7168341659113969
0.7171657543852443
0.7174974290683215
0.71782919032237
0.718161038509416
0.7184929739917222
0.7188249971317037
0.7191571082918679
0.719489307834742
0.7198215961227958
0.7201539735183682
0.7204864403835908
0.7208189970803435
0.7211516439702403
0.7214843814147193
0.7218172097753126
0.7221501294142112
0.7224831406950509
0.7228162439740938
0.7231494395779183
0.7234827278223892
0.7238161089943838
0.7241495832613452
0.7244831510674381
0.7248168144787036
0.7251505725315954
0.7254844251015813
0.7258183726740688
0.7261524155995992
0.7264865545847121
0.7268207906397168
0.7271551232120855
0.7274895525996713
0.7278240792734478
0.7281587036447672
0.728493426097194
0.7288282469990305
0.7291631667037926
0.7294981855624046
0.7298333039254367
0.7301685221430547
0.7305038405649593
0.7308392595403169
0.7311747794176952
0.7315104005450155
0.7318461232694966
0.732181947937635
0.7325178748951621
0.7328539044870487
0.7331900370574681
0.7335262729498233
0.7338626125067217
0.7341990560699273
0.734535603980337
0.7348722565777225
0.7352090142002499
0.735545877183645
0.7358828458621962
0.73621992059133
0.7365570991650079
0.7368943883802301
0.7372317836588707
0.7375692854711451
0.7379068949568087
0.7382446124327268
0.7385824382325117
0.7389203726873332
0.7392584161254044
0.7395965688723053
0.7399348312507222
0.7402732035794148
0.7406116861716653
0.7409502793338316
0.7412889833661895
0.7416277985677215
0.7419667252432772
0.7423057637074824
0.74264491428232
0.7429841772912766
0.7433235530554144
0.7436630418919368
0.7440026441141993
0.7443423600326373
0.7446821899552185
0.745022134226836
0.7453621931360128
0.7457023669750943
0.7460426560457062
0.7463830606480064
0.746723581080743
0.747064217641275
0.7474049706256466
0.7477458403285452
0.7480868270433851
0.748427931062305
0.74876915267619
0.7491104921746923
0.7494519498462497
0.7497935259781059
0.7501352208563211
0.7504770347657885
0.7508189679902476
0.7511610208122974
0.7515031935133842
0.7518454863738581
0.7521878996729394
0.752530433688758
0.7528730886983424
0.7532158649776876
0.7535587628017486
0.7539017824445113
0.7542449241790655
0.7545881882777474
0.7549315750123535
0.7552750846544145
0.7556187174757645
0.7559624737492973
0.7563063537502536
0.7566503577580447
0.7569944860586882
0.7573387389466285
0.7576831167219582
0.7580276196737257
0.7583722481018984
0.7587170015466188
0.7590618802315671
0.7594068851472283
0.7597520165520009
0.7600972746308885
0.7604426596146266
0.7607881717738794
0.7611338114398026
0.7614795784582873
0.7618254728729215
0.7621714955864124
0.7625176467536809
0.7628639265563097
0.7632103352107822
0.7635568729450646
0.7639035399905855
0.7642503365792583
0.7645972629421321
0.7649443193089139
0.7652915059091233
0.765638822978285
0.7659862707743896
0.766333849577769
0.7666815596483599
0.7670294012420762
0.7673773745708351
0.7677254798266562
0.7680737172179114
0.7684220869648426
0.7687705892919015
0.7691192244244095
0.7694679925872677
0.7698168940043996
0.7701659288985687
0.7705150974912041
0.7708644000021676
0.7712138366495495
0.771563407649158
0.7719131132141387
0.7722629535539918
0.7726129288736521
0.7729630393730246
0.7733132852502088
0.7736636667323651
0.7740141843303581
0.7743648429224024
0.7747156296478909
0.7750665552008089
0.7754176190521267
0.7757688199416228
0.7761201579321668
0.7764716332224297
0.7768232460334845
0.7771749965923759
0.7775268851298125
0.7778789118772302
0.778231077059487
0.7785833808865883
0.7789358235522883
0.7792884053286109
0.7796411263743573
0.7799939867510345
0.7803469866547541
0.7807001262897412
0.781053405864029
0.7814068255869305
0.7817603856676553
0.7821140863145266
0.782467927734256
0.7828219101255751
0.7831760336793138
0.7835302985855492
0.7838847050339931
0.7842392532139711
0.784593943314385
0.7849487755236726
0.7853037500297639
0.7856588670200364
0.7860141266812937
0.7863695291997097
0.7867250747608346
0.7870807635495448
0.787436595750048
0.787792571545848
0.7881486911197355
0.7885049546537228
0.7888613623290345
0.7892179143259419
0.789574610823596
0.7899314519997266
0.7902884380299218
0.7906455690868363
0.7910028453385785
0.7913602669479441
0.7917178340779265
0.7920755468524385
0.7924334047789406
0.792791409097629
0.7931495610380458
0.7935078586686697
0.7938663024902304
0.7942248913309441
0.7945836308070258
0.7949425158467106
0.7953015477361245
0.7956607263207844
0.7960200541189667
0.7963795292178965
0.7967391519267515
0.7970989226947514
0.7974588416956996
0.7978189090947336
0.7981791250566337
0.7985394897456763
0.7989000033258307
0.7992606659608456
0.7996214778145047
0.7999824390505506
0.8003435498327326
0.800704810323734
0.8010662206814253
0.8014277810487918
0.8017894915450691
0.8021513522679575
0.8025133633659449
0.8028755250454912
0.8032378374958065
0.8036003008857123
0.8039629153749607
0.8043256811194681
0.8046885982732264
0.8050516669890693
0.805414887418975
0.8057782597141807
0.8061417840252142
0.8065054605019617
0.806869289293623
0.8072332705488068
0.8075974044830583
0.8079616911988915
0.808326130832846
0.8086907235309244
0.8090554694384431
0.809420368700019
0.8097854214595752
0.8101506278603526
0.8105159880449039
0.8108815021550896
0.8112471703320637
0.811612992716248
0.8119789694472859
0.8123451006639814
0.8127113865042042
0.813077827104761
0.8134444226012898
0.8138111731283258
0.8141780788205251
0.8145451398204482
0.8149123563374446
0.815279729818096
0.8156472584006946
0.8160149407241064
0.8163827805335224
0.8167507766265525
0.8171189290370595
0.8174872378865163
0.8178557033168496
0.818224325484218
0.8185931045682034
0.8189620408003578
0.8193311346835559
0.8197003867409047
0.8200697973484226
0.8204393626014383
0.8208090828422571
0.8211789611636565
0.8215489984022522
0.8219191943931593
0.8222895488056918
0.8226600616420308
0.8230307329680671
0.8234015628784105
0.8237725514817951
0.824143698894404
0.824515005236669
0.8248864706318091
0.8252580952055037
0.8256298790866493
0.8260018224097826
0.826373925320503
0.826746187986959
0.8271186106228186
0.8274911935207843
0.827863937164718
0.8282368412573398
0.8286099049661859
0.8289831276880147
0.8293565114422389
0.8297300560340548
0.8301037614750268
0.8304776279026954
0.8308516554502203
0.8312258442241454
0.8316001943210368
0.8319747058408558
0.8323493789441256
0.8327242137534355
0.833099210383587
0.833474368973004
0.8338496896570767
0.8342251725643971
0.8346008178155736
0.8349766255242488
0.8353525957989817
0.8357287287448234
0.8361050244639071
0.8364814830543079
0.8368581046055273
0.837234889186355
0.837611836826283
0.8379889480920448
0.8383662230509666
0.8387436618295854
0.8391212640148189
0.8394990301479583
0.8398769600251556
0.8402550538507274
0.8406333117971523
0.8410117340211932
0.8413903206871985
0.8417690719565001
0.8421479879651897
0.8425270688256138
0.8429063146472552
0.8432857255429329
0.8436653016167347
0.8440450429554635
0.8444249496354463
0.8448050217355775
0.8451852593445242
0.8455656625613008
0.845946231654912
0.8463269664884965
0.8467078671840048
0.8470889338905115
0.8474701667544136
0.8478515659200021
0.8482331315231039
0.8486148636754798
0.8489967624843953
0.8493788280577209
0.8497610605038501
0.8501434599316211
0.8505260264502107
0.8509087601690506
0.8512916611977518
0.8516747296460394
0.8520579656236811
0.8524413692404431
0.8528249406060413
0.8532086798300937
0.8535925870221055
0.8539766622914627
0.8543609057473147
0.8547453174985912
0.855129897654033
0.8555146463221555
0.8558995636112002
0.8562846496291937
0.8566699044838966
0.8570553282827894
0.8574409211331152
0.8578266831418477
0.8582126144157389
0.8585987150612565
0.8589849851846617
0.8593714248919706
0.8597580342890108
0.8601448134813798
0.8605317625745309
0.8609188816736901
0.8613061708839895
0.861693630310369
0.862081260057698
0.8624690602307159
0.862857030935833
0.8632451722994448
0.8636334843995203
0.8640219673396629
0.864410621223493
0.864799446154727
0.8651884422372693
0.8655776095753328
0.865966948273625
0.8663564584375855
0.8667461401737104
0.8671359936221479
0.867526018876283
0.8679162160390449
0.8683065852253352
0.8686971265555756
0.8690878401584203
0.8694787261745575
0.869869784758565
0.8702610160575932
0.8706524200250381
0.871043996122265
0.8714357451732468
0.8718276644486133
0.8722197593469151
0.8726120261251816
0.8730044659366825
0.8733970789872229
0.8737898654996406
0.8741828256062565
0.874575959401343
0.8749692669746966
0.8753627484178422
0.875756403824085
0.8761502332854065
0.8765442368862635
0.876938414694964
0.8773327667681073
0.8777272931955565
0.8781219941529418
0.8785168698650105
0.8789119200982576
0.8793071442796363
0.879702543354879
0.8800981175533461
0.8804938669429458
0.8808897916160302
0.8812858916933108
0.8816821673359907
0.8820786187931984
0.8824752462928004
0.8828720479566368
0.8832690254677386
0.8836661793057566
0.8840635089122613
0.8844610139942579
0.8848586952194447
0.8852565528100923
0.8856545868058024
0.8860527972588365
0.8864511842470143
0.8868497478675609
0.887248488230845
0.8876474054574285
0.8880464996824626
0.8884457710787235
0.8888452199527511
0.8892448473526747
0.8896446525105142
0.8900446291402059
0.8904447860845284
0.8908451212223084
0.8912456342164907
0.89164632507613
0.8920471938660457
0.8924482406684033
0.892849465571963
0.8932508686682643
0.8936524500500689
0.8940542098106345
0.8944561480433905
0.8948582648417577
0.8952605602990508
0.8956630345084402
0.8960656875629586
0.8964685195554521
0.8968715305786471
0.8972747207251234
0.897678090087364
0.8980816387577831
0.8984853668287183
0.898889274392524
0.8992933615415319
0.8996976283681474
0.9001020749648411
0.9005067014241736
0.9009115078388716
0.9013164943017865
0.9017216609841937
0.9021270079086183
0.9025325351253177
0.9029382427335502
0.9033441308330081
0.9037501995237374
0.9041564489061894
0.9045628790811724
0.9049694901498243
0.9053762822135742
0.905783255372031
0.9061904097188268
0.9065977453465394
0.9070052623478224
0.9074129608154291
0.9078208408422112
0.908228902521128
0.9086371459452341
0.9090455712076837
0.9094541784017081
0.909862967620621
0.9102719389577915
0.9106810925066496
0.911090428360664
0.9114999466133361
0.9119096473581848
0.9123195306887385
0.9127295966985247
0.9131398454810812
0.9135502771299044
0.913960891738498
0.9143716894003271
0.9147826702088265
0.9151938342574059
0.9156051816394395
0.9160167124482554
0.9164284267772037
0.9168403247195145
0.9172524063684141
0.9176646718171101
0.9180771211587822
0.9184897544865763
0.918902571893651
0.9193155734731103
0.919728759318097
0.9201421295217346
0.9205556841771765
0.9209694233775845
0.9213833472161816
0.9217974557862219
0.9222117491810367
0.9226262274940116
0.9230408908186504
0.9234557392485154
0.9238707728772687
0.9242859917986059
0.924701396106215
0.9251169858935873
0.9255327612537557
0.9259487222785469
0.9263648690574832
0.9267812016755672
0.9271977202096074
0.9276144247244184
0.9280313152798316
0.9284483919645321
0.9288656549081592
0.9292831042381511
0.9297007400577681
0.9301185624270104
0.9305365699228039
0.930954767325584
0.9313731501901765
0.9317917202665292
0.9322104765223507
0.9326294207509149
0.9330485506073836
0.9334678682042695
0.9338873733606269
0.9343070660668327
0.9347269463748631
0.9351470143544377
0.9355672700828137
0.9359877136417188
0.9364083451163882
0.9368291645952428
0.937250172169525
0.9376713679327677
0.9380927519801083
0.938514324407409
0.938936085310841
0.9393580347863819
0.9397801729295355
0.9402024998351776
0.9406250155975668
0.9410477203103108
0.9414706140664889
0.9418936969586618
0.9423169690790341
0.9427404305194543
0.9431640813715431
0.9435879217267409
0.9440119516813429
0.9444361713964581
0.9448605808946513
0.9452851802658073
0.9457099695996435
0.9461349489857767
0.9465601185137393
0.9469854782730256
0.9474110283531327
0.947836768843623
0.9482626998342023
0.9486888214148648
0.9491151336761314
0.9495416367095115
0.949968330608413
0.950395215470107
0.9508222914002545
0.9512495585246626
0.9516770170259454
0.9521046675297328
0.9525325105492856
0.9529605424653912
0.953388764589051
0.9538171796558422
0.9542457870769352
0.9546745865462317
0.9551035780618731
0.9555327616730965
0.9559621374494612
0.9563917054698468
0.956821465817931
0.9572514185800305
0.957681563844068
0.9581119016989686
0.9585424322343498
0.9589731555402912
0.959404071707235
0.9598351808258694
0.960266482987084
0.9606979782819233
0.9611296668015092
0.9615615486370723
0.9619936238798722
0.9624258926211862
0.9628583549523
0.9632910109644451
0.9637238607488097
0.9641569043964955
0.9645901419984707
0.9650235736455929
0.9654571994285062
0.9658910194376793
0.9663250337632863
0.9667592424952449
0.9671936457231294
0.967628243536153
0.9680630360231318
0.9684980232725126
0.9689332053723974
0.9693685824107333
0.9698041544757317
0.970239921656642
0.9706758840456329
0.9711120417416385
0.971548394858727
0.9719849435422839
0.9724216879790168
0.9728586283013496
0.9732957644820905
0.9737330965576775
0.9741706254910448
0.9746083497715718
0.9750462701651113
0.9754843867710614
0.97592269968721
0.9763612090105321
0.976799914837657
0.9772388172650599
0.9776779163891235
0.9781172123061206
0.9785567051122339
0.9789963949032738
0.9794362817748034
0.9798763658221005
0.9803166471401048
0.9807571258234411
0.9811978019664215
0.9816386756630954
0.9820797470072542
0.9825210160925045
0.9829624830123237
0.9834041478600567
0.9838460107290585
0.9842880717127038
0.9847303309044807
0.9851727883980743
0.9856154442874994
0.9860582986672096
0.9865013516323348
0.9869446032789614
0.9873880537045407
0.9878317030086543
0.9882755512940712
0.9887195986688686
0.9891638452500437
0.989608291170521
0.9900529365925621
0.9904977817262389
0.9909428267101111
0.99138807038221
0.9918335133063166
0.9922791552063192
0.9927249961207315
0.9931710373766902
0.9936172790028255
0.994063720970013
0.994510363582931
0.9949572066688258
0.9954042502696597
0.995851494449435
0.9962989392804207
0.9967465848402842
0.9971944312103624
0.9976424784745942
0.998090726718813
0.9985391760302649
0.9989878264972962
0.9994366782091417
0.9998857312556899
1.0003349857274209
1.0007844417152763
1.001234099310585
1.0016839586049981
1.0021340196904331
1.0025842826590268
1.0030347476030688
1.00348541461505
1.0039362837874812
1.0043873552129923
1.0048386289841873
1.0052901051936827
1.0057417839340241
1.0061936652976462
1.006645749376812
1.007098036263578
1.007550526049776
1.0080032188269628
1.0084561146865503
1.0089092137200726
1.009362516019933
1.0098160216811118
1.0102697308046868
1.0107236435037088
1.0111777599091976
1.0116320801651477
1.0120866044005403
1.0125413326938912
1.0129962650883981
1.0134514016302232
1.013906742382672
1.0143622874253806
1.0148180368479398
1.015273990744685
1.0157301492272413
1.0161865124146912
1.016643080467265
1.0170998533417266
1.017556831137586
1.01801401395473
1.0184714018933427
1.0189289950540312
1.019386793537876
1.0198447974465052
1.0203030068822092
1.0207614219475896
1.0212200427396239
1.0216788693509877
1.022137901874298
1.0225971404022078
1.0230565850274018
1.023516235842576
1.0239760929404176
1.024436156413573
1.0248964263546145
1.0253569028560003
1.0258175860100114
1.0262784759087242
1.026739572643933
1.027200876307106
1.0276623869893218
1.0281241047812388
1.0285860297730742
1.0290481620548033
1.029510501715883
1.0299730488459213
1.0304358035351397
1.03089876587564
1.031361935964029
1.0318253139084135
1.0322888998514848
1.0327526940252683
1.0332166957131188
1.0336809109858673
1.0341453301309174
1.0346099545346559
1.0350747913681297
1.0355398371591578
1.0360050922801596
1.0364705565190286
1.0369362301420992
1.0374021130645783
1.0378682024604162
1.0383345008848264
1.0388010090707247
1.039267720577384
1.0397346479120106
1.0402017848424683
1.0406691314665288
1.0411366878826323
1.0416044541899803
1.0420724304883686
1.042540616875002
1.0430090134441434
1.0434776202899525
1.0439464375065735
1.044415465188192
1.0448847034291115
1.0453541523238177
1.0458238119665164
1.0462936824522717
1.0467637638758451
1.0472340563320817
1.0477045599164765
1.0481752747239115
1.0486462008512074
1.0491173383907098
1.0495886874408131
1.0500602480980903
1.0505320204592707
1.0510040046211389
1.0514762006806913
1.0519486087358236
1.052421228882598
1.0528940612204871
1.0533671058449536
1.0538403628562458
1.0543138323511219
1.0547875144283405
1.055261409186154
1.0557355167236169
1.0562098371383284
1.0566843705277715
1.0571591169932288
1.0576340766310437
1.058109249540736
1.0585846358217754
1.059060235570439
1.0595360488870869
1.0600120758687834
1.0604883166145322
1.0609647712223993
1.0614414397904475
1.0619183224166568
1.062395419198517
1.0628727302337977
1.063350255620001
1.0638279954545296
1.0643059498345968
1.0647841188568166
1.0652625026189213
1.0657411012167202
1.066219914746898
1.0666989433066256
1.0671781869914092
1.067657645898634
1.0681373201223467
1.068617209759962
1.0690973149069662
1.0695776356594544
1.0700581721119573
1.0705389243612247
1.0710198925027943
1.0715010766330089
1.0719824768460606
1.0724640932375322
1.0729459259044143
1.0734279749429585
1.0739102404463847
1.0743927225132024
1.0748754212380918
1.0753583367181347
1.0758414690494544
1.076324818329049
1.0768083846529042
1.077292168118834
1.07777616882476
1.0782603868674665
1.07874482234501
1.0792294753558351
1.0797143459991914
1.0801994343734935
1.0806847405781186
1.0811702647132166
1.0816560068789622
1.0821419671759351
1.0826281457053908
1.0831145425689535
1.0836011578686646
1.0840879917048722
1.0845750441754316
1.0850623153780703
1.0855498054105697
1.0860375143707506
1.0865254423565212
1.0870135894659256
1.0875019557972352
1.0879905414485833
1.0884793465184235
1.0889683711054132
1.0894576153082751
1.0899470792255461
1.0904367629565848
1.0909266666004265
1.0914167902568734
1.0919071340239108
1.0923976980026864
1.0928884822925686
1.0933794869927682
1.0938707122037652
1.0943621580253424
1.094853824558501
1.0953457119012335
1.0958378201562753
1.0963301494231774
1.0968226998030264
1.097315471395374
1.0978084643014416
1.0983016786227864
1.0987951144590662
1.0992887719108855
1.0997826510793984
1.1002767520660146
1.1007710749725543
1.1012656198970057
1.1017603869425985
1.1022553762096943
1.1027505877987545
1.1032460218120113
1.1037416783495535
1.104237557511821
1.1047336594008714
1.1052299841169677
1.1057265317616263
1.1062233024347945
1.106720296238593
1.107217513272707
1.1077149536395523
1.10821261743857
1.1087105047711965
1.1092086157386072
1.109706950440932
1.1102055089794463
1.110704291455127
1.11120329796862
1.1117025286206366
1.1122019835121293
1.1127016627439048
1.1132015664167945
1.1137016946315619
1.1142020474891712
1.1147026250901917
1.115203427535871
1.1157044549268096
1.1162057073643439
1.1167071849484105
1.1172088877813342
1.117710815962714
1.1182129695944278
1.1187153487775505
1.119217953611937
1.1197207842007222
1.1202238406432838
1.1207271230418223
1.1212306314967042
1.1217343661103123
1.122238326983026
1.1227425142164036
1.1232469279120314
1.1237515681713277
1.1242564350962039
1.1247615287874644
1.1252668493466607
1.1257723968759579
1.12627817147714
1.126784173250596
1.1272904023000119
1.1277968587258844
1.1283035426304933
1.1288104541158983
1.1293175932831878
1.1298249602351291
1.1303325550729775
1.1308403778989127
1.1313484288149083
1.1318567079230546
1.1323652153253436
1.1328739511231558
1.1333829154187007
1.133892108313531
1.1344015299104284
1.134911180310276
1.135421059613615
1.135931167923032
1.1364415053384391
1.1369520719619308
1.137462867891286
1.1379738932266181
1.1384851480659315
1.1389966325059533
1.1395083466406184
1.1400202905628722
1.1405324643606458
1.1410448681173286
1.1415575019142017
1.1420703658327165
1.142583459988812
1.143096784691174
1.1436103409975957
1.1441241279513303
1.1446381470676172
1.1451523942496444
1.1456668724163293
1.1461815825890964
1.1466965240843292
1.1472116973037776
1.1477271022192248
1.1482427386705998
1.148758606660256
1.1492747062665312
1.1497910375936844
1.1503076007535935
1.1508243958567599
1.1513414230160066
1.1518586823394328
1.1523761739349627
1.1528938979083903
1.1534118543621257
1.1539300433963524
1.154448465112998
1.1549671196179465
1.1554860070498285
1.156005127605016
1.1565244815103795
1.1570440688752033
1.1575638896617897
1.158083943835493
1.1586042314114096
1.1591247524514734
1.159645507353699
1.1601664968800627
1.160687720556885
1.1612091781189031
1.1617308697213582
1.1622527955354307
1.1627749557005964
1.1632973503425315
1.163819979577838
1.164342843519302
1.1648659422794423
1.1653892759701734
1.1659128447036649
1.1664366485907547
1.166960687736916
1.1674849622475603
1.1680094722300034
1.1685342177943152
1.1690591990536319
1.1695844161246232
1.1701098690901492
1.170635557953374
1.1711614828476375
1.1716876439125732
1.1722140412657516
1.172740675018279
1.1732675452777863
1.1737946521489027
1.1743219957374158
1.1748495761498234
1.1753773934923548
1.1759054478709252
1.176433739394174
1.1769622681674812
1.177491034298439
1.1780200378959536
1.17854927906715
1.1790787579197946
1.17960847456299
1.1801384291036536
1.1806686216513635
1.1811990523143885
1.1817297211997921
1.1822606284179724
1.18279177407373
1.1833231582782895
1.183854781138443
1.1843866427608223
1.1849187432530073
1.1854510827230038
1.1859836612772576
1.1865164790221943
1.1870495360639743
1.1875828325087303
1.188116368461817
1.1886501440287454
1.189184159314474
1.1897184144235289
1.190252909460247
1.1907876445291279
1.191322619733204