0.010000000000000004	0.010001342978611504
0.010092715146305721	0.010094092497750198
0.010186289902446879	0.010187702456072912
0.01028073223830866	0.010282180842969342
0.01037605019766912	0.010377535722175793
0.010472251898884356	0.010473775232470794
0.010569345535579887	0.010570907588377133
0.010667339377348583	0.01066894108087072
0.010766241770454935	0.010767884078096004
0.01086606113854598	0.010867745026088317
0.010966805983368686	0.010968532449502941
0.011068484885494131	0.011070254952351217
0.011171106505048243	0.011172921218743512
0.011274679582449472	0.011276540013639369
0.01137921293915315	0.011381120183604654
0.0114847154784029	0.011486670657576022
0.011591196185988856	0.011593200447632514
0.01169866413101308	0.011700718649774637
0.011807128466661902	0.011809234444710694
0.011916598430985597	0.011918757098650756
0.012027083347685118	0.012029295964108037
0.012138592626906286	0.012140860480708046
0.012251135766041187	0.012253460176005291
0.012364722350537158	0.012367104666307936
0.01247936205471312	0.012481803657510152
0.012595064642583585	0.012597566945932514
0.012711839968690295	0.012714404419170421
0.012829697978941483	0.012832326056950503
0.012948648711459055	0.01295134193199537
0.01306870229743347	0.013071462210896447
0.013189868961986711	0.013192697154995332
0.013312159025043083	0.013315057121273403
0.013435582902208266	0.013438552563249932
0.013560151105656339	0.013563194031886869
0.013685874245025195	0.013688992176504957
0.013812763028320098	0.013815957745708988
0.013940828262825788	0.013944101588320816
0.014070080856026852	0.014073434654321041
0.014200531816536834	0.014203967995799944
0.014332192255035741	0.014335712767917296
0.014465073385216472	0.01446868022987156
0.014599186524739788	0.014602881745878201
0.014734543096198358	0.014738328786157533
0.014871154628089538	0.01487503292793188
0.015009032755797364	0.015013005856432459
0.01514818922258347	0.015152259365915771
0.015288635880587308	0.015292805360689854
0.015430384691835658	0.015434655856150415
0.015573447729261348	0.015577822979826753
0.01571783717773164	0.015722318972437983
0.015863565335085907	0.015868156188959162
0.01601064461318319	0.01601534709969793
0.016159087538959185	0.01616390429138124
0.016308906755493336	0.01631384046825287
0.016460115023085507	0.016465168453181203
0.016612725220342937	0.016617901188777963
0.016766750345277002	0.016772051738527517
0.01692220351641038	0.016927633287927284
0.017079097973894276	0.01708465914563897
0.017237447080636206	0.017243142744651146
0.017397264323438015	0.017403097643452825
0.017558563314144696	0.017564537527218663
0.017721357790803607	0.01772747620900541
0.017885661618834623	0.01789192763096009
0.018051488792211086	0.01805790586553993
0.018218853434651672	0.018225425116744024
0.01838776980082328	0.018394499721356955
0.01855825227755519	0.018565144150202093
0.018730315385064377	0.01873737300940634
0.018903973778192217	0.018911201041683885
0.019079242247652662	0.019086643127628866
0.019256135721291985	0.01926371428702005
0.01943466926536022	0.019442429680138172
0.01961485808579431	0.019622804609095983
0.01979671752951334	0.019804854519181403
0.019980263085725505	0.01998859500021347
0.02016551038724748	0.020174041787911733
0.020352475211835773	0.020361210765278717
0.02054117348353066	0.020550117963996105
0.020731621274012315	0.020740779565834238
0.020923834803969782	0.020933211904075617
0.021117830444482445	0.021127431464952093
0.02131362471841439	0.021323454889096188
0.021511234301821672	0.02152129897300651
0.02171067602537266	0.02172098067052757
0.021911966875781497	0.021922517094343986
0.022115123997254897	0.02212592551748936
0.022320164692952345	0.022331223374869907
0.022527106426459814	0.02253842826480299
0.022735966823277172	0.0227475579505708
0.02294676367231937	0.022958630361989214
0.02315951492743154	0.023171663596992097
0.023374238708918155	0.023386675923231178
0.023590953305086357	0.023603685779691633
0.023809677173803587	0.023822711778323614
0.024030428944069697	0.024043772705689824
0.024253227417603534	0.02426688752462787
0.024478091570444428	0.024492075375923208
0.024705040554568257	0.02471935558000981
0.024934093699518805	0.02494874763868571
0.025165270514053928	0.02518027123684219
0.025398590687807265	0.025413946244210225
0.02563407409296516	0.025649792717123917
0.025871740785959236	0.025887830900301362
0.026111611009174605	0.02612808122864301
0.02635370519267395	0.026370564329047774
0.02659804395593759	0.026615301022246997
0.026844648109619645	0.026862312324656534
0.02709353865732052	0.027111619450247072
0.027344736797375816	0.02736324381243295
0.027598263924661807	0.027617207025979622
0.02785414163241768	0.027873530908929953
0.028112391714084643	0.028132237484549585
0.02837303616516213	0.02839334898329158
0.028636097185081172	0.028656887844780474
0.0289015971790951	0.02892287671981596
0.02916955876018797	0.02919133847239664
0.02944000475100035	0.029462296181763513
0.029712958185773353	0.029735773144464156
0.02998844231231029	0.03001179287643703
0.03026648059395693	0.030290379115116912
0.030547096711599688	0.03057155582156088
0.030830314565682776	0.030855347182595885
0.03111615827824362	0.03114177761298734
0.031404652194967526	0.031430871757629694
0.031695820887261174	0.03172265449375798
0.03198968915434538	0.03201715093317043
0.03228628202536732	0.032314386424484746
0.03258562476153226	0.0326143865554241
0.03288774285825512	0.03291717715511727
0.03319266204733189	0.03322278429642125
0.03350040829913134	0.03353123429826688
0.03381100782480685	0.03384255372802782
0.03412448707852891	0.03415676940391296
0.03444087275973823	0.03447390839738268
0.0347601918154198	0.03479399803558905
0.035082471442397914	0.03511706590384022
0.03540773908965272	0.03544313984808955
0.03573602246065787	0.03577224797744906
0.0360673495157403	0.036104418666728436
0.0364017484744614	0.036439680558998676
0.03673924781802076	0.036778062568181856
0.03707987629168171	0.03711959388166614
0.037423662907219823	0.037464303962947296
0.03777063694539368	0.03781222255429611
0.038120827958438894	0.03816337967945275
0.03847426577258505	0.03851780564634775
0.038830980490596065	0.03887553104985021
0.039191002494334055	0.03923658677454343
0.03955436244734703	0.03960100399752822
0.039921091297480525	0.039968814191254226
0.040291220279513484	0.040340049126379535
0.04066478091781857	0.04071474087465751
0.0410418050290471	0.04109292181183473
0.04142232472483896	0.04147462462059796
0.041806372414557584	0.04185988229355992
0.042193980808050285	0.042248728136260974
0.04258518291843415	0.042641195770199966
0.04298001206490798	0.04303731913589519
0.043378501875589885	0.043437132495975035
0.043780686290381704	0.04384067043829966
0.04418659956385941	0.04424796787911271
0.044596276268190946	0.04465906006622472
0.04500975129608046	0.045073982582227085
0.04542705986374046	0.04549277134773826
0.04584823751389095	0.04591546262468124
0.04627332011878692	0.04634209301959365
0.04670234388327336	0.04677269948696981
0.0471353453478691	0.04720731933263601
0.0475723613918789	0.04764599021715837
0.048013429236534524	0.048088750159284266
0.048458586448164954	0.048535637539417316
0.04890787094139592	0.0489866911031262
0.049361320982379164	0.04944194996468783
0.04981897519205162	0.04990145361066485
0.050280872549424795	0.05036524190351817
0.05074705239490468	0.050833355085254446
0.051217554433642426	0.0513058337811091
0.051692418738916	0.05178271900326495
0.0521716857555435	0.05226405215459319
0.052655396303327565	0.052749875032414045
0.05314359158053242	0.05324022983234849
0.05363631316739241	0.0537351591521822
0.054133603029653816	0.05423470599576002
0.054635503522148764	0.054738913776916254
0.05514205739240302	0.05524782632344273
0.05565330778427646	0.055761487881093086
0.05616929824163809	0.0562799431176253
0.05669007271207436	0.05680323712688098
0.05721567555063251	0.05733141543290318
0.057746151523598216	0.057864523994091796
0.05828154581230845	0.05840260920739746
0.05882190401699958	0.05894571791255377
0.059367272160691244	0.0594938973963483
0.059917696693106204	0.06004719539693247
0.06047322449462647	0.06060566010817045
0.06103390288028622	0.06116934018402742
0.06159977960380166	0.06173828474299726
0.0621709028616383	0.06231254337256986
0.06274732129711579	0.0628921661337382
0.06332908400455117	0.06347720356554569
0.06391624053344003	0.06406770668967314
0.06450884089267696	0.06466372701506667
0.06510693555481457	0.06526531654260535
0.06571057546036273	0.06587252776979552
0.06631981202212671	0.06648541369546618
0.06693469712958662	0.06710402782459145
0.06755528315331642	0.06772842417312536
0.06818162294944481	0.06835865727286111
0.06881376986415667	0.0689947821763291
0.06945177773823698	0.06963685446173482
0.07009570091165622	0.07028493023793586
0.07074559422819879	0.07093906614945832
0.071401513040134	0.07159931938155221
0.07206351321293053	0.07226574766528603
0.07273165113001458	0.0729384092826799
0.07340598369757212	0.07361736307187777
0.07408656834939563	0.07430266843235754
0.07477346305177587	0.07499438533017987
0.0754667263084389	0.07569257430327453
0.07616641716552891	0.07639729646676463
0.07687259521663731	0.07710861351832804
0.07758532060787834	0.07782658774359584
0.07830465404301185	0.07855128202158726
0.07903065678861346	0.07928275983018086
0.07976339067929278	0.0800210852516213
0.08050291812295982	0.08076632297806134
0.08124930210614052	0.08151853831713868
0.08200260619934131	0.08227779719758418
0.08276289456246348	0.08304416617480058
0.08353023195026779	0.08381771243651592
0.08430468371788971	0.08459850380853755
0.0850863158264058	0.08538660876047571
0.08587519484845174	0.08618209641149216
0.08667138797389232	0.08698503653607534
0.08747496301554418	0.08779549956984206
0.08828598841495149	0.08861355661536345
0.08910453324821514	0.08943927944801461
0.0899306672318762	0.09027274052184651
0.09076446072885358	0.09111401297547847
0.09160598475443706	0.09196317063801016
0.09245531098233571	0.09282028803495126
0.09331251175078245	0.09368544039416728
0.09417766006869518	0.09455870365183976
0.09505082962189507	0.09544015445843917
0.0959320947793824	0.0963298701847083
0.09682153059967084	0.09722792892765461
0.09771921283718	0.09813440951654873
0.09862521794868782	0.09904939151892785
0.09953962309984236	0.09997295524660078
0.1004625061717341	0.10090518176165277
0.10139394576752919	0.10184615288244721
0.1023340212191642	0.10279595118959446
0.10328281259410287	0.1037546600318279
0.10424040070215565	0.10472236353203353
0.1052068671023623	0.10569914659321746
0.10618229410993842	0.10668509490441917
0.10716676480328634	0.10768029494659995
0.10816036303107099	0.1086848339985025
0.10916317341936146	0.10969880014247832
0.11017528137883867	0.11072228227027787
0.11119677311206988	0.11175537008879984
0.11222773562085075	0.11279815412579453
0.11326825671361536	0.11385072573551677
0.11431842501291495	0.11491317710432329
0.11537832996296606	0.11598560125620942
0.11644806183726858	0.1170680920582795
0.11752771174629453	0.11816074422614567
0.11861737164524787	0.11926365332924842
0.1197171343418967	0.1203769157960939
0.12082709350447766	0.1215006289194002
0.12194734366967383	0.12263489086114673
0.12307798025066652	0.12377980065751955
0.12421909954526174	0.1249354582237451
0.12537079874409202	0.126101964358805
0.12653317593889427	0.1272794207499827
0.12770633013086438	0.1284679299772176
0.12889036123908926	0.12966759551745372
0.1300853701090571	0.13087852174878162
0.1312914585212465	0.132100813954399
0.13250872919979528	0.1333345783263958
0.13373728582124958	0.13457992196935303
0.1349772330233942	0.135836952903745
0.13622867641416464	0.13710578006913327
0.1374917225806419	0.13838651332714086
0.13876647909813078	0.1396792634641946
0.14005305453932199	0.14098414219402244
0.1413515584835395	0.14230126215989328
0.14266210152607375	0.14363073693658512
0.14398479528760078	0.1449726810320671
0.14531975242368958	0.14632720988888157
0.14666708663439681	0.1476944398852096
0.1480269126739509	0.1490744883356047
0.14939934636052574	0.15046747349137782
0.15078450458610515	0.1518735145406169
0.15218250532643865	0.15329273160782195
0.15359346765108972	0.1547252457531386
0.15501751173357697	0.1561711789712087
0.1564547588616096	0.15763065418956465
0.1579053314474175	0.15910379526640545
0.15936935303817745	0.16059072698801172
0.1608469483265356	0.1620915750656789
0.1623382431612278	0.1636064661321235
0.16384336455779838	0.16513552773733883
0.16536244070941802	0.16667888834387484
0.16689560099780237	0.1682366773215174
0.1684429760042315	0.16980902494133948
0.17000469752067168	0.17139606236909757
0.17158089856100045	0.17299792165794442
0.17317171337233533	0.17461473574042818
0.17477727744646812	0.17624663841974852
0.17639772753140445	0.17789376436023632
0.1780332016430114	0.17955624907702653
0.17968383907677202	0.18123422892488733
0.18134978041964953	0.1829278410861732
0.1830311675620612	0.18463722355786358
0.1847281437099634	0.18636251513765065
0.1864408533970486	0.18810385540903657
0.18816944249705553	0.1898613847255552
0.18991405823619342	0.1916352441945275
0.19167484920568145	0.19342557565838728
0.19345196537440448	0.19523252167524116
0.19524555810168603	0.19705622549862467
0.19705578015017988	0.1988968310560385
0.1988827856988809	0.2007544829262179
0.20072673035625688	0.2026293263150879
0.20258777117350163	0.20452150703035465
0.2044660666579116	0.2064311714546828
0.2063617767863858	0.20835846651740575
0.20827506301905144	0.21030353966471638
0.21020608831301574	0.21226653882828128
0.2121550171362451	0.2142476123922231
0.21412201548157292	0.2162469091584107
0.21610725088083774	0.2182645783099986
0.21811089241915196	0.22030076937315204
0.22013311074930308	0.2223556321768948
0.22217407810628842	0.22442931681101375
0.22423396832198456	0.22652197358195317
0.2263129568399529	0.2286337529666602
0.22841122073038236	0.23076480556599888
0.23052893870517074	0.23291528205532747
0.23266629113314582	0.23508533312982985
0.23482346005542754	0.2372751094499153
0.23700062920093282	0.23948476158450668
0.23919798400202386	0.2417144399519187
0.2414157116103018	0.24396429475825523
0.24365400091254646	0.24623447593325115
0.24591304254680438	0.2485251330634853
0.24819302891862535	0.25083641532288786
0.2504941542174502	0.25316847140046606
0.2528166144331499	0.2555214494251695
0.25516060737271834	0.25789549688781677
0.25752633267711994	0.2602907605600027
0.25991399183829333	0.2627073864099062
0.26232378821631225	0.2651455195149155
0.2647559270567067	0.2676053039709907
0.2672106155079434	0.27008688279867804
0.26968806263906925	0.2725903978456944
0.27218847945751784	0.27511598968621165
0.27471207892708116	0.27766379752089965
0.2772590759860482	0.2802339590699685
0.2798296875655116	0.2828266104590222
0.2824241326078434	0.28544188610512
0.2850426320853434	0.2880799185993358
0.2876854090190592	0.29074083858558475
0.29035268849778134	0.29342477463566147
0.2930446976972142	0.2961318531204322
0.2957616658993253	0.2988621980771311
0.298503824511873	0.3016159310727087
0.30127140708811634	0.30439317106319025
0.3040646493467066	0.30719403424900193
0.3068837891917641	0.3100186339262289
0.3097290667331407	0.31286708033377525
0.3126007243068702	0.3157394804964008
0.31549900649580864	0.3186359380636172
0.31842416015046526	0.32155655314443016
0.32137643441002767	0.32450142213792754
0.3243560807235811	0.3274706375597499
0.3273633528715245	0.3304642878662726
0.33039850698718576	0.33348245727717063
0.33346180157863636	0.3365252255912729
0.33655349755070935	0.3395926679981186
0.3396738582272207	0.3426848548857296
0.3428231493733969	0.3458018516446514
0.3460016392185109	0.3489437184683635
0.349209598478727	0.3521105101501776
0.3524473003801584	0.35530227587675905
0.3557150206821384	0.3585190590184286
0.35901303770070686	0.3617608969164195
0.36234163233231476	0.36502782066729017
0.3657010880777489	0.36831985490471747
0.3690916910662776	0.3716370175789173
0.3725137300800209	0.37497931973397325
0.3759674965785465	0.37834676528337846
0.3794532847236938	0.3817393507841315
0.382971391404628	0.38515706520975235
0.3865221162631262	0.38859988971038106
0.39010576171909916	0.39206779736432634
0.39372263299634797	0.395560752982626
0.3973730381485607	0.39907871287944074
0.4010572880855496	0.40262162463394907
0.404775696599732	0.40618942685249676
0.4085285803928561	0.4097820489315321
0.412316259102975	0.41339941082190645
0.41613905533167067	0.41704142279516787
0.41999729467153035	0.4207079852125286
0.4238913057338778	0.42439898829724454
0.42782142017676145	0.42811431191120236
0.4317879727332021	0.43185382533657607
0.43579130123970267	0.4356173870634805
0.4398317466650222	0.4394048445846227
0.4439096531392167	0.44321603419802613
0.4480253679829488	0.4470507808189874
0.4521792417370698	0.4509088977964018
0.4563716281924757	0.4547901866290664
0.46060288442023983	0.45869443681053024
0.4648733708020256	0.4626214257571635
0.46918345106077963	0.46657091862818423
0.47353349229171154	0.47054266815072604
0.4779238649935597	0.47453641445569783
0.48235494310014665	0.478551884925661
0.48682710401222806	0.48258879405603095
0.49134072862963607	0.48664684333099645
0.4958962013837213	0.4907257211156455
0.5004939102700952	0.49482510256588197
0.5051342468816762	0.49894464955782447
0.5098176064420423	0.5030840106384852
0.5145443878390925	0.5072428209996455
0.519314993659021	0.5114207024769657
0.5241298302206057	0.515617263576497
0.5289893076098149	0.5198320995070947
0.533893839714735	0.5240647919476878
0.5388438442608221	0.5283149091727115
0.5438397428464795	0.5325820063034634
0.5488819609789668	0.536865625343896
0.5539709281106402	0.5411652952319945
0.5591070776755289	0.5454805319137485
0.5642908471262538	0.549810838441175
0.5695226779712821	0.5541557050959075
0.5748030158125352	0.5585146095399585
0.5801323103833373	0.5628870169953107
0.5855110155867238	0.5672723804541007
0.5909395895340965	0.5716701409212073
0.596418494584246	0.5760797276911733
0.6019481973827269	0.5805005586614475
0.6075291689016071	0.5849320406840497
0.6131618844795769	0.5893735699578357
0.6188468238624383	0.5938245323876794
0.6245844712439611	0.5982843035347809
0.6303753153071274	0.6027522491759703
0.6362198492657487	0.6072277258460085
0.6421185709064757	0.6117100812050764
0.6480719826311969	0.6161986544284573
0.6540805914998251	0.6206927766193653
0.6601449092734887	0.6251917712450554
0.6662654524581147	0.6296949545962623
0.6724427423484246	0.6342016362699575
0.6786773050723293	0.6387111196753107
0.6849696716357443	0.6432227025626664
0.6913203779678124	0.6477356775752241
0.6977299649665534	0.6522493328230178
0.7041989785449285	0.6567629524786479
0.7107279696773414	0.6612758173941048
0.7173174944465608	0.6657872057326143
0.7239681140910872	0.6702963934579901
0.7306803950529495	0.6748026547612108
0.7374549090259548	0.6793052626979973
0.7442922330043753	0.6838034898097647
0.7511929493320962	0.6882966087458005
0.7581576457522105	0.6927838928871495
0.7651869154570818	0.6972646169692204
0.7722813571388643	0.7017380576997747
0.7794415750404944	0.7062034943686344
0.7866681790071581	0.7106602094450548
0.7939617845382275	0.7151074891583055
0.8013230128396885	0.7195446240565851
0.8087524908770448	0.7239709095389094
0.8162508514287227	0.7283856463610162
0.82381873313996	0.7327881413659905
0.8314567805772062	0.7371777080642071
0.8391656442830151	0.7415536669058068
0.8469459808314582	0.745915345883485
0.8547984528840403	0.750262081133904
0.8627237292461447	0.7545932175065968
0.870722484923991	0.7589081090939922
0.8787954011821315	0.7632061197156547
0.88694316560147	0.7674866233492066
0.8951664721378297	0.7717490044997827
0.9034660211810521	0.7759926584991558
0.9118425196146567	0.7802169917670972
0.9202966808760406	0.7844214225451771
0.9288292250172493	0.7886053811606849
0.9374408787662993	0.7927683101308959
0.9461323755890763	0.7969096646191759
0.954904455751808	0.8010289128476235
0.9637578663841082	0.805125536449266
0.972693361542617	0.809199030751569
0.9817117022752185	0.8132489049823245
0.9908136566858667	0.8172746823883076
0.9999999999999991	0.8212759002563015