0.5975455343187502
0.597545534318778
0.5975455343188049
0.5975455343188305
0.597545534318858
0.597545534318885
0.5975455343189136
0.5975455343189428
0.597545534318974
0.5975455343190037
0.5975455343190333
0.5975455343190641
0.5975455343190957
0.5975455343191256
0.5975455343191604
0.5975455343191935
0.5975455343192273
0.5975455343192619
0.5975455343192967
0.5975455343193308
0.597545534319366
0.5975455343194025
0.5975455343194398
0.5975455343194795
0.5975455343195164
0.5975455343195551
0.5975455343195933
0.5975455343196363
0.5975455343196784
0.5975455343197205
0.5975455343197611
0.5975455343198056
0.597545534319849
0.5975455343198929
0.5975455343199365
0.5975455343199838
0.5975455343200331
0.5975455343200808
0.59754553432013
0.5975455343201784
0.5975455343202267
0.5975455343202798
0.5975455343203306
0.5975455343203845
0.5975455343204382
0.5975455343204925
0.5975455343205489
0.5975455343206044
0.597545534320662
0.5975455343207227
0.5975455343207816
0.5975455343208429
0.5975455343209028
0.5975455343209661
0.5975455343210293
0.5975455343210948
0.5975455343211616
0.5975455343212291
0.5975455343212961
0.5975455343213649
0.597545534321433
0.5975455343215064
0.5975455343215809
0.5975455343216542
0.597545534321729
0.5975455343218069
0.5975455343218844
0.5975455343219629
0.5975455343220429
0.5975455343221255
0.5975455343222092
0.5975455343222938
0.5975455343223799
0.5975455343224702
0.59754553432256
0.5975455343226505
0.5975455343227415
0.5975455343228377
0.5975455343229372
0.5975455343230333
0.5975455343231315
0.5975455343232322
0.5975455343233369
0.5975455343234404
0.5975455343235474
0.5975455343236489
0.5975455343237595
0.5975455343238724
0.5975455343239838
0.5975455343240997
0.5975455343242193
0.5975455343243384
0.5975455343244579
0.5975455343245849
0.5975455343247073
0.5975455343248353
0.597545534324962
0.5975455343250948
0.5975455343252303
0.597545534325369
0.5975455343255085
0.597545534325649
0.5975455343257929
0.5975455343259384
0.5975455343260869
0.5975455343262385
0.5975455343263928
0.5975455343265479
0.5975455343267067
0.5975455343268669
0.5975455343270322
0.5975455343272013
0.5975455343273698
0.5975455343275449
0.5975455343277193
0.5975455343278965
0.5975455343280794
0.5975455343282625
0.5975455343284509
0.5975455343286432
0.5975455343288382
0.5975455343290355
0.5975455343292372
0.5975455343294424
0.5975455343296502
0.5975455343298632
0.5975455343300782
0.5975455343302973
0.5975455343305189
0.597545534330745
0.597545534330974
0.597545534331209
0.5975455343314482
0.597545534331689
0.5975455343319327
0.597545534332184
0.5975455343324396
0.5975455343327002
0.597545534332962
0.5975455343332321
0.5975455343335064
0.5975455343337833
0.5975455343340631
0.5975455343343516
0.5975455343346431
0.5975455343349405
0.5975455343352438
0.5975455343355506
0.597545534335861
0.5975455343361747
0.5975455343364986
0.5975455343368259
0.5975455343371628
0.5975455343375039
0.5975455343378484
0.5975455343381996
0.5975455343385565
0.5975455343389231
0.5975455343392916
0.5975455343396688
0.5975455343400514
0.5975455343404372
0.5975455343408326
0.5975455343412364
0.5975455343416471
0.5975455343420633
0.597545534342487
0.5975455343429146
0.597545534343353
0.5975455343437985
0.5975455343442506
0.5975455343447129
0.5975455343451781
0.597545534345656
0.5975455343461378
0.5975455343466323
0.5975455343471339
0.597545534347641
0.5975455343481603
0.5975455343486866
0.5975455343492229
0.597545534349767
0.597545534350324
0.5975455343508869
0.5975455343514615
0.5975455343520475
0.5975455343526392
0.5975455343532415
0.5975455343538517
0.5975455343544755
0.5975455343551135
0.5975455343557579
0.5975455343564137
0.5975455343570805
0.5975455343577613
0.5975455343584524
0.5975455343591562
0.5975455343598705
0.5975455343605948
0.5975455343613356
0.5975455343620848
0.597545534362852
0.5975455343636286
0.597545534364416
0.5975455343652205
0.5975455343660365
0.5975455343668685
0.5975455343677127
0.5975455343685754
0.5975455343694493
0.5975455343703373
0.5975455343712416
0.5975455343721641
0.5975455343731031
0.5975455343740513
0.5975455343750224
0.5975455343760065
0.5975455343770075
0.5975455343780283
0.5975455343790634
0.5975455343801158
0.5975455343811843
0.5975455343822724
0.5975455343833828
0.5975455343845089
0.5975455343856546
0.5975455343868221
0.5975455343880068
0.597545534389212
0.5975455343904382
0.5975455343916916
0.5975455343929565
0.5975455343942472
0.5975455343955585
0.5975455343968932
0.5975455343982502
0.59754553439963
0.5975455344010353
0.597545534402461
0.597545534403915
0.5975455344053913
0.5975455344068934
0.5975455344084193
0.5975455344099693
0.5975455344115536
0.5975455344131605
0.5975455344147944
0.5975455344164582
0.5975455344181483
0.5975455344198659
0.5975455344216135
0.597545534423392
0.5975455344252054
0.5975455344270407
0.5975455344289113
0.5975455344308183
0.5975455344327476
0.5975455344347184
0.5975455344367201
0.5975455344387572
0.5975455344408258
0.597545534442931
0.5975455344450739
0.5975455344472516
0.5975455344494638
0.5975455344517169
0.5975455344540062
0.5975455344563381
0.5975455344587056
0.5975455344611194
0.5975455344635692
0.597545534466062
0.597545534468596
0.5975455344711772
0.5975455344738
0.5975455344764681
0.5975455344791839
0.5975455344819415
0.5975455344847465
0.5975455344875994
0.5975455344905011
0.5975455344934508
0.5975455344964523
0.5975455344995069
0.5975455345026122
0.5975455345057717
0.5975455345089805
0.5975455345122478
0.5975455345155706
0.5975455345189509
0.5975455345223851
0.5975455345258811
0.597545534529438
0.5975455345330505
0.5975455345367289
0.5975455345404653
0.5975455345442703
0.597545534548136
0.5975455345520712
0.5975455345560711
0.5975455345601426
0.5975455345642784
0.5975455345684844
0.5975455345727659
0.5975455345771207
0.5975455345815498
0.5975455345860534
0.5975455345906333
0.5975455345952896
0.5975455346000259
0.5975455346048433
0.5975455346097418
0.5975455346147245
0.5975455346197904
0.5975455346249468
0.5975455346301871
0.5975455346355196
0.597545534640944
0.5975455346464542
0.5975455346520632
0.597545534657766
0.5975455346635689
0.5975455346694696
0.5975455346754713
0.597545534681574
0.5975455346877772
0.5975455346940912
0.5975455347005076
0.5975455347070389
0.597545534713678
0.5975455347204355
0.5975455347273029
0.5975455347342905
0.5975455347413892
0.5975455347486193
0.5975455347559684
0.5975455347634424
0.5975455347710442
0.5975455347787721
0.597545534786635
0.5975455347946298
0.5975455348027633
0.5975455348110372
0.5975455348194436
0.5975455348280029
0.5975455348367037
0.5975455348455514
0.5975455348545504
0.597545534863708
0.5975455348730145
0.5975455348824829
0.5975455348921083
0.597545534901905
0.5975455349118669
0.5975455349219922
0.5975455349322965
0.5975455349427764
0.59754553495343
0.5975455349642685
0.5975455349752882
0.5975455349864971
0.5975455349978993
0.5975455350094957
0.5975455350212882
0.5975455350332817
0.5975455350454771
0.597545535057887
0.597545535070503
0.5975455350833349
0.5975455350963845
0.59754553510966
0.5975455351231562
0.5975455351368856
0.5975455351508474
0.5975455351650494
0.597545535179493
0.5975455351941805
0.5975455352091184
0.5975455352243136
0.5975455352397662
0.5975455352554785
0.5975455352714585
0.5975455352877189
0.5975455353042484
0.5975455353210594
0.5975455353381625
0.5975455353555567
0.5975455353732424
0.5975455353912333
0.5975455354095249
0.5975455354281363
0.597545535447056
0.597545535466306
0.5975455354858782
0.597545535505786
0.5975455355260332
0.5975455355466219
0.5975455355675685
0.5975455355888665
0.5975455356105265
0.5975455356325579
0.5975455356549645
0.5975455356777549
0.5975455357009342
0.5975455357244969
0.5975455357484749
0.5975455357728552
0.597545535797649
0.597545535822871
0.5975455358485202
0.597545535874603
0.597545535901134
0.5975455359281154
0.5975455359555569
0.5975455359834654
0.5975455360118471
0.5975455360407169
0.5975455360700712
0.5975455360999317
0.5975455361303013
0.5975455361611889
0.597545536192599
0.5975455362245452
0.5975455362570344
0.5975455362900799
0.5975455363236909
0.597545536357868
0.5975455363926304
0.597545536427982
0.5975455364639394
0.5975455365005059
0.597545536537696
0.597545536575525
0.5975455366139911
0.597545536653121
0.5975455366929099
0.597545536733379
0.5975455367745376
0.5975455368164003
0.5975455368589708
0.5975455369022684
0.5975455369463034
0.5975455369910895
0.597545537036636
0.5975455370829617
0.5975455371300747
0.5975455371779897
0.5975455372267255
0.5975455372762886
0.5975455373266929
0.5975455373779571
0.5975455374300955
0.5975455374831243
0.5975455375370529
0.5975455375919048
0.5975455376476874
0.5975455377044213
0.5975455377621205
0.597545537820803
0.5975455378804876
0.5975455379411829
0.5975455380029178
0.5975455380657064
0.5975455381295605
0.5975455381945013
0.5975455382605489
0.5975455383277203
0.5975455383960402
0.5975455384655197
0.5975455385361851
0.5975455386080527
0.5975455386811458
0.5975455387554851
0.5975455388310891
0.5975455389079799
0.5975455389861857
0.5975455390657166
0.5975455391466072
0.5975455392288754
0.5975455393125435
0.597545539397638
0.5975455394841814
0.597545539572201
0.5975455396617186
0.5975455397527606
0.59754553984535
0.5975455399395219
0.5975455400352989
0.597545540132699
0.5975455402317649
0.597545540332518
0.5975455404349884
0.5975455405392036
0.5975455406451914
0.5975455407529884
0.5975455408626155
0.5975455409741186
0.5975455410875165
0.5975455412028458
0.5975455413201424
0.5975455414394324
0.5975455415607561
0.5975455416841485
0.5975455418096421
0.5975455419372762
0.597545542067079
0.5975455421990956
0.5975455423333618
0.5975455424699138
0.597545542608794
0.5975455427500376
0.5975455428936871
0.5975455430397814
0.5975455431883712
0.5975455433394912
0.5975455434931777
0.5975455436494905
0.5975455438084634
0.5975455439701413
0.5975455441345777
0.597545544301814
0.5975455444719003
0.5975455446448801
0.59754554482081
0.5975455449997367
0.5975455451817097
0.5975455453667813
0.5975455455550084
0.5975455457464406
0.5975455459411356
0.5975455461391469
0.5975455463405279
0.5975455465453413
0.5975455467536448
0.5975455469654939
0.597545547180955
0.5975455474000864
0.5975455476229521
0.5975455478496059
0.5975455480801288
0.5975455483145774
0.597545548553014
0.5975455487955191
0.597545549042153
0.5975455492929863
0.5975455495480918
0.5975455498075477
0.5975455500714217
0.5975455503397863
0.5975455506127267
0.5975455508903201
0.5975455511726371
0.5975455514597628
0.5975455517517816
0.5975455520487752
0.5975455523508253
0.5975455526580215
0.5975455529704558
0.5975455532882044
0.5975455536113706
0.5975455539400433
0.5975455542743097
0.5975455546142743
0.5975455549600297
0.5975455553116727
0.5975455556693059
0.5975455560330333
0.5975455564029573
0.597545556779176
0.5975455571618116
0.597545557550959
0.5975455579467409
0.5975455583492624
0.5975455587586408
0.5975455591749981
0.5975455595984408
0.5975455600291011
0.5975455604670955
0.5975455609125496
0.5975455613655907
0.5975455618263555
0.597545562294965
0.5975455627715542
0.5975455632562691
0.5975455637492358
0.5975455642506006
0.5975455647605064
0.597545565279099
0.5975455658065257
0.597545566342935
0.5975455668884856
0.5975455674433299
0.597545568007624
0.5975455685815266
0.5975455691652096
0.5975455697588399
0.5975455703625723
0.5975455709765966
0.5975455716010762
0.5975455722361946
0.5975455728821358
0.5975455735390717
0.5975455742072084
0.5975455748867242
0.5975455755778107
0.5975455762806744
0.5975455769955073
0.5975455777225207
0.5975455784619155
0.5975455792139094
0.5975455799787107
0.5975455807565385
0.5975455815476197
0.5975455823521737
0.597545583170437
0.597545584002636
0.5975455848490099
0.5975455857098063
0.597545586585262
0.5975455874756294
0.5975455883811688
0.5975455893021328
0.5975455902387836
0.5975455911913886
0.5975455921602247
0.5975455931455621
0.5975455941476866
0.5975455951668805
0.5975455962034338
0.597545597257643
0.5975455983298179
0.5975455994202548
0.5975456005292635
0.5975456016571647
0.5975456028042767
0.5975456039709341
0.5975456051574652
0.5975456063642023
0.5975456075915023
0.5975456088397079
0.5975456101091744
0.5975456114002636
0.5975456127133523
0.5975456140488056
0.5975456154070106
0.5975456167883468
0.5975456181932172
0.5975456196220172
0.5975456210751593
0.5975456225530515
0.5975456240561241
0.5975456255847916
0.5975456271395077
0.5975456287207075
0.59754563032884
0.5975456319643659
0.5975456336277534
0.5975456353194785
0.5975456370400157
0.5975456387898649
0.5975456405695286
0.5975456423794974
0.5975456442203037
0.5975456460924667
0.5975456479965198
0.5975456499330117
0.5975456519024867
0.5975456539055144
0.5975456559426607
0.5975456580145088
0.5975456601216526
0.5975456622646883
0.5975456644442302
0.5975456666609
0.5975456689153342
0.597545671208161
0.5975456735400526
0.5975456759116669
0.5975456783236812
0.5975456807767828
0.5975456832716716
0.597545685809062
0.5975456883896719
0.5975456910142386
0.5975456936835221
0.5975456963982748
0.5975456991592659
0.597545701967295
0.5975457048231517
0.5975457077276569
0.5975457106816451
0.5975457136859496
0.597545716741436
0.5975457198489623
0.5975457230094318
0.5975457262237355
0.5975457294927922
0.5975457328175364
0.5975457361989194
0.5975457396378989
0.59754574313546
0.5975457466926022
0.597545750310341
0.5975457539897021
0.5975457577317402
0.5975457615375253
0.597545765408136
0.5975457693446838
0.5975457733482864
0.5975457774200925
0.5975457815612522
0.5975457857729631
0.5975457900564083
0.5975457944128323
0.5975457988434578
0.5975458033495572
0.59754580793242
0.5975458125933448
0.5975458173336688
0.5975458221547386
0.59754582705794
0.5975458320446565
0.5975458371163227
0.5975458422743841
0.5975458475203079
0.5975458528555927
0.597545858281765
0.5975458638003643
0.5975458694129736
0.5975458751211896
0.597545880926638
0.5975458868309848
0.5975458928359032
0.5975458989431173
0.5975459051543621
0.5975459114714126
0.5975459178960655
0.5975459244301591
0.5975459310755643
0.597545937834163
0.5975459447078965
0.5975459516987136
0.597545958808621
0.5975459660396362
0.5975459733938251
0.5975459808732962
0.5975459884801697
0.5975459962166231
0.5975460040848626
0.5975460120871269
0.5975460202257108
0.5975460285029277
0.5975460369211382
0.5975460454827523
0.5975460541902062
0.5975460630459818
0.5975460720526097
0.5975460812126675
0.5975460905287484
0.5975461000035255
0.5975461096397008
0.5975461194400219
0.597546129407281
0.597546139544328
0.5975461498540477
0.5975461603393876
0.5975461710033354
0.597546181848938
0.597546192879278
0.5975462040975231
0.5975462155068602
0.5975462271105375
0.5975462389118794
0.5975462509142464
0.5975462631210621
0.597546275535811
0.5975462881620346
0.5975463010033316
0.5975463140633694
0.5975463273458743
0.597546340854631
0.597546354593503
0.5975463685664
0.5975463827773124
0.5975463972302917
0.5975464119294643
0.5975464268790232
0.5975464420832308
0.5975464575464301
0.5975464732730258
0.5975464892675107
0.5975465055344434
0.5975465220784648
0.5975465389042937
0.5975465560167367
0.5975465734206644
0.5975465911210536
0.5975466091229472
0.5975466274314787
0.597546646051883
0.5975466649894566
0.5975466842496111
0.5975467038378386
0.5975467237597244
0.5975467440209606
0.5975467646273146
0.5975467855846711
0.5975468068990154
0.5975468285764187
0.5975468506230672
0.5975468730452478
0.5975468958493635
0.5975469190419133
0.5975469426295139
0.5975469666188991
0.5975469910169048
0.5975470158304969
0.5975470410667512
0.5975470667328632
0.5975470928361591
0.5975471193840871
0.5975471463842126
0.5975471738442473
0.5975472017720125
0.5975472301754853
0.5975472590627631
0.5975472884420873
0.5975473183218356
0.5975473487105384
0.5975473796168583
0.597547411049609
0.5975474430177614
0.5975474755304291
0.597547508596888
0.5975475422265749
0.5975475764290796
0.5975476112141502
0.5975476465917217
0.5975476825718762
0.5975477191648781
0.5975477563811711
0.5975477942313624
0.5975478327262502
0.5975478718768141
0.5975479116942206
0.5975479521898305
0.5975479933751936
0.5975480352620497
0.5975480778623508
0.59754812118825
0.5975481652521054
0.5975482100664734
0.5975482556441492
0.59754830199812
0.5975483491416165
0.5975483970880775
0.5975484458511857
0.5975484954448368
0.5975485458831885
0.5975485971806135
0.5975486493517483
0.5975487024114678
0.5975487563749091
0.5975488112574617
0.5975488670747746
0.597548923842762
0.5975489815776235
0.5975490402958172
0.5975491000140909
0.597549160749471
0.5975492225192818
0.5975492853411409
0.5975493492329583
0.5975494142129542
0.5975494802996524
0.5975495475119116
0.5975496158688923
0.5975496853900832
0.5975497560953109
0.5975498280047445
0.5975499011388729
0.5975499755185573
0.5975500511650162
0.5975501280998063
0.5975502063448679
0.5975502859225132
0.5975503668554323
0.5975504491667021
0.5975505328797819
0.5975506180185528
0.5975507046072825
0.5975507926706592
0.5975508822337919
0.5975509733222143
0.5975510659618936
0.5975511601792454
0.59755125600113
0.597551353454859
0.5975514525682225
0.5975515533694733
0.5975516558873506
0.5975517601510725
0.5975518661903594
0.5975519740354512
0.5975520837170857
0.5975521952665194
0.597552308715568
0.5975524240965489
0.5975525414423642
0.5975526607864596
0.5975527821628464
0.5975529056061284
0.5975530311514835
0.5975531588346885
0.5975532886921531
0.5975534207608781
0.5975535550784965
0.5975536916832946
0.5975538306142016
0.5975539719108128
0.597554115613396
0.5975542617628977
0.5975544104009747
0.5975545615699722
0.5975547153129723
0.5975548716737846
0.5975550306969571
0.597555192427816
0.5975553569124221
0.5975555241976572
0.5975556943311751
0.5975558673614553
0.5975560433377931
0.5975562223103155
0.5975564043300192
0.5975565894487508
0.597556777719252
0.5975569691951546
0.5975571639309943
0.5975573619822501
0.5975575634053294
0.5975577682576123
0.5975579765974341
0.5975581884841402
0.5975584039780795
0.5975586231406244
0.5975588460341889
0.5975590727222431
0.5975593032693538
0.59755953774116
0.5975597762044363
0.5975600187270805
0.5975602653781563
0.5975605162278754
0.5975607713476723
0.5975610308101713
0.5975612946892431
0.5975615630600084
0.5975618359988693
0.5975621135835181
0.5975623958929712
0.5975626830075725
0.5975629750090629
0.5975632719805339
0.597563574006511
0.5975638811729492
0.5975641935672541
0.5975645112783323
0.597564834396581
0.5975651630139499
0.5975654972239279
0.5975658371216109
0.597566182803694
0.5975665343685248
0.5975668919161023
0.5975672555481379
0.5975676253680776
0.597568001481091
0.59756838399415
0.5975687730160476
0.5975691686574104
0.5975695710307443
0.5975699802504628
0.5975703964329203
0.5975708196964483
0.5975712501613731
0.5975716879500698
0.5975721331869851
0.5975725859986755
0.5975730465138405
0.5975735148633657
0.5975739911803477
0.5975744756001371
0.5975749682603897
0.597575469301085
0.5975759788645654
0.5975764970955971
0.5975770241413948
0.597577560151665
0.5975781052786422
0.5975786596771467
0.5975792235046173
0.5975797969211581
0.597580380089585
0.5975809731754592
0.5975815763471541
0.5975821897758925
0.5975828136357747
0.5975834481038741
0.5975840933602418
0.5975847495879725
0.597585416973265
0.5975860957054537
0.5975867859770884
0.5975874879839704
0.5975882019251952
0.5975889280032467
0.5975896664240055
0.5975904173968397
0.5975911811346656
0.5975919578539707
0.5975927477749247
0.5975935511213886
0.5975943681210248
0.5975951990053125
0.5975960440096718
0.5975969033734614
0.5975977773400958
0.5975986661570859
0.5975995700761262
0.5976004893531452
0.5976014242483956
0.5976023750265055
0.5976033419565728
0.5976043253122184
0.5976053253716826
0.5976063424178888
0.597607376738518
0.5976084286260985
0.5976094983780869
0.597610586296942
0.5976116926902131
0.5976128178706083
0.5976139621561205
0.5976151258700706
0.5976163093412189
0.5976175129038561
0.5976187368978847
0.5976199816689138
0.5976212475683602
0.5976225349535488
0.5976238441877932
0.5976251756405021
0.5976265296872888
0.5976279067100686
0.5976293070971473
0.5976307312433684
0.5976321795501538
0.5976336524256802
0.5976351502849582
0.5976366735499403
0.5976382226496413
0.5976397980202597
0.5976414001052968
0.5976430293556638
0.5976446862298131
0.597646371193863
0.5976480847217175
0.5976498272951978
0.5976515994041641
0.5976534015466715
0.5976552342290661
0.5976570979661454
0.5976589932812948
0.5976609207066307
0.5976628807831176
0.5976648740607386
0.5976669010986427
0.5976689624652777
0.5976710587385389
0.5976731905061665
0.5976753583653838
0.5976775629232299
0.5976798047970072
0.5976820846142542
0.5976844030129105
0.5976867606415134
0.597689158159356
0.5976915962366288
0.5976940755546561
0.5976965968060166
0.5976991606947667
0.5977017679366008
0.5977044192590311
0.5977071154016076
0.5977098571160893
0.5977126451666285
0.5977154803300126
0.5977183633957945
0.5977212951665641
0.5977242764581272
0.5977273080997023
0.5977303909341551
0.5977335258182035
0.5977367136226448
0.5977399552325628
0.5977432515475746
0.5977466034820363
0.5977500119652965
0.597753477941909
0.5977570023718934
0.5977605862309715
0.5977642305107885
0.597767936219204
0.5977717043805173
0.5977755360357083
0.5977794322427503
0.5977833940768092
0.5977874226305588
0.597791519014423
0.5977956843568635
0.5977999198046579
0.5978042265231661
0.5978086056966343
0.5978130585284657
0.5978175862415351
0.5978221900784711
0.5978268713019571
0.5978316311950358
0.5978364710614232
0.5978413922258252
0.5978463960342384
0.5978514838542783
0.5978566570755198
0.5978619171097974
0.5978672653915514
0.597872703378188
0.5978782325503733
0.5978838544124233
0.5978895704926205
0.5978953823435942
0.5979012915426664
0.5979072996922065
0.597913408420019
0.5979196193796857
0.5979259342509744
0.5979323547401971
0.5979388825805905
0.5979455195327292
0.5979522673848915
0.5979591279534735
0.5979661030833794
0.5979731946484397
0.5979804045518086
0.597987734726396
0.5979951871352585
0.598002763772055
0.5980104666614529
0.5980182978595634
0.5980262594543834
0.5980343535662354
0.5980425823482045
0.5980509479866135
0.5980594527014155
0.5980680987467281
0.5980768884112435
0.5980858240187142
0.5980949079284058
0.5981041425355923
0.5981135302720155
0.5981230736063916
0.5981327750448573
0.5981426371314897
0.5981526624487891
0.5981628536181811
0.5981732133005029
0.5981837441965243
0.5981944490474354
0.598205330635377
0.5982163917839347
0.5982276353586566
0.5982390642676084
0.598250681461838
0.5982624899359344
0.5982744927285594
0.5982866929229634
0.5982990936475091
0.5983116980762468
0.5983245094293959
0.5983375309739122
0.5983507660240398
0.5983642179418297
0.5983778901376856
0.598391786070916
0.5984059092502874
0.5984202632345416
0.5984348516329625
0.5984496781059069
0.5984647463653954
0.5984800601755927
0.5984956233533907
0.5985114397689623
0.5985275133462742
0.5985438480636441
0.5985604479542989
0.5985773171068871
0.5985944596660189
0.5986118798328282
0.598629581865461
0.5986475700796371
0.5986658488491654
0.5986844226064474
0.5987032958430172
0.5987224731100523
0.5987419590188626
0.5987617582413778
0.5987818755107044
0.5988023156215424
0.5988230834306951
0.5988441838575638
0.5988656218845761
0.5988874025576708
0.5989095309867288
0.5989320123460247
0.5989548518746499
0.5989780548769295
0.5990016267228313
0.59902557284837
0.5990498987559738
0.5990746100148555
0.5990997122614125
0.5991252111994991
0.5991511126008031
0.5991774223051552
0.5992041462207913
0.5992312903246949
0.599258860662788
0.5992868633502254
0.5993153045715924
0.5993441905811326
0.5993735277029142
0.5994033223309907
0.5994335809295702
0.5994643100330981
0.5994955162463723
0.599527206244615
0.5995593867735096
0.599592064649219
0.5996252467583868
0.5996589400581003
0.5996931515758126
0.5997278884092478
0.5997631577263195
0.5997989667649092
0.5998353228327256
0.5998722333070675
0.5999097056345583
0.5999477473308841
0.5999863659804311
0.6000255692359491
0.6000653648181332
0.6001057605151898
0.6001467641823699
0.6001883837414197
0.6002306271800188
0.6002735025511863
0.6003170179726183
0.6003611816259549
0.6004060017560565
0.6004514866701327
0.6004976447368762
0.6005444843854868
0.6005920141045397
0.6006402424408391
0.6006891779980156
0.6007388294351109
0.600789205465178
0.600840314854361
0.6008921664218794
0.6009447690409562
0.6009981316394558
0.6010522631986956
0.6011071727503654
0.6011628693727621
0.6012193621877939
0.6012766603588285
0.6013347730892933
0.6013937096211524
0.6014534792335204
0.6015140912410333
0.601575554992032
0.6016378798667994
0.6017010752752895
0.6017651506550589
0.6018301154684657
0.6018959791995788
0.6019627513497442
0.602030441432088
0.6020990589650267
0.6021686134685554
0.6022391144679748
0.6023105715121891
0.6023829941974
0.60245639215321
0.6025307750062803
0.6026061523642847
0.6026825338162881
0.6027599289355537
0.6028383472802996
0.6029177983928037
0.6029982917971944
0.6030798369968844
0.6031624434714827
0.6032461206737046
0.6033308780259946
0.603416724917252
0.6035036706993363
0.6035917246836464
0.603680896137582
0.6037711942810203
0.6038626282826841
0.6039552072565431
0.6040489402581702
0.6041438362810065
0.6042399042526874
0.604337153031278
0.6044355914015025
0.6045352280709707
0.6046360716663455
0.604738130729534
0.6048414137138381
0.6049459289801061
0.6050516847928707
0.6051586893164856
0.6052669506112559
0.6053764766295721
0.6054872752120432
0.605599354083652
0.6057127208499
0.605827382992971
0.6059433478679346
0.6060606226989258
0.606179214575435
0.6062991304484792
0.6064203771269623
0.606542961273965
0.6066668894031444
0.6067921678750873
0.60691880289383
0.6070468005032782
0.6071761665838685
0.6073069068490387
0.6074390268420627
0.6075725319326555
0.6077074273138489
0.6078437179988456
0.6079814088179639
0.6081205044156709
0.6082610092476984
0.6084029275782455
0.6085462634772264
0.6086910208176926
0.6088372032732381
0.6089848143156477
0.6091338572124861
0.6092843350249391
0.6094362506055655
0.6095896065964665
0.6097444054271697
0.6099006493130363
0.610058340253388
0.610217480030123
0.6103780702061529
0.6105401121240674
0.6107036069050534
0.6108685554477179
0.611034958427146
0.6112028162941099
0.6113721292744124
0.6115428973682814
0.6117151203502261
0.6118887977688929
0.6120639289475793
0.6122405129857063
0.6124185491843619
0.6125980361250704
0.6127789718205437
0.6129613545531467
0.6131451824163688
0.6133304527205842
0.6135171628793497
0.6137053108454255
0.6138948938798374
0.6140859076773945
0.6142783499730462
0.6144722170289403
0.614667504949563
0.6148642097282364
0.6150623271672505
0.6152618528636975
0.6154627822054775
0.6156651103722194
0.6158688323394629
0.6160739428835547
0.6162804365856588
0.6164883078347421
0.6166975508299407
0.6169081595827008
0.6171201279191131
0.6173334494826458
0.6175481177375229
0.617764125972631
0.6179814673058263
0.6182001346882656
0.6184201209086393
0.6186414185971674
0.6188640202294085
0.6190879181299362
0.6193131044759705
0.6195395713010052
0.6197673104958
0.6199963138044867
0.6202265728354843
0.6204580790677254
0.6206908238546747
0.6209247984283753
0.6211599939035213
0.6213964012815519
0.6216340114547767
0.6218728152105082
0.6221128032352238
0.622353966118725
0.6225962943583215
0.6228397783630057
0.6230844084576386
0.6233301748871347
0.6235770678206228
0.6238250773556347
0.6240741935222409
0.6243244062871911
0.6245757055580473
0.6248280811872581
0.6250815229762564
0.6253360206794846
0.6255915640084052
0.6258481426354919
0.6261057461981687
0.6263643643026917
0.6266239865280389
0.6268846024296965
0.627146201543454
0.6274087733890976
0.62767230747409
0.6279367932971925
0.6282022203520129
0.6284685781305007
0.6287358561264185
0.6290040438386953
0.6292731307747691
0.6295431064538319
0.6298139604100429
0.630085682195641
0.6303582613840139
0.6306316875727078
0.6309059503863429
0.6311810394794962
0.631456944539504
0.6317336552892233
0.6320111614897452
0.632289452943132
0.6325685194952428
0.6328483510389029
0.6331289375180942
0.6334102689353323
0.6336923353706264
0.6339751270440043
0.6342586340506063
0.6345428456057943
0.6348277531921618
0.6351133469965248
0.6353996173004125
0.6356865545289248
0.6359741491988765
0.636262391905249
0.636551273317701
0.636840784180076
0.6371309153109536
0.6374216576045507
0.6377130020317557
0.6380049396412226
0.6382974615603989
0.6385905589965901
0.6388842232378772
0.6391784456541331
0.6394732176978581
0.6397685309049891
0.6400643768956908
0.640360747375229
0.6406576341346544
0.6409550290517829
0.6412529240923007
0.6415513113116861
0.6418501828586755
0.6421495309825225
0.6424493480461697
0.642749626516361
0.6430503587376208
0.6433515370162828
0.6436531543042838
0.6439552034678941
0.6442576773203901
0.6445605687731422
0.6448638708446065
0.6451675766573769
0.6454716794476756
0.6457761726160998
0.6460810499141663
0.6463863041143771
0.6466919281137259
0.6469979163167754
0.6473042630649533
0.6476109619213781
0.6479180067035439
0.6482253913838457
0.6485331100447531
0.6488411568645182
0.6491495261117806
0.6494582121431707
0.6497672094019653
0.6500765124171389
0.6503861158025517
0.6506960142562177
0.6510062025595583
0.6513166755767332
0.6516274282542943
0.6519384556222357
0.6522497527995457
0.6525613150088581
0.6528731375786909
0.6531852158716638
0.6534975452503621
0.653810121166397
0.654122939190229
0.6544359949895665
0.6547492843140483
0.6550628029892442
0.655376546914209
0.6556905120557285
0.6560046944473729
0.6563190901946717
0.6566336954748253
0.65694850653597
0.6572635196964061
0.6575787313438008
0.6578941379343906
0.6582097359921786
0.6585255221081372
0.6588414929394097
0.6591576452085174
0.659473975702573
0.6597904812724757
0.660107158832135
0.6604240053576856
0.6607410178867024
0.6610581935174198
0.6613755294079459
0.6616930227755039
0.6620106708956381
0.6623284711014525
0.6626464207828431
0.6629645173857335
0.663282758411304
0.6636011414152315
0.6639196640069509
0.6642383238488869
0.6645571186556949
0.6648760461935376
0.665195104279324
0.6655142907799774
0.6658336036116738
0.66615304073913
0.6664726001748462
0.6667922799783453
0.66711207825545
0.6674319931574815
0.6677520228804903
0.6680721656644333
0.6683924197923248
0.6687127835894078
0.6690332554223364
0.6693538336856167
0.6696745168482721
0.6699953034052015
0.6703161918866588
0.6706371808621211
0.6709582689337822
0.6712794544167572
0.6716007361472163
0.6719221139791393
0.6722435854863377
0.6725651496424593
0.672886805313255
0.6732085513841628
0.6735303867370714
0.6738523102834559
0.674174320976262
0.6744964178112576
0.6748185998255469
0.675140866074948
0.6754632156347813
0.6757856476144214
0.6761081611559656
0.6764307554332806
0.6767534296502392
0.6770761830399371
0.6773990148650084
0.677721924419409
0.6780449110319257
0.6783679740662593
0.6786911127788646
0.6790143260202613
0.6793376137193635
0.6796609753307296
0.6799844103015108
0.6803079180965484
0.6806314982049565
0.6809551501393991
0.6812788734349201
0.6816026676480448
0.681926532356054
0.6822504671563953
0.6825744716661842
0.682898545571426
0.6832226885145837
0.6835469001507143
0.6838711801725453
0.6841955282904818
0.6845199442322503
0.6848444277425653
0.6851689785827892
0.6854935965306033
0.6858182813796749
0.686143032939341
0.6864678510342865
0.6867927355042236
0.6871176862035799
0.6874427030011941
0.6877677857800019
0.6880929344367301
0.6884181488816037
0.6887434290380529
0.6890687748424033
0.6893941862436088
0.6897196632029441
0.690045205693736
0.6903708137010907
0.6906964872216008
0.6910222262630908
0.6913480308443996
0.6916739009950258
0.6919998367549977
0.6923258381745888
0.6926519053141266
0.6929780382438075
0.6933042370436209
0.6936305018032042
0.6939568326218573
0.6942832296085016
0.6946096928815353
0.694936222568231
0.695262818803516
0.695589481728358
0.6959162114885918
0.6962430082351989
0.6965698721256602
0.6968968033255947
0.6972238020104594
0.6975508683687193
0.69787800261069
0.6982052049964396
0.6985324758946438
0.6988598152182336
0.6991872227494861
0.6995146993645485
0.6998422452199076
0.7001698604474266
0.7004975452668883
0.7008253000067048
0.7011531249014348
0.7014810201857138
0.7018089861088557
0.7021370229278038
0.702465130904249
0.7027933103039787
0.7031215613969126
0.7034498844572742
0.7037782797636774
0.7041067475991276
0.704435288250894
0.7047639020399409
0.7050925893034931
0.7054213502464087
0.7057501851741083
0.7060790943943458
0.7064080782163472
0.7067371369495167
0.707066270901166
0.7073954803717337
0.7077247656436629
0.7080541269515801
0.7083835646699757
0.7087130791853976
0.709042672831838
0.709372341361229
0.7097020898905492
0.7100319168669222
0.7103618219240011
0.7106918056212601
0.7110218684176349
0.711352010714295
0.7116822328888419
0.7120125353080216
0.7123429183331644
0.7126733823218144
0.7130039276254045
0.7133345545946173
0.7136652635815264
0.7139960549394797
0.7143269290230004
0.7146578861876794
0.714988926790087
0.7153200511876834
0.715651259738742
0.7159825528022675
0.7163139307379269
0.7166453939059816
0.7169769426672205
0.7173085773828874
0.7176402984146318
0.7179721061244301
0.7183040008745345
0.7186359830273947
0.7189680529456037
0.7193002109918194
0.7196324575286929
0.7199647929187927
0.7202972175245279
0.7206297317080895
0.7209623358313924
0.7212950302560993
0.7216278153437572
0.721960691456146
0.7222936589559296
0.7226267182070256
0.7229598695571728
0.7232931133277591
0.7236264498307619
0.7239598793274924
0.724293401945761
0.7246270187028478
0.7249607310891028
0.7252945378479866
0.7256284392838418
0.7259624358415279
0.7262965278714085
0.7266307164050422
0.726965001862113
0.7272993838429469
0.7276338627920995
0.7279684391590755
0.728303113343584
0.7286378857242507
0.7289727566636967
0.7293077265137243
0.7296427956252575
0.7299779643488529
0.7303132330346419
0.7306486020322672
0.7309840716908172
0.7313196423587569
0.7316553143838935
0.7319910881133168
0.732326963893382
0.732662942069675
0.7329990229870059
0.733335206989413
0.7336714944201279
0.7340078856215981
0.7343443809354295
0.7346809807022613
0.7350176852615717
0.7353544949509425
0.7356914101052998
0.7360284310614886
0.7363655580655804
0.7367027897301541
0.7370401316128254
0.7373775788850299
0.7377151334920992
0.7380527958654017
0.738390566333652
0.738728445230116
0.7390664328850323
0.7394045296258478
0.7397427357773486
0.7400810516611878
0.7404194775946398
0.7407580138888994
0.7410966608482441
0.7414354187718369
0.7417742879598508
0.742113268720223
0.7424523613705581
0.7427915662340157
0.7431308836337477
0.7434703138896658
0.7438098573178064
0.7441495142305545
0.7444892849375997
0.744829169749965
0.745169169019405
0.7455092830122826
0.7458495120313161
0.7461898563777339
0.7465303163512951
0.7468708922503481
0.7472115843719
0.7475523930116208
0.7478933184638399
0.7482343610216419
0.7485755209768065
0.7489167986198894
0.7492581942402194
0.7495997081259058
0.7499413405638771
0.750283091839878
0.750624962238493
0.7509669520431532
0.7513090615361507
0.7516512909986418
0.7519936407106699
0.7523361109511669
0.7526787019979517
0.7530214141278037
0.7533642476164143
0.7537072027384776
0.7540502797677434
0.7543934789770987
0.7547368006387121
0.7550802450243055
0.7554238124054846
0.7557675030543474
0.7561113172444116
0.7564552552520349
0.756799317358489
0.7571435038524016
0.7574878150308116
0.7578322511932736
0.7581768126560741
0.7585214995139272
0.7588663113020889
0.7592112486685277
0.7595563124245974
0.7599015027153432
0.7602468197523811
0.7605922637771745
0.760937835079034
0.7612835339655021
0.7616293600020924
0.7619753138283599
0.7623213960205365
0.7626676067204499
0.7630139461250798
0.7633604144561316
0.7637070119432577
0.7640537388183086
0.7644005953130624
0.7647475816581859
0.7650946980830864
0.765441944818082
0.7657893221036722
0.7661368302079846
0.7664844694085686
0.766832239962593
0.7671801421169986
0.767528176069913
0.7678763420175123
0.7682246401731583
0.7685730707590308
0.7689216340001911
0.7692703301219762
0.7696191593490369
0.7699681219050599
0.770317218012384
0.7706664478920688
0.7710158117634652
0.771365309843977
0.7717149423487989
0.7720647094899531
0.7724146114756447
0.7727646485092088
0.773114820789098
0.773465128516091
0.7738155719514928
0.7741661519710835
0.774516872235413
0.7748677203934518
0.7752187091461324
0.7755698353760503
0.7759210986322482
0.7762724990513602
0.7766240368436217
0.7769757122327486
0.7773275254471674
0.7776794767183786
0.7780315662767229
0.7783837943430391
0.7787361611218521
0.7790886668029612
0.7794413117115743
0.7797940958784101
0.780147019441988
0.7805000826017021
0.7808532855634353
0.7812066285359296
0.7815601117286486
0.7819137353506538
0.7822674996099364
0.7826214047117528
0.7829754508510265
0.7833296382181426
0.7836839670030973
0.784038437395519
0.7843930495846357
0.784747803759242
0.7851027001076516
0.785457738817654
0.7858129200764782
0.7861682440707632
0.7865237109865176
0.7868793210091075
0.7872350743232257
0.7875909711128903
0.7879470115614069
0.7883031958513558
0.7886595241645313
0.789015996681899
0.7893726135834384
0.7897293750479224
0.7900862812525072
0.7904433323720357
0.7908005285778782
0.7911578700364956
0.7915153569093817
0.7918729893641314
0.7922307674097472
0.7925886904727025
0.7929467611017902
0.7933049783695773
0.7936633415090567
0.7940218507619131
0.794380506268866
0.794739311078685
0.7950982618249606
0.7954573594973597
0.795816604148243
0.7961759982582344
0.7965355392817108
0.796895228142337
0.7972550651287085
0.7976150504064553
0.7979751841407318
0.7983354664961727
0.7986958976369816
0.799056477727061
0.7994172069302046
0.799778085410182
0.8001391133308288
0.8005002908557435
0.8008616181468011
0.8012230953585041
0.8015847226266735
0.8019465000618546
0.8023084277663945
0.802670505916664
0.8030327347180825
0.8033951143520071
0.8037576449834023
0.8041203267704627
0.8044831598683694
0.8048461444306798
0.8052092806099647
0.8055725685579631
0.8059360084256846
0.806299600363472
0.8066633445210034
0.8070272410473003
0.8073912901039825
0.8077554918942689
0.8081198465092385
0.808484354095411
0.8088490147985823
0.8092138287638536
0.8095787961356362
0.8099439170576486
0.810309191672924
0.8106746201238106
0.8110402025519599
0.8114059390983084
0.8117718299030489
0.8121378751055743
0.8125040748444142
0.8128704292571218
0.8132369384801389
0.8136036026487127
0.813970421897129
0.814337396360919
0.8147045261909942
0.8150718116793719
0.8154392563627819
0.8158068506828214
0.8161746029210131
0.8165425118834264
0.8169105771242774
0.8172787987240889
0.8176471768131894
0.8180157115378464
0.8183844030600033
0.8187532515712073
0.8191222573320036
0.8194914209749397
0.8198607430191309
0.8202302219891994
0.8205998567402041
0.8209696462677607
0.821339594704998
0.8217097020069412
0.8220799679322136
0.8224503922759161
0.8228209750666532
0.8231917163819573
0.8235626163220561
0.8239336749986077
0.8243048925294264
0.8246762690359554
0.8250478046421946
0.8254194994746986
0.8257913536637804
0.826163367346661
0.826535540674383
0.8269078738262744
0.827280367037614
0.8276530206451735
0.8280258350450376
0.8283988098286558
0.8287719434489216
0.8291452370771701
0.8295186916859889
0.8298923071193315
0.8302660834477603
0.830640020816025
0.8310141193476887
0.8313883791442654
0.831762800302375
0.8321373829247034
0.8325121272046921
0.8328870332210827
0.8332621011100743
0.8336373310096343
0.8340127230532515
0.8343882773669389
0.8347639940688745
0.8351398732708553
0.835515915080167
0.8358921196009299
0.8362684869342158
0.836645017176093
0.8370217104112728
0.8373985666971057
0.8377755860712262
0.8381527691590672
0.838530116327792
0.8389076269157588
0.8392853011208214
0.8396631392172053
0.8400411411164718
0.8404193070316658
0.8407976371250429
0.8411761315552589
0.8415547904881787
0.841933614079064
0.8423126024547597
0.8426917557245542
0.8430710739993513
0.8434505573907678
0.8438302059974748
0.8442100199015794
0.8445899991788645
0.8449701439109737
0.8453504541901382
0.8457309301643079
0.8461115719999492
0.8464923796024019
0.8468733531227868
0.8472544927093747
0.8476357985079283
0.8480172706619116
0.8483989092989632
0.8487807145273124
0.8491626864544479
0.8495448251884377
0.8499271308378529
0.8503096035116677
0.8506922433191668
0.8510750503698725
0.8514580247734534
0.8518411666396686
0.852224476078309
0.8526079531991435
0.8529915981118721
0.8533754109260991
0.8537593917512839
0.8541435406968011
0.8545278578716893
0.8549123433848602
0.8552969973449825
0.8556818198604831
0.8560668110395855
0.8564519709901925
0.8568372998200037
0.8572227976364328
0.8576084645466462
0.8579943006575478
0.8583803060758018
0.8587664809078258
0.8591528252597984
0.8595393392376907
0.8599260229472534
0.8603128764940516
0.8606998999834599
0.8610870935206887
0.8614744572108155
0.861861991158747
0.8622496954693286
0.8626375702472725
0.8630256156073102
0.8634138316583213
0.8638022184871377
0.864190776197372
0.8645795048926741
0.8649684046768054
0.8653574756537621
0.8657467179279066
0.8661361316041297
0.8665257167881852
0.8669154735906108
0.8673054021558029
0.8676955025617925
0.8680857749209445
0.8684762193496705
0.8688668359706984
0.8692576249160964
0.8696485863312414
0.87003972037358
0.8704310271675831
0.8708225064834663
0.8712141570477459
0.8716059818766417
0.871997977322559
0.8723901476838077
0.8727824900969775
0.8731750055851695
0.8735676944018929
0.8739605567406233
0.8743535927138005
0.8747468024127183
0.8751401859274592
0.8755337433502318
0.8759274747743915
0.8763213802904464
0.876715459978531
0.8771097139013361
0.8775041421190256
0.8778987447455711
0.8782935219830723
0.8786884740210213
0.8790836002745603
0.8794789007562464
0.8798743762785997
0.8802700269536791
0.8806658528551585
0.8810618540840782
0.8814580307716364
0.8818543830990913
0.8822509113655738
0.8826476152701032
0.8830444934348223
0.8834415478871359
0.8838387785657843
0.8842361847892234
0.884633766697832
0.8850315248804793
0.8854294594530218
0.8858275704532488
0.8862258579419808
0.8866243220039879
0.8870229627412501
0.8874217802674536
0.8878207747067544
0.8882199462021313
0.8886192949510013
0.8890188213672529
0.8894185272794681
0.8898184065620642
0.890218461955677
0.8906186967037832
0.891019109421511
0.8914196999958703
0.8918204684620042
0.8922214148923349
0.8926225393718209
0.893023841990391
0.8934253228400961
0.8938269820139081
0.8942288196051716
0.8946308357073355
0.8950330304137802
0.8954354038177998
0.8958379560125165
0.8962406870909001
0.8966435971457744
0.8970466862698138
0.8974499545555653
0.8978534020954964
0.8982570289820014
0.8986608353074307
0.8990648211641283
0.8994689866444654
0.899873331840872
0.9002778568458438
0.9006825617520237
0.9010874466521718
0.9014925116392248
0.9018977569154926
0.9023031824292145
0.9027087882759671
0.9031145745551713
0.9035205413666569
0.9039266888106471
0.9043330169877355
0.9047395259988691
0.9051462159453171
0.9055530869284822
0.9059601390458234
0.9063673723901404
0.9067747870540416
0.9071823831302225
0.9075901607114766
0.9079981198907013
0.908406260760895
0.9088145834151561
0.9092230879466733
0.909631774448715
0.9100406430146232
0.9104496937377998
0.9108589267116924
0.911268342029793
0.9116779397856126
0.9120877200726887
0.912497682984552
0.9129078286147452
0.9133181570568047
0.9137286684042265
0.9141393627505184
0.9145502401891336
0.9149613008135133
0.9153725447170581
0.91578397199314
0.9161955827350908
0.9166073770362314
0.9170193549897948
0.9174315166890096
0.9178438622270833
0.9182563916971811
0.9186691051924669
0.9190820028060678
0.9194950846311293
0.9199083507607733
0.920321801288149
0.9207354363064029
0.9211492559087406
0.9215632601883885
0.9219774492386258
0.9223918231528134
0.9228063820243801
0.9232211259468524
0.9236360550138338
0.9240511693190283
0.9244664689561297
0.9248819540188157
0.9252976246004787
0.9257134807939067
0.9261295226903613
0.9265457503782587
0.9269621639405035
0.927378763450365
0.9277955489691418
0.9282125205610405
0.9286296783300041
0.9290470224098524
0.9294645529215599
0.929882269959627
0.930300173372538
0.9307182632106664
0.9311365411798403
0.9315550054507912
0.9319736570779591
0.9323924953198801
0.9328115198918034
0.9332307313980807
0.9336501306324021
0.9340697174191198
0.934489491778671
0.9349094537707092
0.9353296034679335
0.9357499409491981
0.9361704662974232
0.9365911795988947
0.9370120809429993
0.9374331704217905
0.9378544481294409
0.938275914161386
0.9386975686136512
0.9391194115824116
0.9395414431634959
0.9399636634522414
0.9403860725433261
0.9408086705307821
0.9412314575080454
0.94165443356803
0.9420775988031589
0.9425009533055191
0.9429244971668721
0.9433482304787908
0.9437721533326651
0.9441962658494104
0.9446205681429761
0.945045060258001
0.9454697422843168
0.9458946143116084
0.9463196764294572
0.9467449287273835
0.9471703712948718
0.9475960042214376
0.9480218275966718
0.9484478415103547
0.9488740460526055
0.9493004413141863
0.9497270273870639
0.9501538043655592
0.9505807723488763
0.9510079314471399
0.9514352817977805
0.9518628237071918
0.9522905577286689
0.9527184842455576
0.9531465980589553
0.953574903979348
0.9540034027945657
0.9544320937585896
0.9548609767704327
0.9552900518504591
0.9557193190563884
0.9561487784615654
0.9565784301467787
0.9570082741967364
0.9574383106983886
0.9578685397400377
0.9582989614108852
0.9587295758007288
0.9591603829997954
0.9595913830986207
0.9600225761879819
0.9604539623588425
0.960885541702274
0.9613173143094559
0.9617492802716334
0.9621814396800991
0.9626137926261286
0.9630463392010167
0.9634790794960002
0.9639120136022233
0.9643451416107836
0.9647784636126207
0.9652119796985174
0.9656456899590882
0.9660795944847246
0.9665136933655101
0.9669479866912849
0.9673824745514893
0.9678171570352228
0.9682520342311822
0.9686871062276836
0.9691223731127437
0.9695578349743239
0.9699934919007875
0.9704293439820286
0.9708653913117443
0.9713016339923348
0.9717380721455992
0.9721747059307657
0.9726115355370473
0.9730485610413726
0.9734857824135181
0.9739232004508687
0.9743608139663491
0.9747986235356336
0.9752366292599572
0.9756748312381144
0.9761132295675763
0.9765518243451985
0.9769906156675549
0.9774296036311058
0.9778687883322152
0.9783081698671183
0.9787477483319476
0.9791875238223982
0.979627496433963
0.9800676662618081
0.9805080334007797
0.9809485979453997
0.9813893599899004
0.9818303196282342
0.9822714769541376
0.9827128320611627
0.9831543850427413
0.9835961359922152
0.9840380850029332
0.9844802321682956
0.9849225775818597
0.9853651213373745
0.9858078635289903
0.986250804251346
0.9866939435998335
0.9871372816709252
0.9875808185626305
0.9880245543753976
0.9884684892134235
0.98891262318708
0.9893569564174465
0.9898014890449744
0.9902462212455724
0.9906911532421485
0.9911362849333915
0.9915816151048052
0.9920271448366162
0.9924728731200877
0.9929188010704739
0.9933649294196438
0.993811258135728
0.9942577872822276
0.9947045170487127
0.9951514473038995
0.9955985781034999
0.9960459095145668
0.9964934416113445
0.9969411744728318
0.9973891081813083
0.9978372428213842
0.9982855784794075
0.998734115243027
0.9991828532009074
0.9996317924424875
1.0000809330579252
1.000530275137835
1.0009798187733119
1.0014295640558109
1.0018795110770737
1.0023296599291107
1.0027800107041396
1.0032305634945058
1.0036813183927513
1.0041322754914035
1.004583434883111
1.0050347966605142
1.0054863609162075
1.0059381277427146
1.00639009723244
1.0068422694775763
1.0072946445701536
1.0077472226018969
1.0082000036643193
1.0086529878488113
1.0091061752470907
1.0095595659521288
1.0100131600603397
1.0104669576758305
1.0109209589169323
1.011375163920371
1.0118295728291775
1.0122841857597156
1.0127390027735843
1.0131940239125548
1.0136492492274332
1.0141046787873964
1.0145603126759497
1.015016150984688
1.0154721938096645
1.015928441268496
1.0163848935104696
1.0168415506011936
1.0172984125561761
1.0177554794750248
1.0182127514577668
1.0186702286047538
1.0191279110167555
1.0195857987950574
1.020043892041522
1.0205021908587157
1.0209606953482395
1.0214194056046366
1.0218783217205052
1.0223374437884825
1.0227967719012412
1.0232563061514788
1.0237160466318982
1.0241759934351902
1.0246361466539862
1.025096506380837
1.0255570727081573
1.0260178457281843
1.026478825532914
1.026940012214057
1.0274014058629686
1.0278630065706236
1.0283248144275554
1.0287868295238816
1.0292490519494861
1.0297114817937951
1.030174119146581
1.03063696409853
1.0311000167428241
1.0315632771786158
1.03202674552106
1.0324904219358921
1.0329543065793647
1.0334183993817971
1.033882706729428
1.0343472123661395
1.034811929762081
1.0352768573056257
1.035741994038833
1.0362073400065528
1.0366728951738888
1.0371386598434524
1.037604633010271
1.0380708129723526
1.0385372025479735
1.039003795540035
1.0394706044319841
1.0399376228644615
1.0404048509345543
1.0408722887406208
1.0413399363812499
1.0418077939559767
1.04227586156425
1.0427441393017518
1.0432126272626376
1.0436813255410688
1.0441502342312179
1.0446193534272552
1.0450886832235446
1.0455582237147132
1.0460279749950834
1.0464979371593037
1.0469681103026174
1.0474384945199524
1.047909089906703
1.0483798965584759
1.0488509145700098
1.049322144036205
1.0497935850552829
1.0502652377228971
1.050737102136099
1.051209178392307
1.0516814665879224
1.052153966820722
1.0526266791885002
1.0530996037885798
1.0535727407182358
1.0540460900771145
1.0545196519615403
1.054993426471307
1.055467413703563
1.0559416137572746
1.0564160267308778
1.0568906527222226
1.057365491832794
1.0578405441574525
1.058315809797069
1.0587912888498492
1.0592669814133273
1.0597428875871335
1.0602190074684263
1.06069534115645
1.0611718887484314
1.0616486503434386
1.0621256260383736
1.0626028159317127
1.0630802201203335
1.0635578387022606
1.064035671774566
1.064513719434379
1.0649919817787759
1.0654704589042254
1.0659491509081764
1.0664280578863934
1.0669071799354588
1.0673865171517734
1.0678660696313844
1.0683458374695496
1.0688258207639758
1.0693060196088657
1.06978643410094
1.0702670643352403
1.0707479104074542
1.07122897241411
1.0717102504501954
1.0721917446106246
1.0726734549922345
1.0731553816909147
1.0736375248010497
1.0741198844194002
1.0746024606427829
1.075085253565876
1.0755682632864834
1.0760514898998825
1.0765349335038084
1.0770185941944725
1.0775024720693063
1.07798656722586
1.0784708797621971
1.0789554097763556
1.0794401573661931
1.079925122631085
1.0804103056700474
1.0808957065829308
1.081381325469271
1.0818671624295677
1.0823532175649058
1.0828394909764951
1.0833259827661572
1.0838126930357912
1.0842996218845375
1.084786769410098
1.0852741357102262
1.0857617208827448
1.0862495250254627
1.086737548236335
1.0872257906135963
1.0877142522553302
1.0882029332598169
1.0886918337256695
1.0891809537514445
1.0896702934359428
1.0901598528778698
1.0906496321768353
1.0911396314314317
1.0916298507410578
1.0921202902058131
1.0926109499250105
1.0931018299982247
1.093592930525444
1.0940842516061027
1.0945757933416504
1.0950675558307437
1.0955595391751873
1.096051743474046
1.0965441688291189
1.097036815339246
1.0975296831065748
1.0980227722314864
1.098516082814465
1.0990096149561928
1.099503368757253
1.0999973443193483
1.1004915417427543
1.1009859611289663
1.1014806025790222
1.1019754661917522
1.1024705520705302
1.102965860315755
1.1034613910285038
1.1039571443084655
1.1044531202581664
1.1049493189777373
1.1054457405680784
1.105942385130798
1.1064392527668312
1.1069363435758675
1.107433657659914
1.1079311951194168
1.1084289560559146
1.108926940569195
1.1094251487611921
1.1099235807318255
1.1104222365827279
1.1109211164143076
1.1114202203274197
1.111919548422999
1.11241910080177
1.1129188775646082
1.1134188788123383
1.1139191046459413
1.114419555165803
1.1149202304733488
1.1154211306691226
1.1159222558540567
1.1164236061290167
1.116925181595233
1.117426982353257
1.1179290085043883
1.118431260149473
1.1189337373892472
1.1194364403257409
1.1199393690593025
1.1204425236911317
1.1209459043222025
1.121449511054486
1.1219533439892369
1.1224574032268995
1.1229616888699494
1.123466201018573
1.1239709397752395
1.124475905241394
1.1249810975185337
1.1254865167078685
1.125992162911125
1.1264980362299115
1.1270041367670516
1.1275104646224623
1.128017019899807
1.1285238026993278
1.1290308131242583
1.1295380512752564
1.1300455172548198
1.130553211165598
1.1310611331083988
1.1315692831852224
1.1320776614989403
1.1325862681507397
1.133095103243221
1.1336041668772037
1.1341134591558755
1.1346229801792826
1.1351327300503833
1.135642708869868
1.1361529167384654
1.1366633537582196
1.1371740200287896
1.1376849156496929
1.1381960407196299
1.1387073953368847
1.139218979597008
1.13973079359355
1.1402428374171547
1.1407551111560414
1.1412676148922227
1.141780348704481
1.1422933126810886
1.1428065069660243
1.1433199320359495
1.1438335888446773
1.144347476147875
1.1448615956030048
1.1453759422998124
1.1458905213822026
1.1464053320687078
1.1469203741796372
1.1474356480885854
1.1479511536340687
1.1484668907139035
1.148982859363083
1.1494990596747572
1.1500154917527092
1.1505321557104198
1.1510490516601093
1.1515661797118526
1.1520835399753484
1.1526011325566714
1.1531189575613598
1.1536370150901962
1.1541553052441453
1.1546738281246427
1.1551925838464352
1.1557115725619802
1.1562307944859684
1.1567502498262003
1.1572699386374066
1.157789860864947
1.1583100164918987
1.1588304055462686
1.1593510281357067
1.159871884878414
1.1603929762310405
1.160914301570766
1.1614358608451496
1.161957654229458
1.16247968188437
1.1630019439448556
1.1635244405319725
1.164047171760651
1.1645701377441293
1.1650933385942293
1.1656167744232049
1.1661404453429467
1.1666643514626511
1.1671884928870724
1.1677128697221457
1.1682374820760746
1.168762330059879
1.1692874137877514
1.1698127333799708
1.1703382888814842
1.170864080302328
1.171390107828388
1.1719163715747167
1.1724428716578275
1.17296960818713
1.1734965812687637
1.1740237910088327
1.174551237513138
1.1750789208861447
1.1756068412360394
1.1761349986689025
1.1766633932916533
1.1771920252115564
1.1777208945367952
1.1782500013749773
1.1787793458331446
1.1793089280205904
1.1798387480441823
1.1803688060144042
1.1808991020370352
1.181429636222306
1.1819604086771738
1.182491419509875
1.1830226688302299
1.1835541567444354
1.1840858833603762
1.1846178487856034
1.1851500531279626
1.1856824964946133
1.186215178991492
1.1867481007254623
1.1872812618027344
1.1878146623288623
1.188348302409714
1.1888821821502034
1.1894163016552852
1.1899506610295798
1.1904852603771325
1.191020099802233
1.1915551794079577
1.1920904992982935
1.1926260595758154
1.1931618603424765
1.193697901700445
1.1942341837519184
1.1947707065965467
1.1953074703343205
1.1958444750628592
1.1963817208773657
1.1969192078710478
1.197456936131651
1.1979949057437016
1.1985331167959736
1.1990715694608964
1.1996102714891108
1.2001492084871745
1.2006883865167457
1.2012278007920256
1.2017674647428067
1.2023073709407561
1.2028475194358903
1.2033879103355622
1.203928543755176
1.2044694198117603
1.2050105386223526
1.205551900296639
1.2060935049475765
1.2066353526868694
1.2071774436256626
1.2077197778727227
1.2082623555404177
1.2088051767399481
1.2093482415824
1.209891550179941
1.210435102645329
1.2109788990922703
1.2115229396338083
1.2120672243841848
1.2126117534494976
1.2131565269338904
1.2137015449416142
1.214246807577022
1.2147923149447357
1.2153380671496614
1.2158840642965694
1.2164303064911315
1.2169767938384322
1.2175235264442894
1.2180705044149498
1.2186177278568453
1.2191651968752097
1.2197129115781498
1.2202608720702366
1.2208090784604628
1.221357530854739
1.2219062293600447
1.2224551740829752
1.2230043651322233
1.22355380261412
1.2241034866359688
1.2246534173051131
1.2252035947287216
1.2257540190150031
1.2263046902700956
1.2268556086004763
1.2274067741144443
1.2279581869192877
1.228509847119491
1.2290617548253226
1.2296139101409014
1.2301663131731613
1.2307189640284497
1.2312718628128045
1.2318250096337664
1.2323784045955968
1.232932047804568
1.2334859393662252
1.234040079385638
1.2345944679682825
1.2351491052198158
1.2357039912439032
1.2362591261460387
1.2368145100299435
1.2373701430009807
1.2379260251625561
1.2384821566189987
1.2390385374740756
1.2395951678313328
1.2401520477943024
1.240709177466407
1.2412665569506718
1.2418241863504615
1.2423820657682074
1.2429401953072623
1.2434985750693452
1.2440572051575678
1.2446160856742792
1.245175216721191
1.2457345984015609
1.2462942308162988
1.2468541140668552
1.2474142482554986
1.2479746334839867
1.2485352698542342
1.249096157465507
1.2496572964216641
1.2502186868232157
1.2507803287688914
1.251342222361511
1.2519043677019495
1.2524667648905685
1.2530294140270266
1.2535923152144284
1.2541554685490999
1.2547188741333843
1.2552825320670238
1.2558464422095335
1.256410604047085
1.2569750259189025
1.2575396942158936
1.2581046152707738
1.2586697894835084
1.2592352098783064
1.2598008919240802
1.2603668256752363
1.260933012590429
1.2614994529516275
1.2620661468560217
1.2626330944006356
1.2632002956830446
1.263767750799147
1.2643354598452803
1.2649034229136018
1.2654716401006956
1.2660401114984194
1.2666088371996