0.47714491048112506
0.47714491048113206
0.4771449104811392
0.4771449104811453
0.4771449104811523
0.4771449104811592
0.47714491048116775
0.4771449104811742
0.47714491048118285
0.4771449104811921
0.4771449104811981
0.47714491048120544
0.4771449104812154
0.47714491048122376
0.4771449104812325
0.4771449104812413
0.4771449104812503
0.477144910481261
0.47714491048127106
0.4771449104812805
0.47714491048129204
0.4771449104813015
0.4771449104813123
0.477144910481322
0.47714491048133234
0.47714491048133945
0.4771449104813493
0.47714491048136143
0.47714491048137386
0.47714491048138263
0.4771449104813936
0.4771449104814073
0.47714491048141805
0.47714491048143104
0.47714491048144325
0.47714491048145624
0.4771449104814662
0.4771449104814818
0.47714491048149277
0.47714491048150726
0.477144910481521
0.4771449104815347
0.47714491048154917
0.47714491048156255
0.4771449104815786
0.47714491048159174
0.47714491048160695
0.47714491048162117
0.47714491048163776
0.477144910481652
0.4771449104816687
0.47714491048168456
0.47714491048170216
0.4771449104817168
0.47714491048173546
0.4771449104817536
0.4771449104817715
0.47714491048178975
0.47714491048180563
0.4771449104818249
0.4771449104818442
0.47714491048186425
0.4771449104818838
0.477144910481903
0.4771449104819256
0.47714491048194685
0.47714491048196644
0.4771449104819868
0.4771449104820064
0.47714491048202706
0.47714491048205054
0.4771449104820739
0.4771449104820992
0.47714491048212326
0.47714491048214625
0.4771449104821722
0.4771449104821943
0.4771449104822193
0.4771449104822446
0.477144910482273
0.4771449104823004
0.4771449104823264
0.4771449104823542
0.47714491048238283
0.4771449104824111
0.47714491048243807
0.47714491048246893
0.4771449104824977
0.4771449104825291
0.47714491048255775
0.4771449104825913
0.4771449104826217
0.47714491048265456
0.4771449104826889
0.4771449104827239
0.47714491048275864
0.47714491048279284
0.47714491048282687
0.47714491048286223
0.4771449104828987
0.4771449104829363
0.47714491048297364
0.4771449104830127
0.477144910483053
0.47714491048309216
0.4771449104831316
0.47714491048317387
0.4771449104832158
0.4771449104832578
0.4771449104833023
0.47714491048334423
0.477144910483389
0.4771449104834359
0.47714491048348173
0.47714491048353275
0.4771449104835809
0.4771449104836261
0.477144910483677
0.47714491048373014
0.47714491048377905
0.47714491048383356
0.4771449104838844
0.4771449104839385
0.47714491048399216
0.4771449104840519
0.47714491048410934
0.47714491048416036
0.47714491048422375
0.47714491048428653
0.47714491048434166
0.477144910484404
0.47714491048447066
0.47714491048452895
0.47714491048459606
0.47714491048466146
0.47714491048473057
0.47714491048479873
0.4771449104848681
0.4771449104849376
0.4771449104850084
0.47714491048508434
0.4771449104851609
0.4771449104852315
0.4771449104853123
0.477144910485391
0.47714491048547086
0.4771449104855529
0.4771449104856326
0.47714491048571805
0.4771449104858031
0.4771449104858887
0.47714491048597707
0.4771449104860665
0.4771449104861585
0.47714491048625157
0.47714491048634294
0.47714491048644125
0.47714491048653873
0.47714491048663776
0.4771449104867393
0.47714491048684066
0.47714491048694685
0.47714491048705154
0.4771449104871601
0.47714491048726915
0.4771449104873833
0.4771449104874974
0.47714491048761104
0.477144910487728
0.4771449104878478
0.477144910487971
0.4771449104880931
0.4771449104882186
0.4771449104883474
0.47714491048847557
0.47714491048860797
0.4771449104887444
0.4771449104888794
0.4771449104890181
0.47714491048915947
0.4771449104893032
0.4771449104894497
0.47714491048959984
0.4771449104897492
0.4771449104899042
0.47714491049005897
0.47714491049021807
0.47714491049038155
0.4771449104905489
0.4771449104907125
0.47714491049088603
0.47714491049106006
0.4771449104912357
0.4771449104914096
0.47714491049159263
0.47714491049178265
0.4771449104919677
0.4771449104921616
0.4771449104923538
0.4771449104925535
0.4771449104927552
0.47714491049295976
0.47714491049316776
0.47714491049337887
0.47714491049359503
0.4771449104938148
0.47714491049403823
0.4771449104942646
0.47714491049449875
0.4771449104947339
0.4771449104949715
0.47714491049521124
0.4771449104954597
0.47714491049571084
0.477144910495966
0.4771449104962257
0.4771449104964907
0.47714491049675867
0.47714491049703406
0.4771449104973115
0.47714491049759533
0.47714491049788343
0.47714491049817614
0.47714491049847346
0.4771449104987753
0.47714491049908264
0.4771449104993937
0.47714491049971264
0.47714491050003754
0.4771449105003647
0.47714491050070074
0.4771449105010391
0.4771449105013871
0.47714491050173924
0.47714491050209573
0.4771449105024604
0.4771449105028325
0.4771449105032064
0.47714491050359203
0.4771449105039858
0.47714491050437785
0.47714491050478314
0.4771449105051938
0.4771449105056084
0.47714491050603214
0.47714491050646474
0.4771449105069046
0.47714491050734836
0.47714491050780294
0.4771449105082639
0.4771449105087324
0.4771449105092104
0.477144910509697
0.47714491051018787
0.4771449105106932
0.47714491051120445
0.4771449105117265
0.4771449105122527
0.4771449105127862
0.47714491051333346
0.47714491051388747
0.47714491051445207
0.477144910515028
0.47714491051561486
0.47714491051621105
0.47714491051681407
0.4771449105174281
0.47714491051805225
0.4771449105186896
0.4771449105193369
0.477144910519991
0.47714491052066477
0.4771449105213486
0.4771449105220384
0.4771449105227429
0.47714491052345515
0.47714491052418484
0.47714491052492214
0.4771449105256782
0.4771449105264428
0.4771449105272221
0.47714491052801644
0.47714491052882196
0.477144910529641
0.47714491053047386
0.47714491053131824
0.47714491053218316
0.4771449105330611
0.4771449105339537
0.4771449105348595
0.47714491053578073
0.47714491053671937
0.4771449105376733
0.4771449105386433
0.4771449105396321
0.4771449105406325
0.47714491054165314
0.477144910542697
0.4771449105437466
0.4771449105448229
0.47714491054591485
0.4771449105470244
0.47714491054815616
0.47714491054930364
0.4771449105504741
0.47714491055166147
0.4771449105528695
0.47714491055409924
0.477144910555347
0.47714491055662206
0.4771449105579138
0.4771449105592297
0.4771449105605644
0.4771449105619231
0.4771449105633094
0.47714491056471864
0.47714491056614716
0.47714491056760056
0.4771449105690812
0.4771449105705856
0.4771449105721186
0.4771449105736748
0.47714491057525765
0.47714491057686814
0.4771449105785075
0.4771449105801731
0.477144910581867
0.47714491058359154
0.47714491058534375
0.4771449105871285
0.47714491058893466
0.47714491059077924
0.4771449105926574
0.47714491059456676
0.4771449105965049
0.47714491059847647
0.4771449106004823
0.4771449106025212
0.47714491060459796
0.4771449106067086
0.4771449106088506
0.4771449106110374
0.47714491061325637
0.47714491061551395
0.4771449106178098
0.47714491062014286
0.47714491062252223
0.47714491062493725
0.47714491062739395
0.47714491062989217
0.4771449106324309
0.47714491063501574
0.4771449106376497
0.4771449106403196
0.47714491064304015
0.4771449106458032
0.4771449106486151
0.4771449106514775
0.4771449106543862
0.47714491065734266
0.4771449106603517
0.47714491066341375
0.4771449106665254
0.4771449106696866
0.4771449106729085
0.4771449106761844
0.47714491067951487
0.4771449106828983
0.4771449106863422
0.4771449106898491
0.4771449106934057
0.4771449106970318
0.477144910700722
0.4771449107044661
0.47714491070827497
0.4771449107121503
0.4771449107160927
0.47714491072010645
0.4771449107241844
0.47714491072833126
0.4771449107325496
0.4771449107368418
0.47714491074120147
0.4771449107456386
0.477144910750152
0.4771449107547413
0.47714491075940535
0.4771449107641591
0.47714491076898596
0.4771449107738957
0.47714491077889254
0.47714491078396815
0.47714491078913723
0.47714491079438853
0.4771449107997342
0.47714491080516425
0.4771449108106953
0.47714491081631866
0.47714491082203153
0.47714491082784405
0.4771449108337597
0.477144910839773
0.4771449108458905
0.47714491085211225
0.4771449108584381
0.4771449108648726
0.47714491087141536
0.4771449108780712
0.4771449108848453
0.47714491089172595
0.47714491089872696
0.477144910905846
0.47714491091308986
0.4771449109204546
0.4771449109279498
0.47714491093556555
0.4771449109433113
0.47714491095119405
0.4771449109592087
0.47714491096735967
0.47714491097564876
0.4771449109840806
0.4771449109926546
0.47714491100137413
0.4771449110102436
0.4771449110192647
0.4771449110284349
0.47714491103776985
0.4771449110472562
0.47714491105691065
0.47714491106672635
0.4771449110767073
0.47714491108685725
0.47714491109718116
0.4771449111076868
0.47714491111836693
0.47714491112923124
0.47714491114027774
0.4771449111515125
0.4771449111629389
0.4771449111745597
0.4771449111863769
0.4771449111983988
0.47714491121062796
0.47714491122306135
0.477144911235707
0.4771449112485666
0.4771449112616505
0.477144911274952
0.47714491128847725
0.4771449113022408
0.47714491131623504
0.47714491133046544
0.4771449113449413
0.4771449113596635
0.4771449113746363
0.4771449113898646
0.47714491140535287
0.4771449114211004
0.47714491143712323
0.47714491145341276
0.47714491146998217
0.4771449114868341
0.4771449115039752
0.4771449115214039
0.4771449115391317
0.47714491155716215
0.47714491157550515
0.47714491159414957
0.47714491161311806
0.4771449116324053
0.4771449116520257
0.47714491167198125
0.4771449116922731
0.4771449117129082
0.4771449117339
0.4771449117552488
0.4771449117769608
0.4771449117990396
0.47714491182149765
0.477144911844335
0.4771449118675661
0.4771449118911884
0.477144911915221
0.477144911939653
0.47714491196451164
0.4771449119897833
0.4771449120154897
0.4771449120416352
0.4771449120682235
0.4771449120952664
0.4771449121227668
0.47714491215074006
0.4771449121791912
0.4771449122081269
0.47714491223755146
0.4771449122674779
0.47714491229791145
0.4771449123288699
0.47714491236035217
0.4771449123923759
0.477144912424939
0.477144912458054
0.47714491249173785
0.4771449125259982
0.47714491256083547
0.4771449125962718
0.4771449126323105
0.47714491266896336
0.47714491270623594
0.47714491274414683
0.4771449127827075
0.4771449128219172
0.47714491286180194
0.4771449129023597
0.4771449129436149
0.4771449129855693
0.4771449130282362
0.4771449130716322
0.47714491311576634
0.47714491316065877
0.47714491320631014
0.4771449132527407
0.47714491329996206
0.47714491334798503
0.4771449133968285
0.4771449134465035
0.4771449134970271
0.4771449135484057
0.4771449136006649
0.47714491365380973
0.47714491370786466
0.47714491376283946
0.4771449138187467
0.4771449138756105
0.47714491393343955
0.4771449139922578
0.47714491405207626
0.4771449141129127
0.4771449141747896
0.4771449142377157
0.4771449143017181
0.477144914366807
0.47714491443300044
0.477144914500327
0.4771449145688009
0.4771449146384395
0.4771449147092676
0.47714491478129817
0.4771449148545576
0.4771449149290667
0.477144915004842
0.47714491508191204
0.4771449151602888
0.47714491524000335
0.4771449153210774
0.47714491540352993
0.47714491548738897
0.4771449155726786
0.4771449156594164
0.4771449157476323
0.47714491583735585
0.477144915928606
0.47714491602140785
0.47714491611579135
0.47714491621178284
0.4771449163094132
0.47714491640870016
0.4771449165096837
0.477144916612387
0.4771449167168375
0.47714491682306653
0.47714491693110406
0.47714491704098927
0.4771449171527396
0.47714491726639585
0.47714491738198517
0.477144917499549
0.47714491761911276
0.47714491774071077
0.4771449178643854
0.4771449179901639
0.47714491811808524
0.47714491824818706
0.47714491838050405
0.47714491851507423
0.47714491865193787
0.47714491879113335
0.47714491893269745
0.4771449190766718
0.47714491922310287
0.4771449193720282
0.4771449195234907
0.4771449196775319
0.4771449198341933
0.47714491999352876
0.4771449201555764
0.477144920320387
0.47714492048800394
0.477144920658472
0.4771449208318467
0.47714492100817635
0.4771449211875103
0.4771449213698965
0.4771449215553904
0.4771449217440424
0.47714492193591296
0.4771449221310474
0.47714492232951056
0.47714492253135043
0.4771449227366302
0.47714492294540495
0.47714492315773704
0.47714492337368813
0.4771449235933135
0.47714492381668283
0.4771449240438549
0.4771449242749002
0.4771449245098799
0.47714492474886505
0.4771449249919193
0.47714492523911317
0.4771449254905192
0.47714492574620687
0.47714492600624997
0.4771449262707246
0.4771449265397011
0.4771449268132596
0.4771449270914803
0.4771449273744408
0.47714492766221855
0.4771449279548996
0.4771449282525706
0.47714492855530327
0.4771449288631986
0.4771449291763442
0.477144929494819
0.4771449298187178
0.47714493014813486
0.47714493048316386
0.47714493082389553
0.47714493117043677
0.47714493152288073
0.47714493188132623
0.47714493224588234
0.47714493261664337
0.47714493299372446
0.4771449333772283
0.4771449337672586
0.4771449341639386
0.47714493456737794
0.47714493497768573
0.47714493539498504
0.47714493581939144
0.4771449362510287
0.4771449366900194
0.47714493713648515
0.4771449375905601
0.4771449380523681
0.4771449385220415
0.4771449389997181
0.4771449394855303
0.47714493997961593
0.4771449404821243
0.4771449409931897
0.4771449415129602
0.47714494204158237
0.4771449425792122
0.4771449431260018
0.47714494368210375
0.47714494424768167
0.4771449448228894
0.47714494540789887
0.47714494600287266
0.4771449466079801
0.47714494722339706
0.4771449478493018
0.47714494848585914
0.4771449491332649
0.47714494979170347
0.47714495046134914
0.47714495114240457
0.47714495183506817
0.477144952539529
0.4771449532559831
0.47714495398464774
0.477144954725721
0.47714495547942354
0.4771449562459624
0.4771449570255589
0.4771449578184351
0.47714495862482026
0.47714495944493673
0.4771449602790262
0.4771449611273267
0.47714496199007467
0.47714496286752006
0.4771449637599129
0.4771449646675055
0.47714496559055947
0.4771449665293403
0.4771449674841097
0.47714496845514176
0.4771449694427181
0.47714497044711984
0.47714497146862644
0.47714497250753884
0.4771449735641412
0.4771449746387488
0.4771449757316587
0.4771449768431887
0.4771449779736517
0.4771449791233693
0.4771449802926747
0.4771449814818939
0.47714498269137784
0.4771449839214604
0.47714498517249665
0.47714498644485115
0.4771449877388705
0.47714498905493785
0.4771449903934267
0.47714499175470926
0.4771449931391823
0.4771449945472419
0.4771449959792866
0.47714499743572686
0.47714499891697437
0.4771450004234572
0.4771450019556005
0.4771450035138409
0.4771450050986256
0.47714500671041205
0.4771450083496497
0.47714501001681
0.47714501171237234
0.47714501343681315
0.4771450151906388
0.4771450169743356
0.47714501878841564
0.47714502063339936
0.4771450225098048
0.4771450244181804
0.4771450263590692
0.4771450283330088
0.47714503034058153
0.47714503238234984
0.4771450344588942
0.47714503657082025
0.47714503871871455
0.47714504090319987
0.47714504312489725
0.4771450453844429
0.4771450476824752
0.4771450500196563
0.47714505239664523
0.47714505481412905
0.4771450572727895
0.4771450597733335
0.4771450623164758
0.4771450649029376
0.4771450675334581
0.47714507020879204
0.4771450729296953
0.47714507569694503
0.47714507851133764
0.4771450813736692
0.4771450842847584
0.47714508724544114
0.47714509025656043
0.47714509331895916
0.47714509643353165
0.4771450996011581
0.47714510282274286
0.4771451060992112
0.4771451094314862
0.47714511282053035
0.4771451162673008
0.4771451197727848
0.4771451233379811
0.47714512696390876
0.4771451306516033
0.477145134402113
0.4771451382165141
0.477145142095891
0.4771451460413494
0.47714515005401587
0.47714515413503694
0.4771451582855765
0.47714516250681144
0.47714516679995544
0.4771451711662357
0.47714517560688785
0.4771451801231824
0.4771451847164083
0.47714518938788064
0.4771451941389259
0.4771451989709022
0.47714520388518816
0.47714520888318834
0.4771452139663194
0.4771452191360432
0.4771452243938278
0.4771452297411717
0.4771452351796065
0.47714524071068
0.4771452463359744
0.47714525205708724
0.477145257875654
0.47714526379333916
0.47714526981182037
0.47714527593282635
0.47714528215810165
0.47714528848941407
0.4771452949285743
0.47714530147742257
0.4771453081378265
0.4771453149116811
0.47714532180092517
0.4771453288075216
0.47714533593346947
0.4771453431807998
0.47714535055157853
0.4771453580479153
0.47714536567194193
0.4771453734258404
0.4771453813118161
0.4771453893321228
0.4771453974890449
0.4771454057849148
0.4771454142220913
0.4771454228029939
0.4771454315300591
0.47714544040577844
0.4771454494326898
0.4771454586133623
0.477145467950422
0.47714547744652136
0.4771454871043811
0.4771454969267504
0.4771455069164276
0.4771455170762727
0.47714552740917393
0.4771455379180857
0.4771455486060069
0.4771455594759799
0.47714557053110934
0.4771455817745506
0.477145593209506
0.477145604839243
0.4771456166670822
0.4771456286963865
0.47714564093059286
0.4771456533731948
0.4771456660277383
0.47714567889783377
0.4771456919871526
0.47714570529942985
0.47714571883846046
0.4771457326081094
0.47714574661229986
0.4771457608550324
0.4771457753403683
0.477145790072441
0.47714580505544657
0.47714582029366553
0.47714583579144043
0.47714585155319506
0.4771458675834232
0.47714588388669893
0.4771459004676786
0.4771459173310746
0.47714593448171033
0.4771459519244806
0.4771459696643582
0.4771459877063965
0.4771460060557491
0.477146024717644
0.4771460436974086
0.4771460630004561
0.4771460826322945
0.4771461025985182
0.4771461229048223
0.4771461435570083
0.4771461645609537
0.4771461859226583
0.4771462076482123
0.47714622974380927
0.47714625221576035
0.47714627507046375
0.47714629831444133
0.47714632195433193
0.47714634599686845
0.4771463704489114
0.4771463953174311
0.4771464206095277
0.47714644633240766
0.4771464724934081
0.4771464990999949
0.4771465261597494
0.4771465536803953
0.47714658166977864
0.4771466101358848
0.4771466390868251
0.4771466685308654
0.4771466984764004
0.4771467289319645
0.4771467599062473
0.4771467914080812
0.47714682344645226
0.4771468560304942
0.47714688916949866
0.47714692287291677
0.47714695715036237
0.47714699201160643
0.4771470274665948
0.4771470635254367
0.477147100198409
0.47714713749597815
0.477147175428776
0.47714721400761545
0.47714725324349483
0.4771472931476137
0.47714733373134727
0.47714737500625987
0.4771474169841247
0.47714745967691174
0.47714750309679393
0.4771475472561516
0.477147592167576
0.4771476378438749
0.47714768429806226
0.47714773154339196
0.47714777959332816
0.4771478284615742
0.47714787816206705
0.4771479287089643
0.47714798011668813
0.4771480323998808
0.47714808557346367
0.47714813965258535
0.47714819465266745
0.4771482505893822
0.47714830747868253
0.4771483653367836
0.477148424180181
0.477148484025646
0.47714854489023883
0.47714860679130866
0.47714866974650133
0.47714873377375594
0.47714879889132794
0.4771488651177799
0.47714893247197526
0.47714900097312984
0.4771490706407543
0.4771491414947058
0.47714921355518647
0.47714928684272734
0.4771493613782192
0.47714943718289154
0.4771495142783625
0.4771495926865956
0.47714967242993683
0.47714975353110756
0.47714983601321387
0.47714991989977207
0.4771500052146792
0.4771500919822428
0.4771501802271871
0.4771502699746533
0.4771503612502179
0.47715045407988466
0.4771505484900977
0.4771506445077593
0.4771507421602222
0.477150841475308
0.4771509424813024
0.4771510452069846
0.47715114968161876
0.4771512559349671
0.4771513639972828
0.4771514738993637
0.4771515856725003
0.4771516993485337
0.47715181495983905
0.47715193253933963
0.47715205212053446
0.4771521737374616
0.47715229742476967
0.4771524232176715
0.47715255115199057
0.4771526812641519
0.4771528135912155
0.47715294817085036
0.4771530850413732
0.47715322424175854
0.47715336581162887
0.4771535097912987
0.4771536562217437
0.47715380514466077
0.47715395660242715
0.47715411063816876
0.4771542672957155
0.47715442661967133
0.47715458865536714
0.47715475344892877
0.47715492104724705
0.4771550914980218
0.4771552648497495
0.47715544115176634
0.4771556204542304
0.47715580280815556
0.4771559882654287
0.4771561768788069
0.4771563687019507
0.4771565637894219
0.47715676219671554
0.4771569639802672
0.47715716919747225
0.47715737790668933
0.4771575901672733
0.4771578060395896
0.4771580255850225
0.47715824886599856
0.47715847594599803
0.4771587068895848
0.4771589417624198
0.47715918063126217
0.477159423564013
0.4771596706297342
0.47715992189863055
0.47716017744212497
0.4771604373328334
0.47716070164460317
0.47716097045254907
0.47716124383303293
0.47716152186373006
0.47716180462361807
0.47716209219302913
0.47716238465363137
0.47716268208849677
0.4771629845820924
0.4771632922203208
0.4771636050905327
0.47716392328156043
0.4771642468837405
0.4771645759889402
0.4771649106905768
0.4771652510836419
0.47716559726475016
0.47716594933213213
0.4771663073856915
0.4771666715270167
0.4771670418594157
0.4771674184879394
0.4771678015194173
0.4771681910624861
0.47716858722760597
0.47716899012711517
0.47716939987524803
0.4771698165881751
0.47717024038400196
0.4771706713828621
0.47717110970689514
0.47717155548030366
0.47717200882940264
0.47717246988261747
0.47717293877055483
0.47717341562601434
0.47717390058404374
0.47717439378196874
0.47717489535941554
0.47717540545838244
0.47717592422325666
0.477176451800846
0.4771769883404416
0.4771775339938505
0.4771780889154343
0.47717865326215586
0.4771792271936072
0.47717981087208805
0.47718040446261173
0.4771810081329778
0.4771816220537999
0.4771822463985711
0.4771828813436882
0.4771835270685299
0.4771841837554683
0.47718485158996266
0.4771855307605691
0.47718622145902356
0.47718692388026496
0.47718763822251864
0.47718836468733533
0.47718910347963733
0.477189854807797
0.47719061888366965
0.47719139592266147
0.47719218614380216
0.4771929897697703
0.47719380702699776
0.47719463814569807
0.4771954833599167
0.4771963429076507
0.4771972170308593
0.47719810597555556
0.4771990099918582
0.47719992933406635
0.4772008642607341
0.4772018150347382
0.47720278192332843
0.47720376519823127
0.4772047651356923
0.47720578201658365
0.4772068161264386
0.4772078677555723
0.4772089371991168
0.47721002475712715
0.4772111307346564
0.4772122554418309
0.47721339919394185
0.47721456231150816
0.4772157451203944
0.47721694795186886
0.4772181711427007
0.47721941503525783
0.47722067997757167
0.47722196632346925
0.47722327443262536
0.47722460467067834
0.4772259574093259
0.47722733302641496
0.4772287319060479
0.47723015443867434
0.47723160102119944
0.477233072057089
0.47723456795646796
0.4772360891362223
0.47723763602012714
0.47723920903893347
0.47724080863049484
0.47724243523986887
0.4772440893194486
0.47724577132905094
0.47724748173605736
0.47724922101553013
0.47725098965033336
0.4772527881312421
0.47725461695707916
0.4772564766348477
0.47725836767984964
0.47726029061581643
0.47726224597504
0.47726423429851655
0.477266256136066
0.47726831204649406
0.47727040259769293
0.4772725283668309
0.47727468994045513
0.4772768879146633
0.47727912289523255
0.4772813954977839
0.4772837063479227
0.47728605608140406
0.4772884453442708
0.47729087479303006
0.4772933450948086
0.4772958569274911
0.47729841097992154
0.4773010079520537
0.47730364855510443
0.477306333511745
0.47730906355626834
0.4773118394347573
0.47731466190526833
0.4773175317380114
0.4773204497155312
0.4773234166328741
0.47732643329781804
0.47732950053100986
0.47733261916618674
0.4773357900503685
0.4773390140440387
0.4773422920213509
0.47734562487033594
0.4773490134930953
0.4773524588060073
0.4773559617399279
0.4773595232404199
0.4773631442679566
0.47736682579811635
0.4773705688218376
0.47737437434559665
0.4773782433916649
0.4773821769983156
0.477386176220043
0.47739024212781805
0.47739437580929056
0.47739857836903493
0.47740285092880125
0.4774071946277218
0.47741161062258075
0.4774161000880431
0.47742066421689894
0.47742530422032725
0.4774300213281268
0.47743481678897315
0.47743969187068575
0.4774446478604723
0.47744968606519256
0.47745480781161215
0.47746001444669056
0.47746530733781206
0.4774706878730814
0.47747615746158006
0.47748171753364593
0.4774873695411397
0.4774931149577279
0.47749895527914626
0.4775048920235147
0.47751092673157725
0.47751706096701013
0.477523296316694
0.47752963439102086
0.4775360768241545
0.47754262527435204
0.4775492814242235
0.4775560469810404
0.47756292367704384
0.4775699132697185
0.47757701754209086
0.4775842383030365
0.4775915773875763
0.4775990366571747
0.47760661800004295
0.47761432333142584
0.47762215459394136
0.4776301137578265
0.47763820282128355
0.4776464238107765
0.4776547787813181
0.4776632698167843
0.477671899030218
0.4776806685641291
0.47768958059078737
0.47769863731255024
0.47770784096212704
0.4777171938029156
0.4777266981292756
0.47773635626683986
0.477746170572801
0.4777561434362215
0.4777662772783024
0.4777765745527045
0.4777870377458155
0.4777976693770389
0.4778084719990891
0.477819448198262
0.4778306005947124
0.4778419318427365
0.47785344463102786
0.4778651416829533
0.4778770257568158
0.4778890996460851
0.4779013661796827
0.477913828222175
0.47792648867403476
0.4779393504718435
0.47795241658848714
0.47796569003335204
0.47797917385249333
0.47799287112882344
0.47800678498235494
0.4780209185705823
0.4780352750891239
0.4780498577724403
0.47806466989400925
0.4780797147654948
0.47809499573601544
0.478110516192818
0.47812627956244186
0.47814228931106606
0.4781585489442316
0.47817506200657234
0.47819183208173033
0.47820886279241287
0.4782261578005123
0.4782437208072201
0.4782615555531097
0.478279665818262
0.47829805542226494
0.47831672822429866
0.4783356881231464
0.4783549390571731
0.4783744850043554
0.4783943299821851
0.47841447804768517
0.47843493329726167
0.47845569986660846
0.47847678193050697
0.4784981837024258
0.4785199094339646
0.47854196341387467
0.4785643499667036
0.47858707345191104
0.47861013826483867
0.47863354884069564
0.4786573096611988
0.47868142525598173
0.47870590019437437
0.47873073907863173
0.47875594654297887
0.4787815272547996
0.47880748591561434
0.47883382726146206
0.4788605560628967
0.4788876771247041
0.4789151952855291
0.4789431154173848
0.47897144242514017
0.4790001812459511
0.47902933684869536
0.4790589142333102
0.47908891843019236
0.47911935449949067
0.4791502275304439
0.4791815426406249
0.4792133049752081
0.4792455197061956
0.4792781920316055
0.479311327174638
0.479344930382828
0.4793790069271565
0.4794135621011313
0.4794486012198439
0.4794841296190178
0.47952015265398834
0.47955667569869104
0.4795937041446072
0.47963124339968255
0.4796692988872115
0.4797078760447115
0.4797469803227525
0.479786617183768
0.4798267921008332
0.4798675105564272
0.4799087780411504
0.47995060005243617
0.4799929820932204
0.4800359296705939
0.480079448294428
0.4801235434759731
0.48016822072643606
0.48021348555553206
0.48025934347001414
0.4803057999721795
0.48035286055835175
0.4804005307173525
0.4804488159289333
0.4804977216622047
0.4805472533740398
0.4805974165074606
0.48064821649000306
0.48069965873207043
0.4807517486252722
0.48080449154073934
0.4808578928274346
0.4809119578104484
0.48096669178928875
0.4810221000361348
0.48107818779411676
0.4811349602755693
0.48119242266026824
0.4812505800936866
0.48130943768521683
0.4813690005064125
0.48142927358922094
0.4814902619242074
0.48155197045878834
0.4816144040954576
0.4816775676900382
0.4817414660499006
0.4818061039322295
0.48187148604226127
0.4819376170315694
0.482004501496313
0.48207214397556947
0.4821405489496062
0.4822097208382531
0.4822796639992634
0.4823503827267315
0.48242188124961666
0.48249416373034654
0.48256723426367626
0.4826410968759569
0.48271575552523555
0.48279121410310777
0.48286747644004036
0.48294454631097117
0.4830224273435847
0.483101122679412
0.48318063597794964
0.48326097097404636
0.48334213078356003
0.4834241185928786
0.48350693776301
0.48359059128744913
0.4836750821067723
0.4837604130981095
0.4838465870603656
0.4839336067055356
0.4840214746524544
0.4841101934240244
0.484199765446904
0.4842901930517685
0.48438147847328933
0.48447362384968196
0.4845666312219347
0.48466050253286735
0.48475523962614203
0.48485084424541797
0.48494731803371904
0.4850446625330571
0.4851428791842318
0.4852419693267225
0.48534193419858923
0.48544277493635846
0.4855444925748902
0.4856470880472407
0.48575056218454465
0.485854915715923
0.4859601492684338
0.4860662633670761
0.48617325843483816
0.48628113479281027
0.4863898926603402
0.48649953215524866
0.48661005329409457
0.486721455992494
0.48683374006548796
0.4869469052278997
0.48706095109262987
0.4871758771708275
0.48729168287528946
0.4874083675211567
0.4875259303264682
0.4876443704127727
0.48776368680581333
0.48788387843623404
0.4880049441403733
0.48812688266107357
0.4882496926485446
0.4883733726612928
0.48849792116704177
0.4886233365437633
0.48874961708065273
0.48887676097922617
0.489004766354417
0.4891336312356888
0.48926335356818507
0.489393931213961
0.4895253619531428
0.4896576434852099
0.48979077343022603
0.48992474933015373
0.4900595686501333
0.49019522877974786
0.49033172703450717
0.49046906065695284
0.4906072268181674
0.49074622261893525
0.49088604509106554
0.4910266911985556
0.49116815783852796
0.4913104418421071
0.4914535399745493
0.491597448934358
0.4917421653503529
0.49188768577302444
0.49203400665125996
0.4921811242632612
0.4923290345574116
0.492477735713155
0.4926272269026723
0.4927774998443365
0.49292855105811884
0.4930803770258573
0.4932329740161317
0.4933863381910742
0.4935404656451259
0.4936953524202673
0.4938509945133763
0.4940073878810834
0.4941645284426336
0.4943224120823176
0.4944810346514508
0.49464039197008647
0.4948004798289273
0.494961293990726
0.4951228301919009
0.4952850841440244
0.4954480515354335
0.4956117280326605
0.4957761092819334
0.4959411909106997
0.49610696852915065
0.4962734377317334
0.4964405940988983
0.4966084331987053
0.4967769505885935
0.49694614181657476
0.49711600242015447
0.49728652791504085
0.49745771374922215
0.4976295552438683
0.4978020478170746
0.49797518706113025
0.4981489686155022
0.49832338805542375
0.49849844088862405
0.4986741226049527
0.49885042869700774
0.49902735466851955
0.49920489603895624
0.499383048317036
0.49956180669950695
0.49974116664722845
0.49992112391348414
0.5001016740578446
0.5002828123850648
0.500464534523742
0.5006468361890914
0.5008297129646883
0.5010131604184251
0.5011971741301753
0.5013817496958691
0.501566882727982
0.5017525688555812
0.5019388037243154
0.5021255829957936
0.5023129023459205
0.5025007574617526
0.5026891440439606
0.5028780578283911
0.5030674946008653
0.5032574501690709
0.5034479203412446
0.5036389009329775
0.5038303877772535
0.5040223767292332
0.5042148636679279
0.5044078444967471
0.5046013151437415
0.5047952715617889
0.5049897097287716
0.5051846256478051
0.5053800153474467
0.5055758748819411
0.5057722003314518
0.5059689878022982
0.5061662334271885
0.5063639333654385
0.5065620838031913
0.5067606809536251
0.506959721057149
0.5071592003815881
0.5073591152223612
0.5075594619026496
0.5077602367735504
0.5079614362142288
0.5081630566318804
0.5083650944613276
0.5085675461658739
0.5087704082376442
0.5089736771976583
0.5091773495958933
0.5093814220113422
0.5095858910520711
0.5097907533552659
0.5099960055872697
0.5102016444436274
0.5104076666490975
0.5106140689576807
0.5108208481526244
0.5110280010464301
0.5112355244808447
0.5114434153268471
0.5116516704846277
0.511860286883555
0.5120692614821397
0.5122785912679918
0.5124882732577501
0.5126983044970208
0.512908682060293
0.513119403050839
0.5133304646005774
0.5135418638699328
0.513753598047625
0.5139656643504763
0.514178060023308
0.5143907823397901
0.5146038286030681
0.5148171961190875
0.5150308821385905
0.5152448839572876
0.5154591998381866
0.5156738264931516
0.5158887614702365
0.5161040022805511
0.5163195464602915
0.5165353915634742
0.5167515351638788
0.5169679748628146
0.5171847082911935
0.5174017331097355
0.5176190470077114
0.517836647696257
0.5180545329088295
0.5182727004073763
0.5184911479810883
0.5187098734452694
0.5189288746408061
0.5191481494341383
0.5193676957177684
0.5195875114116333
0.5198075944664683
0.5200279428727073
0.5202485545771864
0.5204694271741089
0.5206905591445683
0.5209119485193399
0.5211335933665822
0.5213554917816392
0.5215776418857334
0.5218000418244381
0.5220226897667263
0.5222455839043766
0.522468722451567
0.5226921036445695
0.522915725741488
0.5231395870220283
0.5233636857872859
0.5235880203595393
0.5238125890820502
0.524037390318867
0.524262422454627
0.5244876838943678
0.5247131730633234
0.5249388884067372
0.5251648283896646
0.5253909914967787
0.5256173762321773
0.5258439811191854
0.5260708047001605
0.5262978455363077
0.5265251022074708
0.5267525733119536
0.5269802574663162
0.5272081533051859
0.5274362594810662
0.5276645746641468
0.5278930975421026
0.5281218268199188
0.5283507612196823
0.5285798994804065
0.5288092403578378
0.5290387826242683
0.5292685250683379
0.5294984664948762
0.5297286057246978
0.5299589415944738
0.530189472956553
0.530420198678922
0.5306511176451243
0.5308822287544105
0.5311135309219346
0.5313450230790044
0.5315767041729985
0.5318085731663287
0.5320406290342024
0.5322728707624784
0.53250529734748
0.532737907797912
0.5329707011370833
0.5332036764044017
0.5334368326571859
0.5336701689763008
0.5339036844785834
0.5341373781999812
0.5343712491165424
0.5346052965187024
0.5348395195266199
0.5350739172639489
0.5353084888791125
0.5355432335540564
0.5357781504662357
0.5360132388018476
0.5362484977610136
0.5364839265561263
0.5367195244110127
0.5369552905606614
0.5371912242511123
0.5374273247393706
0.5376635912933037
0.5379000231915182
0.5381366197232142
0.5383733801880277
0.5386103038958732
0.5388473901667857
0.5390846383307571
0.539322047727583
0.5395596177067062
0.539797347627049
0.5400352368568405
0.5402732847734281
0.5405114907630341
0.5407498542205824
0.5409883745501358
0.5412270511727649
0.5414658836759098
0.541704871224298
0.5419440130978892
0.5421833092321664
0.54242275885494
0.5426623614207559
0.5429021164034769
0.5431420232853115
0.5433820815558428
0.543622290711995
0.5438626502580448
0.5441031597056067
0.5443438185735954
0.5445846263881597
0.5448255826826149
0.5450666869973604
0.5453079388798001
0.5455493378842595
0.5457908835719003
0.5460325755106347
0.5462744132750421
0.5465163964462834
0.5467585246120172
0.5470007973663172
0.5472432143095848
0.54748577504847
0.5477284791957872
0.547971326370433
0.5482143161973044
0.5484574483072195
0.5487007223368314
0.548944137928553
0.5491876947304726
0.5494313923962644
0.549675230585108
0.5499192089615849
0.5501633271955757
0.5504075849621308
0.5506519819413226
0.5508965178180748
0.5511411922820034
0.5513860050273235
0.5516309557529069
0.5518760441620049
0.5521212699600605
0.5523666328515429
0.5526121325790071
0.5528577689680269
0.5531035416620425
0.5533494503542497
0.5535954947825564
0.5538416746841994
0.5540879898486829
0.5543344401355911
0.5545810251895823
0.5548277447347854
0.5550745985453043
0.5553215863957333
0.5555687080612163
0.5558159633191826
0.5560633519501347
0.5563108737379587
0.5565585284700534
0.5568063159373535
0.557054235934334
0.5573022882589823
0.5575504727127737
0.5577987891006316
0.558047237230897
0.558295816915295
0.5585445279688973
0.5587933702100922
0.5590423434605544
0.5592914475452269
0.5595406822923074
0.5597900475332618
0.5600395431028673
0.560289168839314
0.560538924584368
0.5607888101834512
0.5610388254842088
0.5612889703196967
0.561539244692064
0.561789647918402
0.5620401804753168
0.5622908419561394
0.5625416322678215
0.5627925512784954
0.5630435988546098
0.5632947748650746
0.5635460791817348
0.5637975116792955
0.5640490722352174
0.5643007607295948
0.5645525770449813
0.5648045210659807
0.5650565926784114
0.5653087917687779
0.5655611182253787
0.5658135719401083
0.5660661528090407
0.5663188607317788
0.5665716956106721
0.5668246573502609
0.5670777458570219
0.5673309610392808
0.5675843028071277
0.5678377710724567
0.5680913657489085
0.5683450867518831
0.5685989339985206
0.5688529074076929
0.5691070068999916
0.5693612323977125
0.5696155838248326
0.5698700611070198
0.5701246641716022
0.5703793929475647
0.5706342473655314
0.5708892273577542
0.5711443328580973
0.5713995638020268
0.5716549201265858
0.5719104017703888
0.5721660086736008
0.5724217407779195
0.5726775980265564
0.5729335803642231
0.5731896877371101
0.5734459200928671
0.5737022773805893
0.5739587595508
0.5742153665554288
0.5744720983478049
0.5747289548826414
0.574985936116033
0.5752430420054531
0.5755002725097768
0.5757576275893058
0.5760151072058419
0.5762727113227977
0.5765304399053954
0.5767882929209912
0.5770462703395782
0.5773043721344795
0.5775625982829743
0.5778209487656353
0.5780794235607065
0.5783380226189527
0.5785967457713623
0.5788555929668671
0.5791145643488241
0.5793736599148145
0.5796328796294974
0.5798922234650441
0.580151691408061
0.580411283453688
0.5806709994080589
0.5809308393486078
0.5811908033421688
0.5814508913474814
0.5817111033374868
0.5819714392921832
0.5822318991946193
0.5824924830295501
0.5827531907831053
0.5830140224432895
0.5832749780014789
0.5835360574518553
0.5837972607877651
0.5840585880104201
0.5843200391168049
0.5845816140953086
0.5848433129359835
0.5851051356320222
0.5853670821786111
0.5856291525722384
0.58589134681035
0.5861536648912337
0.5864161068139381
0.5866786725782491
0.5869413621846548
0.5872041756343197
0.5874671129290466
0.5877301740712383
0.5879933590638391
0.5882566679102846
0.5885201006143735
0.588783657180151
0.5890473376117212
0.5893111419129923
0.589575070087555
0.5898391221393577
0.5901032980790665
0.5903675979745717
0.5906320226757088
0.5908965707957168
0.5911612413562457
0.5914260370449336
0.5916909567852909
0.5919560005018708
0.5922211681973989
0.5924864598873681
0.59275187559097
0.5930174153292924
0.5932830791238661
0.5935488669943977
0.5938147789571101
0.5940808150252864
0.5943469752113552
0.5946132595287175
0.5948796679924411
0.59514620061922
0.5954128574270483
0.5956796384349268
0.5959465436626442
0.5962135731306328
0.5964807268598792
0.5967480048718611
0.5970154071885002
0.5972829338321292
0.597550584825461
0.5978183601915638
0.5980862599538446
0.5983542841360334
0.5986224327621671
0.5988907058565894
0.5991591034439371
0.5994276255491443
0.5996962721974346
0.5999650434142707
0.6002339392254393
0.6005029596571644
0.6007721047360517
0.6010413744890284
0.6013107689432842
0.6015802881262384
0.60184993206559
0.6021197007895287
0.6023895943261457
0.602659612702149
0.60292975593976
0.603200024047721
0.6034704170001566
0.6037409347404276
0.6040115776706426
0.6042823459315293
0.6045532390473005
0.6048242569432312
0.6050954001750052
0.605366668643312
0.6056380623511849
0.6059095815410087
0.6061812257421054
0.6064529951559453
0.6067248898536904
0.6069969098809322
0.6072690552762542
0.6075413260759722
0.6078137223156845
0.6080862440308362
0.6083588912569106
0.6086316640294577
0.6089045623833282
0.6091775863528542
0.6094507359731339
0.6097240112799869
0.6099974123098384
0.6102709390996088
0.6105445916865919
0.6108183701082157
0.611092274401389
0.6113663046008992
0.6116404607394148
0.6119147428678231
0.6121891510228898
0.6124636851902303
0.6127383454168072
0.6130131317616687
0.6132880442741316
0.6135630829980713
0.6138382479750779
0.6141135392457755
0.6143889568503857
0.6146645008289507
0.6149401712214735
0.6152159680679448
0.6154918914083835
0.6157679412828672
0.6160441177315343
0.616320420794594
0.6165968505123433
0.616873406925165
0.617150090073544
0.6174268999980614
0.6177038367394093
0.6179809003383839
0.6182580908358941
0.6185354082729553
0.6188128526906982
0.6190904241303502
0.6193681226332395
0.6196459482407835
0.6199239009944776
0.6202019809358785
0.6204801881065926
0.6207585225482776
0.6210369843026741
0.6213155734117749
0.6215942899183704
0.6218731338679451
0.6221521053159542
0.6224312043636756
0.6227104314528685
0.6229897864166211
0.6232692683805084
0.6235488790554108
0.6238286162921782
0.6241084815635147
0.62438847494404
0.6246685967403331
0.6249488450692138
0.625229221330987
0.6255097254184118
0.6257903578234377
0.6260711185739644
0.6263520076260262
0.6266330249683532
0.626914170613386
0.6271954445871195
0.6274768469232613
0.6277583776600462
0.6280400368385165
0.6283218245015595
0.6286037406934253
0.6288857854595965
0.6291679588470178
0.6294502609048779
0.6297326916864021
0.630015251252684
0.6302979396804733
0.63058075707475
0.6308637035603
0.6311467791518834
0.6314299836302834
0.6317133164619694
0.6319967785245955
0.6322803697989693
0.6325640902774805
0.6328479400109195
0.633131919051623
0.6334160274410923
0.6337002652170763
0.6339846324197617
0.6342691290948661
0.6345537552936813
0.6348385110714603
0.6351233964852793
0.6354084115916201
0.6356935564441973
0.6359788310930957
0.636264235585183
0.6365497699650522
0.6368354342758096
0.6371212285592838
0.6374071528552088
0.6376932071986812
0.6379793916293511
0.6382657063462012
0.6385521512887194
0.6388387265330614
0.6391254319951057
0.6394122677658522
0.6396992339086494
0.63998633054143
0.6402735578017945
0.6405609157475073
0.640848404323442
0.6411360235523841
0.641423773484282
0.6417116541712092
0.6419996656641842
0.6422878080128467
0.6425760812656207
0.6428644854705127
0.643153020679278
0.6434416869635189
0.6437304844436432
0.6440194132398467
0.6443084733501916
0.6445976647405464
0.6448869874303108
0.6451764414687016
0.6454660269126462
0.6457557438198221
0.6460455922471874
0.6463355722508755
0.6466256838863719
0.646915927208711
0.6472063022726153
0.6474968091326069
0.6477874478430724
0.6480782184583039
0.6483691210315178
0.6486601556126484
0.6489513222519199
0.6492426210005244
0.6495340519103924
0.6498256150340098
0.6501173104242953
0.650409138134498
0.6507010982181153
0.6509931907288352
0.6512854157204878
0.6515777732470044
0.651870263362381
0.6521628861206689
0.6524556415759437
0.6527485297822913
0.6530415507938013
0.6533347046645581
0.6536279914486257
0.6539214112000673
0.6542149639729207
0.6545086498212059
0.6548024687989381
0.6550964209601159
0.6553905063587349
0.6556847250487826
0.6559790770842634
0.6562735625191828
0.6565681814075625
0.6568629338034556
0.6571578197609471
0.6574528393341652
0.6577479925772916
0.6580432795445702
0.6583387002903225
0.6586342548689659
0.6589299433350373
0.6592257657432051
0.6595217221483101
0.6598178126054118
0.6601140371698416
0.6604103958972901
0.6607068888439247
0.6610035160665491
0.6613002776228537
0.6615971735717958
0.6618942039741167
0.6621913688932084
0.6624886683962983
0.6627861025560344
0.6630836714515707
0.6633813751630034
0.6636792137248541
0.663977186963965
0.664275294723409
0.6645735399603492
0.6648719150884209
0.6651704277309641
0.6654690753742363
0.665767858138054
0.6660667760898376
0.6663658293359639
0.6666650179467953
0.6669643419785178
0.6672638014841318
0.6675633965167223
0.6678631271295979
0.6681629933746345
0.6684629952997584
0.6687631329456665
0.6690634063524876
0.6693638155895234
0.669664360752039
0.6699650418515848
0.6702658587269468
0.670566811544371
0.6708679005113671
0.6711691256968628
0.6714704871583611
0.6717719849625459
0.6720736191924896
0.6723753899556817
0.6726772970648973
0.6729793406547975
0.6732815206975192
0.6735838374819988
0.6738862907012425
0.6741888804697337
0.6744916070836164
0.6747944706020523
0.6750974710523608
0.6754006084761528
0.6757038829294783
0.6760072944792626
0.6763108432010355
0.6766145291833386
0.6769183525578885
0.6772223136903374
0.6775264136083097
0.6778306466989938
0.6781350188628561
0.6784395289420536
0.6787441767327641
0.6790489622297278
0.6793538854687817
0.6796589464983801
0.6799641453718056
0.6802694821444781
0.6805749568728384
0.6808805696138571
0.6811863204247804
0.6814922093630194
0.6817982364860701
0.6821044018514774
0.6824107055168267
0.6827171475397317
0.6830237279778195
0.6833304468887456
0.683637304330197
0.6839443003598991
0.6842514350356147
0.6845587084151736
0.6848661205564548
0.6851736715174158
0.6854813613561075
0.685789190130652
0.6860971578992859
0.6864052647203478
0.6867135106522911
0.6870218957536777
0.6873304200832058
0.6876390836996897
0.6879478866620705
0.6882568290294185
0.6885659108609288
0.6888751322159149
0.6891844931538246
0.6894939937342099
0.6898036340167445
0.6901134140612027
0.6904233339274667
0.6907333936755081
0.6910435933653873
0.6913539330572468
0.6916644128112973
0.6919750326878154
0.6922857927471319
0.692596693049626
0.6929077336552766
0.6932189146230964
0.693530236012201
0.693841697881974
0.6941533002920326
0.6944650433021993
0.6947769269724766
0.6950889513630245
0.695401116534137
0.695713422546232
0.696025869459824
0.6963384573355178
0.6966511862339979
0.6969640562160059
0.6972770673423541
0.6975902196738893
0.6979035132715166
0.6982169481961702
0.6985305245088258
0.698844242270488
0.6991581015421973
0.6994721023850238
0.6997862448600648
0.7001005290284572
0.700414954951369
0.7007295226899993
0.7010442323055954
0.7013590838594447
0.7016740774128783
0.7019892130272856
0.7023044907641158
0.7026199106848807
0.7029354728511747
0.703251177324659
0.7035670241671053
0.7038830134403579
0.7041991452063888
0.7045154195272596
0.704831836465131
0.7051483960822291
0.705465098440809
0.7057819436030168
0.7060989316306798
0.7064160625849092
0.7067333365253163
0.7070507535088073
0.7073683135878659
0.7076860168103417
0.708003863228013
0.7083218529142845
0.7086399859508227
0.7089582624059507
0.7092766823436847
0.7095952458046072
0.7099139524995641
0.7102328036495764
0.7105517983074006
0.7108709368831388
0.7111902199518825
0.7115096457412866
0.7118292146704384
0.7121489282151363
0.7124687860339466
0.7127887880776642
0.7131089343704048
0.7134292249577873
0.7137496598923553
0.7140702392299294
0.7143909630286251
0.7147118313486136
0.7150328442520013
0.7153540018025215
0.7156753040651267
0.7159967511054901
0.7163183429895476
0.7166400797831761
0.7169619615519569
0.7172839883610751
0.7176061602752895
0.7179284773589284
0.7182509396759409
0.7185735472899564
0.718896300264326
0.7192191986621884
0.7195422425464973
0.719865431980083
0.7201887670256752
0.7205122477459338
0.7208358742034755
0.721159646460891
0.721483564580774
0.7218076286257187
0.7221318386583414
0.7224561947412904
0.722780696937256
0.723105345308976
0.7234301399192576
0.7237550808310075
0.7240801681072835
0.7244054018114146
0.7247307820072438
0.7250563087597031
0.7253819821361648
0.7257078022101273
0.7260337690726294
0.7263598828757386
0.7266861440145619
0.7270125515740867
0.7273391052636502
0.727665806595209
0.7279926552442957
0.7283196511584366
0.7286467943627812
0.7289740849055938
0.7293015228436448
0.7296291082373699
0.7299568411489894
0.7302847216416629
0.730612749779109
0.730940925625386
0.731269249244791
0.7315977207017746
0.7319263400609245
0.7322551073869104
0.7325840227444951
0.73291308619849
0.733242297813769
0.7335716576552501
0.7339011657878761
0.7342308222766285
0.7345606271864994
0.7348905805824966
0.7352206825296337
0.735550933092917
0.7358813323373444
0.7362118803278809
0.73654257712946
0.7368734228069703
0.7372044174252275
0.7375355610489683
0.7378668537428229
0.7381982955712889
0.738529886598716
0.73886162688928
0.7391935165069494
0.7395255555154957
0.7398577439785399
0.7401900819596829
0.7405225695229054
0.7408552056096704
0.7411879927527878
0.7415209276936894
0.741854012816863
0.7421872505489002
0.7425206377877112
0.7428541748867246
0.7431878620133382
0.7435216992775437
0.7438556867591936
0.7441898245277974
0.7445241126537318
0.744858551207325
0.7451931402587095
0.7455278798778935
0.7458627701348233
0.7461978110993581
0.7465330028412361
0.7468683454300279
0.7472038389350653
0.747539483425423
0.7478752789698773
0.7482112256369091
0.7485473234947122
0.7488835726112089
0.7492199730540684
0.7495565248907535
0.7498932281885343
0.7502300830145296
0.7505670894357434
0.7509042475191022
0.7512415573314785
0.7515790189397474
0.751916632410818
0.7522543978116831
0.7525923152095051
0.7529303846717019
0.7532686062660787
0.7536069800610593
0.7539455061260423
0.7542841845319938
0.7546230153525608
0.7549619986660856
0.7553011345596211
0.7556404231369256
0.7559798645312992
0.7563194588632202
0.7566592056207909
0.7569991050271887
0.7573391571988726
0.7576793617655069
0.7580197196247952
0.7583602308556158
0.7587008954369068
0.759041713380743
0.7593826847218967
0.7597238095078086
0.7600650877931444
0.7604065196368905
0.7607481051007459
0.7610898442482035
0.7614317371439632
0.761773783853599
0.7621159844433179
0.7624583389798087
0.7628008475301218
0.7631435101616096
0.7634863269418435
0.7638292979386027
0.7641724232198162
0.7645157028535412
0.7648591369079503
0.7652027254513077
0.7655464685519481
0.7658903662782675
0.7662344186987194
0.7665786258817886
0.7669229878959889
0.7672675048098349
0.7676121766918559
0.7679570036105516
0.7683019856343969
0.7686471228318115
0.7689924152711564
0.7693378630207213
0.7696834661487115
0.7700292247233336
0.7703751388129487
0.770721208486481
0.771067433814349
0.771413814870175
0.7717603517330853
0.7721070444879913
0.7724538932186815
0.7728008979954998
0.7731480588733673
0.7734953759035647
0.7738428491431333
0.7741904786558111
0.7745382645051502
0.7748862067364026
0.7752343054501842
0.775582560715822
0.7759309726027407
0.7762795411804846
0.7766282665187262
0.7769771486872546
0.777326187755974
0.7776753837949086
0.778024736874191
0.7783742470640648
0.7787239144348913
0.7790737390571456
0.7794237210014305
0.7797738603384818
0.7801241571389032
0.7804746114713075
0.7808252234035707
0.781175993003861
0.7815269203406052
0.7818780054824477
0.7822292484982173
0.7825806494568976
0.7829322084276057
0.7832839254795848
0.7836358006821895
0.7839878341049098
0.7843400258174006
0.784692375889522
0.7850448843914536
0.7853975513938439
0.7857503769680129
0.7861033611862791
0.7864565041224325
0.7868098058524083
0.7871632664551762
0.787516886014007
0.7878706646137623
0.7882246022070061
0.7885786993644427
0.7889329571301441
0.7892873724368261
0.7896419457812085
0.7899966801816507
0.7903515741458469
0.7907066277338853
0.7910618410700554
0.7914172142783965
0.7917727475205404
0.7921284409828538
0.7924842936315689
0.7928403055196183
0.7931964776878933
0.7935528101557932
0.7939093029214632
0.7942659560237069
0.7946227695182777
0.7949797434684798
0.7953368715571804
0.7956941662917723
0.7960516216575669
0.7964092377269208
0.7967670145712562
0.7971249522638629
0.7974830508767876
0.7978413104832497
0.7981997311550753
0.7985583129661004
0.7989170559890425
0.7992759602969778
0.799635025963195
0.7999942530611132
0.8003536416633525
0.8007131918439183
0.8010729036757973
0.8014327772328473
0.8017928125876146
0.8021530098131779
0.8025133689841322
0.8028738901719287
0.803234573449189
0.8035954188909542
0.8039564265703016
0.8043175965604263
0.8046789289343635
0.8050404237642744
0.8054020811240324
0.8057639010855555
0.8061258837217058
0.8064880291051812
0.8068503373083259
0.8072128084034834
0.8075754424631122
0.8079382395594179
0.8083011997642608
0.8086643231502978
0.8090276097893068
0.8093910597529496
0.809754673113849
0.8101184499430659
0.8104823903140852
0.8108464942967624
0.8112107619639917
0.8115751933874794
0.811939788639737
0.8123045477914077
0.8126694709155993
0.8130345580831553
0.8133998093676749
0.8137652248397782
0.814130804571792
0.8144965486359941
0.8148624571057337
0.8152285300523147
0.8155947675482859
0.8159611696664671
0.8163277364801086
0.8166944680611237
0.8170613644832666
0.8174284258191762
0.8177956521423857
0.8181630435261351
0.8185306000441489
0.8188983217694284
0.8192662087768157
0.819634261139219
0.8200024789315118
0.8203708622276193
0.8207394111021892
0.8211081256294919
0.8214770058843848
0.8218460519416446
0.8222152638762537
0.8225846417632866
0.8229541856779666
0.823323895695637
0.8236937718907705
0.8240638143352801
0.8244340231010514
0.8248043982605143
0.8251749398863851
0.8255456480519638
0.8259165228306051
0.826287564296333
0.8266587725235607
0.8270301475862799
0.8274016895593027
0.8277733985177587
0.8281452745364973
0.828517317690788
0.828889528055861
0.8292619057081264
0.8296344507218769
0.8300071631736268
0.8303800431390675
0.8307530906935465
0.8311263059136074
0.8314996888752504
0.8318732396542282
0.8322469583258645
0.8326208449666972
0.832994899652931
0.8333691224612357
0.8337435134651181
0.8341180727434474
0.8344928003700186
0.8348676964222937
0.835242760975158
0.8356179941047088
0.8359933958870304
0.8363689663977935
0.8367447057129579
0.8371206139080101
0.8374966910589419
0.8378729372414621
0.8382493525308166
0.8386259370034262
0.8390026907343993
0.8393796137994622
0.8397567062742979
0.8401339682345442
0.8405113997556418
0.8408890009133353
0.8412667717829994
0.8416447124403755
0.8420228229609383
0.8424011034203549
0.8427795538941775
0.8431581744576462
0.843536965186958
0.8439159261573065
0.8442950574444981
0.8446743591243993
0.8450538312718278
0.8454334739633699
0.8458132872746041
0.8461932712813878
0.8465734260585694
0.8469537516837107
0.8473342482310174
0.8477149157775
0.8480957543984824
0.8484767641705102
0.8488579451691116
0.8492392974709778
0.8496208211522785
0.8500025162880236
0.8503843829558061
0.8507664212310855
0.8511486311914487
0.8515310129119085
0.8519135664704752
0.8522962919418287
0.8526791894043501
0.8530622589334003
0.853445500606155
0.8538289144993131
0.8542125006903352
0.8545962592553376
0.8549801902714257
0.8553642938157073
0.8557485699652303
0.8561330187972158
0.8565176403885146
0.8569024348162173
0.8572874021581863
0.8576725424913367
0.8580578558930798
0.8584433424407102
0.8588290022114836
0.8592148352834565
0.8596008417336911
0.8599870216400984
0.8603733750799033
0.8607599021311143
0.8611466028712219
0.8615334773780328
0.8619205257293179
0.8623077480028483
0.8626951442764876
0.8630827146281554
0.8634704591356579
0.8638583778770739
0.8642464709302189
0.8646347383732729
0.8650231802841444
0.8654117967410371
0.8658005878219559
0.8661895536050288
0.8665786941684999
0.8669680095905162
0.867357499949311
0.8677471653230932
0.8681370057900788
0.8685270214286491
0.8689172123169768
0.8693075785334432
0.8696981201562866
0.8700888372637299
0.8704797299340006
0.8708707982452016
0.8712620422752727
0.8716534621017851
0.8720450578017821
0.8724368294514556
0.8728287771250188
0.8732209008936442
0.8736132008218046
0.8740056769607915
0.8743983293317291
0.8747911578817562
0.8751841623872629
0.8755773433060073
0.8759707017819107
0.876364236564577
0.8767579499314437
0.8771518399640933
0.8775459066044514
0.8779401506351805
0.8783345717703307
0.8787291698791853
0.8791239451094309
0.879518897610971
0.8799140275053223
0.8803093348969607
0.8807048198796854
0.8811004825417804
0.8814963229679444
0.8818923412406326
0.8822885374410716
0.8826849116496689
0.883081463946122
0.8834781944097313
0.8838751031191544
0.8842721901528324
0.8846694555907595
0.8850668995191536
0.8854645220252787
0.8858623231826469
0.8862603030613989
0.8866584617399854
0.8870567992989541
0.8874553158161901
0.8878540113873555
0.8882528860928567
0.8886519399890956
0.8890511731466751
0.8894505856399587
0.8898501775531739
0.8902499489695658
0.8906498999703019
0.8910500306372724
0.8914503410516676
0.8918508312965527
0.8922515014559421
0.8926523516149604
0.893053381861101
0.8934545922848055
0.8938559829807756
0.8942575540523482
0.894659305620428
0.8950612378499694
0.8954633510078694
0.8958656446193421
0.896268117511144
0.8966707715034999
0.8970736066402994
0.897476622877206
0.897879820238963
0.8982831987804482
0.8986867585689693
0.8990904996782213
0.8994944221842365
0.8998985261653485
0.9003028117006284
0.9007072788693798
0.9011119277516669
0.9015167584273698
0.9019217709765249
0.9023269654792014
0.9027323420154055
0.90313790066498
0.9035436415076629
0.903949564623449
0.9043556700917942
0.9047619579918585
0.9051684284039018
0.9055750814070679
0.9059819170800162
0.9063889355029758
0.9067961367548842
0.9072035209149935
0.9076110880627662
0.9080188382776917
0.9084267716387695
0.908834888226285
0.9092431881183142
0.9096516713959807
0.910060338137344
0.9104691884240004
0.910878222335376
0.9112874399516313
0.9116968413524043
0.9121064266182781
0.9125161958299968
0.9129261490668654
0.9133362864097628
0.9137466079401487
0.9141571137363113
0.9145678038793678
0.9149786784474173
0.9153897375187711
0.9158009811690145
0.9162124094691592
0.9166240224831489
0.917035820255338
0.9174478027834458
0.9178599699236888
0.9182723217043784
0.9186848605541034
0.9190975829243307
0.9195104941762358
0.9199235890807652
0.9203368691370224
0.9207503346065729
0.921163985646013
0.9215778223752309
0.9219918448976143
0.9224060533084608
0.9228204476989628
0.9232350281522944
0.9236497947415597
0.9240647475426063
0.9244798866343779
0.9248952120971745
0.9253107240123577
0.9257264224622931
0.926142307529803
0.9265583792982005
0.9269746378507682
0.9273910832700758
0.9278077156411699
0.9282245350461166
0.9286415415691598
0.9290587352932781
0.9294761163024636
0.9298936846785978
0.9303114405067575
0.9307293838690565
0.9311475148484447
0.9315658335274106
0.9319843399886123
0.9324030343147678
0.9328219165879909
0.9332409868910884
0.9336602453044989
0.9340796919118348
0.9344993267934323
0.9349191500320819
0.9353391617079411
0.9357593619026034
0.9361797506974615
0.9366003281733224
0.9370210944108697
0.9374420494908647
0.9378631934940075
0.9382845265006412
0.9387060485911047
0.9391277598457192
0.9395496603443193
0.9399717501673562
0.9403940293945886
0.940816498106321
0.941239156381477
0.9416620043006106
0.9420850419432101
0.9425082693889211
0.9429316867172193
0.9433552940073943
0.9437790913397059
0.9442030787922752
0.9446272564463273
0.9450516243795598
0.9454761826722371
0.9459009314030188
0.9463258706517478
0.9467510004978247
0.9471763210200759
0.9476018322977967
0.9480275344097076
0.9484534274362346
0.9488795114544546
0.9493057865453818
0.9497322527870473
0.950158910259018
0.9505857590397135
0.9510127992081433
0.9514400308443457
0.9518674540254466
0.9522950688315059
0.9527228753400659
0.9531508736315658
0.9535790637834777
0.9540074458740988
0.9544360199829008
0.9548647861874581
0.9552937445673574
0.9557228951994906
0.9561522381625742
0.9565817735349712
0.9570115013937267
0.9574414218183753
0.9578715348854376
0.9583018406730849
0.9587323392587322
0.9591630307194884
0.9595939151330202
0.9600249925765753
0.9604562631269048
0.9608877268616718