0.7671830799430086
0.7671830799430153
0.7671830799430222
0.7671830799430289
0.7671830799430359
0.767183079943043
0.7671830799430502
0.7671830799430576
0.767183079943065
0.7671830799430727
0.7671830799430804
0.7671830799430882
0.7671830799430962
0.7671830799431044
0.7671830799431126
0.767183079943121
0.7671830799431295
0.7671830799431383
0.7671830799431472
0.7671830799431562
0.7671830799431655
0.7671830799431747
0.767183079943184
0.7671830799431936
0.7671830799432034
0.7671830799432134
0.7671830799432235
0.7671830799432339
0.7671830799432444
0.767183079943255
0.7671830799432657
0.7671830799432768
0.767183079943288
0.7671830799432995
0.767183079943311
0.7671830799433229
0.7671830799433348
0.767183079943347
0.7671830799433594
0.7671830799433723
0.7671830799433852
0.7671830799433983
0.7671830799434115
0.767183079943425
0.7671830799434388
0.7671830799434527
0.7671830799434669
0.7671830799434813
0.767183079943496
0.7671830799435109
0.7671830799435262
0.7671830799435416
0.7671830799435573
0.7671830799435734
0.7671830799435896
0.7671830799436061
0.767183079943623
0.7671830799436401
0.7671830799436575
0.7671830799436752
0.7671830799436931
0.7671830799437115
0.7671830799437301
0.7671830799437489
0.7671830799437682
0.7671830799437878
0.7671830799438077
0.767183079943828
0.7671830799438485
0.7671830799438696
0.7671830799438908
0.7671830799439124
0.7671830799439345
0.767183079943957
0.7671830799439796
0.7671830799440028
0.7671830799440263
0.7671830799440503
0.7671830799440748
0.7671830799440995
0.7671830799441248
0.7671830799441505
0.7671830799441764
0.7671830799442031
0.76718307994423
0.7671830799442574
0.7671830799442853
0.7671830799443137
0.7671830799443425
0.7671830799443718
0.7671830799444017
0.7671830799444321
0.767183079944463
0.7671830799444944
0.7671830799445264
0.7671830799445588
0.7671830799445918
0.7671830799446254
0.7671830799446596
0.7671830799446945
0.7671830799447298
0.7671830799447658
0.7671830799448023
0.7671830799448395
0.7671830799448779
0.7671830799449163
0.7671830799449555
0.7671830799449952
0.7671830799450358
0.7671830799450768
0.7671830799451187
0.7671830799451612
0.7671830799452044
0.7671830799452485
0.7671830799452931
0.7671830799453387
0.7671830799453851
0.7671830799454322
0.7671830799454801
0.7671830799455288
0.7671830799455785
0.767183079945629
0.7671830799456802
0.7671830799457324
0.7671830799457855
0.7671830799458393
0.7671830799458943
0.76718307994595
0.7671830799460068
0.7671830799460645
0.7671830799461231
0.7671830799461827
0.7671830799462435
0.7671830799463052
0.7671830799463681
0.7671830799464319
0.7671830799464968
0.7671830799465629
0.76718307994663
0.7671830799466983
0.7671830799467678
0.7671830799468384
0.7671830799469104
0.7671830799469835
0.7671830799470577
0.7671830799471334
0.7671830799472104
0.7671830799472884
0.767183079947368
0.7671830799474489
0.7671830799475312
0.7671830799476148
0.7671830799476999
0.7671830799477865
0.7671830799478745
0.767183079947964
0.767183079948055
0.7671830799481476
0.7671830799482418
0.7671830799483375
0.7671830799484349
0.767183079948534
0.7671830799486348
0.7671830799487372
0.7671830799488414
0.7671830799489474
0.7671830799490552
0.7671830799491648
0.7671830799492764
0.7671830799493898
0.767183079949505
0.7671830799496224
0.7671830799497413
0.7671830799498627
0.7671830799499861
0.7671830799501116
0.7671830799502393
0.7671830799503693
0.7671830799505013
0.7671830799506356
0.7671830799507722
0.767183079950911
0.7671830799510522
0.767183079951196
0.7671830799513419
0.7671830799514897
0.7671830799516408
0.7671830799517945
0.7671830799519508
0.7671830799521098
0.7671830799522714
0.7671830799524358
0.767183079952603
0.7671830799527731
0.7671830799529461
0.7671830799531221
0.7671830799533009
0.7671830799534829
0.767183079953668
0.7671830799538563
0.7671830799540477
0.7671830799542424
0.7671830799544404
0.7671830799546419
0.7671830799548466
0.7671830799550549
0.7671830799552667
0.7671830799554822
0.7671830799557012
0.7671830799559242
0.7671830799561509
0.7671830799563814
0.7671830799566157
0.767183079956855
0.7671830799570974
0.7671830799573438
0.7671830799575946
0.7671830799578497
0.7671830799581092
0.7671830799583731
0.7671830799586413
0.7671830799589138
0.7671830799591913
0.7671830799594737
0.7671830799597608
0.7671830799600527
0.7671830799603497
0.7671830799606518
0.767183079960959
0.767183079961272
0.7671830799615897
0.7671830799619123
0.767183079962241
0.7671830799625752
0.7671830799629153
0.7671830799632612
0.7671830799636132
0.7671830799639707
0.7671830799643345
0.7671830799647045
0.7671830799650806
0.7671830799654634
0.7671830799658523
0.7671830799662481
0.7671830799666506
0.76718307996706
0.7671830799674763
0.7671830799678997
0.7671830799683304
0.7671830799687679
0.7671830799692139
0.7671830799696667
0.7671830799701277
0.7671830799705961
0.7671830799710728
0.7671830799715575
0.7671830799720502
0.7671830799725518
0.7671830799730618
0.7671830799735796
0.7671830799741074
0.7671830799746441
0.7671830799751893
0.7671830799757444
0.767183079976308
0.767183079976882
0.7671830799774655
0.7671830799780591
0.7671830799786629
0.7671830799792776
0.7671830799799021
0.7671830799805364
0.7671830799811831
0.7671830799818393
0.7671830799825072
0.7671830799831876
0.7671830799838779
0.7671830799845812
0.7671830799852962
0.7671830799860233
0.7671830799867624
0.7671830799875144
0.7671830799882796
0.7671830799890575
0.7671830799898476
0.7671830799906523
0.7671830799914704
0.7671830799923025
0.7671830799931488
0.7671830799940096
0.7671830799948856
0.7671830799957755
0.7671830799966814
0.7671830799976024
0.767183079998539
0.7671830799994915
0.7671830800004599
0.7671830800014452
0.7671830800024474
0.7671830800034667
0.7671830800045034
0.7671830800055572
0.7671830800066296
0.76718308000772
0.7671830800088291
0.7671830800099569
0.7671830800111035
0.7671830800122706
0.7671830800134571
0.7671830800146635
0.7671830800158905
0.7671830800171393
0.7671830800184083
0.7671830800196997
0.7671830800210124
0.7671830800223478
0.767183080023706
0.7671830800250876
0.7671830800264922
0.767183080027921
0.7671830800293742
0.7671830800308521
0.7671830800323551
0.7671830800338836
0.7671830800354381
0.7671830800370193
0.7671830800386275
0.767183080040263
0.7671830800419264
0.7671830800436179
0.7671830800453384
0.7671830800470882
0.7671830800488679
0.767183080050678
0.7671830800525187
0.7671830800543907
0.7671830800562945
0.767183080058231
0.7671830800602003
0.7671830800622033
0.7671830800642403
0.7671830800663121
0.7671830800684193
0.7671830800705622
0.7671830800727416
0.7671830800749585
0.7671830800772128
0.7671830800795052
0.7671830800818373
0.7671830800842085
0.767183080086621
0.7671830800890735
0.7671830800915684
0.7671830800941061
0.7671830800966862
0.7671830800993111
0.7671830801019802
0.7671830801046949
0.7671830801074557
0.7671830801102635
0.7671830801131198
0.7671830801160241
0.7671830801189778
0.7671830801219821
0.7671830801250377
0.7671830801281452
0.7671830801313051
0.767183080134519
0.7671830801377887
0.7671830801411134
0.7671830801444941
0.767183080147933
0.7671830801514306
0.7671830801549877
0.7671830801586057
0.7671830801622843
0.7671830801660269
0.7671830801698324
0.767183080173703
0.767183080177639
0.7671830801816424
0.7671830801857141
0.7671830801898558
0.767183080194067
0.76718308019835
0.7671830802027068
0.767183080207137
0.7671830802116428
0.7671830802162259
0.7671830802208867
0.767183080225627
0.7671830802304478
0.7671830802353515
0.7671830802403381
0.7671830802454089
0.7671830802505678
0.7671830802558126
0.7671830802611482
0.7671830802665742
0.7671830802720927
0.7671830802777057
0.7671830802834129
0.7671830802892182
0.7671830802951222
0.7671830803011273
0.7671830803072343
0.7671830803134458
0.7671830803197626
0.7671830803261872
0.7671830803327213
0.7671830803393663
0.7671830803461245
0.7671830803529984
0.7671830803599891
0.7671830803670991
0.76718308037433
0.7671830803816845
0.7671830803891638
0.7671830803967699
0.7671830804045059
0.7671830804123739
0.7671830804203765
0.7671830804285149
0.7671830804367926
0.7671830804452104
0.7671830804537713
0.7671830804624792
0.7671830804713348
0.7671830804803412
0.7671830804895012
0.7671830804988172
0.7671830805082921
0.7671830805179283
0.7671830805277277
0.7671830805376952
0.7671830805478324
0.7671830805581419
0.7671830805686266
0.7671830805792912
0.7671830805901361
0.7671830806011669
0.7671830806123845
0.7671830806237936
0.7671830806353976
0.7671830806471989
0.7671830806592015
0.7671830806714081
0.7671830806838228
0.7671830806964489
0.7671830807092904
0.7671830807223501
0.7671830807356322
0.7671830807491414
0.7671830807628804
0.7671830807768533
0.7671830807910641
0.7671830808055172
0.7671830808202161
0.7671830808351657
0.7671830808503703
0.7671830808658335
0.7671830808815603
0.767183080897555
0.767183080913822
0.767183080930366
0.7671830809471919
0.7671830809643049
0.7671830809817083
0.7671830809994091
0.7671830810174116
0.7671830810357197
0.7671830810543409
0.7671830810732786
0.7671830810925396
0.7671830811121276
0.7671830811320497
0.7671830811523112
0.7671830811729186
0.7671830811938762
0.7671830812151905
0.7671830812368688
0.767183081258916
0.7671830812813392
0.7671830813041438
0.7671830813273369
0.7671830813509252
0.7671830813749158
0.7671830813993137
0.7671830814241278
0.767183081449366
0.767183081475033
0.7671830815011363
0.7671830815276856
0.767183081554687
0.7671830815821479
0.7671830816100765
0.7671830816384815
0.7671830816673697
0.7671830816967505
0.7671830817266311
0.7671830817570218
0.7671830817879294
0.7671830818193645
0.7671830818513339
0.7671830818838481
0.7671830819169162
0.7671830819505477
0.7671830819847524
0.7671830820195394
0.7671830820549191
0.767183082090902
0.7671830821274974
0.7671830821647152
0.7671830822025693
0.767183082241066
0.76718308228022
0.7671830823200402
0.7671830823605387
0.7671830824017278
0.7671830824436178
0.767183082486221
0.7671830825295508
0.7671830825736181
0.7671830826184369
0.7671830826640184
0.7671830827103767
0.7671830827575249
0.7671830828054764
0.7671830828542437
0.7671830829038425
0.7671830829542865
0.7671830830055895
0.7671830830577664
0.7671830831108317
0.7671830831648013
0.7671830832196903
0.7671830832755143
0.7671830833322895
0.7671830833900316
0.7671830834487573
0.7671830835084829
0.7671830835692265
0.767183083631005
0.7671830836938349
0.7671830837577359
0.7671830838227256
0.7671830838888221
0.7671830839560444
0.7671830840244117
0.7671830840939443
0.7671830841646614
0.7671830842365821
0.7671830843097286
0.7671830843841217
0.7671830844597806
0.7671830845367298
0.7671830846149889
0.7671830846945815
0.7671830847755298
0.7671830848578571
0.7671830849415864
0.7671830850267424
0.767183085113349
0.7671830852014313
0.7671830852910135
0.7671830853821219
0.7671830854747823
0.7671830855690207
0.7671830856648647
0.7671830857623412
0.7671830858614794
0.7671830859623057
0.7671830860648493
0.7671830861691402
0.7671830862752069
0.7671830863830802
0.767183086492792
0.7671830866043724
0.7671830867178531
0.7671830868332674
0.7671830869506476
0.7671830870700274
0.7671830871914413
0.7671830873149226
0.7671830874405078
0.7671830875682318
0.7671830876981321
0.767183087830245
0.7671830879646082
0.7671830881012608
0.7671830882402412
0.7671830883815888
0.7671830885253439
0.7671830886715483
0.7671830888202436
0.7671830889714709
0.7671830891252747
0.7671830892816988
0.7671830894407875
0.767183089602586
0.7671830897671404
0.7671830899344986
0.7671830901047075
0.767183090277816
0.7671830904538727
0.7671830906329293
0.7671830908150359
0.7671830910002438
0.7671830911886074
0.7671830913801801
0.7671830915750153
0.7671830917731698
0.7671830919746999
0.7671830921796632
0.7671830923881175
0.7671830926001232
0.7671830928157396
0.7671830930350301
0.7671830932580552
0.7671830934848797
0.7671830937155687
0.7671830939501871
0.767183094188802
0.7671830944314819
0.7671830946782956
0.767183094929313
0.7671830951846076
0.7671830954442499
0.7671830957083161
0.7671830959768803
0.7671830962500195
0.7671830965278112
0.767183096810335
0.7671830970976716
0.7671830973899036
0.7671830976871122
0.7671830979893852
0.7671830982968068
0.7671830986094644
0.7671830989274495
0.7671830992508505
0.7671830995797609
0.7671830999142737
0.7671831002544854
0.7671831006004924
0.767183100952393
0.7671831013102886
0.7671831016742808
0.7671831020444733
0.7671831024209718
0.7671831028038846
0.7671831031933198
0.7671831035893889
0.7671831039922048
0.7671831044018823
0.7671831048185388
0.7671831052422927
0.7671831056732658
0.76718310611158
0.7671831065573604
0.7671831070107351
0.7671831074718328
0.7671831079407848
0.7671831084177255
0.7671831089027913
0.767183109396118
0.7671831098978508
0.7671831104081295
0.7671831109271003
0.7671831114549126
0.7671831119917149
0.7671831125376627
0.7671831130929098
0.7671831136576153
0.7671831142319405
0.7671831148160495
0.7671831154101076
0.767183116014286
0.7671831166287564
0.7671831172536939
0.7671831178892773
0.7671831185356883
0.7671831191931097
0.7671831198617308
0.7671831205417409
0.7671831212333348
0.7671831219367102
0.7671831226520676
0.767183123379611
0.7671831241195471
0.767183124872088
0.7671831256374488
0.7671831264158467
0.7671831272075049
0.7671831280126489
0.7671831288315073
0.7671831296643147
0.7671831305113098
0.7671831313727321
0.76718313224883
0.7671831331398505
0.7671831340460494
0.7671831349676862
0.7671831359050215
0.7671831368583245
0.7671831378278672
0.7671831388139247
0.76718313981678
0.7671831408367197
0.7671831418740326
0.7671831429290152
0.7671831440019704
0.7671831450932027
0.7671831462030234
0.7671831473317495
0.7671831484797035
0.7671831496472128
0.7671831508346094
0.7671831520422335
0.7671831532704292
0.7671831545195469
0.7671831557899421
0.7671831570819788
0.7671831583960252
0.7671831597324545
0.7671831610916516
0.7671831624740005
0.7671831638798978
0.7671831653097436
0.7671831667639478
0.7671831682429235
0.7671831697470922
0.7671831712768845
0.7671831728327362
0.7671831744150912
0.7671831760244011
0.7671831776611251
0.7671831793257303
0.7671831810186914
0.7671831827404918
0.7671831844916218
0.767183186272583
0.7671831880838812
0.7671831899260344
0.7671831917995682
0.7671831937050179
0.7671831956429253
0.7671831976138447
0.7671831996183376
0.7671832016569765
0.7671832037303434
0.7671832058390294
0.7671832079836359
0.7671832101647744
0.7671832123830684
0.7671832146391507
0.7671832169336642
0.7671832192672641
0.7671832216406166
0.7671832240543972
0.7671832265092964
0.7671832290060138
0.7671832315452622
0.7671832341277655
0.7671832367542605
0.7671832394254978
0.7671832421422382
0.7671832449052575
0.7671832477153435
0.7671832505732986
0.7671832534799381
0.7671832564360904
0.7671832594426011
0.7671832625003252
0.7671832656101377
0.767183268772924
0.7671832719895874
0.767183275261046
0.7671832785882317
0.7671832819720952
0.7671832854136016
0.7671832889137331
0.767183292473488
0.7671832960938819
0.7671832997759476
0.767183303520736
0.7671833073293154
0.7671833112027726
0.767183315142213
0.7671833191487597
0.7671833232235571
0.7671833273677663
0.767183331582571
0.7671833358691734
0.7671833402287961
0.7671833446626833
0.7671833491720997
0.7671833537583326
0.7671833584226906
0.7671833631665032
0.7671833679911246
0.7671833728979328
0.7671833778883252
0.7671833829637281
0.7671833881255871
0.7671833933753763
0.7671833987145943
0.7671834041447636
0.7671834096674334
0.76718341528418
0.7671834209966041
0.7671834268063382
0.7671834327150377
0.7671834387243903
0.7671834448361093
0.7671834510519383
0.7671834573736516
0.7671834638030524
0.7671834703419753
0.7671834769922858
0.7671834837558813
0.7671834906346916
0.7671834976306787
0.7671835047458399
0.767183511982205
0.7671835193418376
0.7671835268268382
0.7671835344393421
0.7671835421815215
0.7671835500555851
0.7671835580637801
0.7671835662083901
0.7671835744917401
0.7671835829161929
0.7671835914841516
0.7671836001980621
0.7671836090604083
0.7671836180737216
0.7671836272405705
0.7671836365635735
0.7671836460453886
0.7671836556887213
0.7671836654963229
0.7671836754709916
0.7671836856155738
0.7671836959329636
0.7671837064261042
0.7671837170979902
0.7671837279516658
0.7671837389902275
0.7671837502168251
0.7671837616346615
0.7671837732469942
0.7671837850571356
0.7671837970684564
0.7671838092843822
0.7671838217084009
0.7671838343440543
0.7671838471949477
0.7671838602647496
0.7671838735571871
0.7671838870760529
0.7671839008252038
0.7671839148085632
0.7671839290301206
0.7671839434939329
0.7671839582041263
0.7671839731648992
0.7671839883805179
0.7671840038553257
0.7671840195937354
0.7671840356002387
0.7671840518794011
0.7671840684358686
0.7671840852743637
0.7671841023996909
0.767184119816735
0.7671841375304668
0.7671841555459384
0.76718417386829
0.7671841925027503
0.7671842114546334
0.767184230729348
0.767184250332393
0.7671842702693602
0.7671842905459372
0.7671843111679101
0.7671843321411619
0.7671843534716761
0.767184375165538
0.767184397228936
0.7671844196681659
0.7671844424896301
0.7671844656998374
0.7671844893054109
0.7671845133130838
0.767184537729706
0.7671845625622434
0.7671845878177811
0.7671846135035236
0.7671846396267983
0.7671846661950583
0.767184693215883
0.767184720696983
0.7671847486461949
0.7671847770714948
0.7671848059809914
0.767184835382931
0.7671848652857026
0.7671848956978378
0.7671849266280111
0.7671849580850472
0.7671849900779202
0.7671850226157559
0.7671850557078387
0.7671850893636071
0.7671851235926641
0.7671851584047731
0.7671851938098664
0.7671852298180442
0.7671852664395771
0.7671853036849146
0.7671853415646802
0.7671853800896804
0.7671854192709066
0.7671854591195335
0.7671854996469313
0.7671855408646604
0.7671855827844785
0.7671856254183448
0.7671856687784202
0.7671857128770754
0.7671857577268896
0.7671858033406558
0.7671858497313877
0.7671858969123178
0.7671859448969055
0.7671859936988397
0.7671860433320399
0.767186093810665
0.7671861451491153
0.7671861973620345
0.7671862504643173
0.7671863044711108
0.7671863593978213
0.7671864152601162
0.767186472073931
0.7671865298554706
0.7671865886212179
0.7671866483879366
0.7671867091726728
0.7671867709927669
0.7671868338658526
0.7671868978098625
0.7671869628430377
0.7671870289839277
0.7671870962513976
0.7671871646646354
0.7671872342431555
0.767187305006803
0.7671873769757633
0.7671874501705621
0.7671875246120787
0.7671876003215449
0.7671876773205555
0.7671877556310724
0.7671878352754313
0.7671879162763496
0.7671879986569287
0.7671880824406658
0.767188167651458
0.7671882543136077
0.767188342451833
0.7671884320912709
0.7671885232574879
0.7671886159764849
0.7671887102747068
0.7671888061790471
0.7671889037168576
0.7671890029159553
0.7671891038046341
0.7671892064116642
0.76718931076631
0.7671894168983315
0.7671895248379971
0.7671896346160886
0.7671897462639146
0.7671898598133143
0.7671899752966689
0.7671900927469125
0.7671902121975378
0.76719033368261
0.7671904572367726
0.7671905828952583
0.7671907106939011
0.7671908406691442
0.7671909728580512
0.7671911072983159
0.7671912440282748
0.7671913830869171
0.7671915245138937
0.7671916683495333
0.767191814634848
0.7671919634115493
0.7671921147220594
0.7671922686095215
0.7671924251178139
0.7671925842915598
0.7671927461761443
0.7671929108177231
0.7671930782632383
0.7671932485604297
0.7671934217578519
0.767193597904883
0.7671937770517437
0.7671939592495077
0.7671941445501187
0.7671943330064036
0.7671945246720885
0.7671947196018141
0.7671949178511495
0.7671951194766109
0.7671953245356753
0.7671955330867997
0.76719574518943
0.7671959609040293
0.7671961802920891
0.7671964034161425
0.7671966303397904
0.7671968611277137
0.767197095845696
0.7671973345606371
0.7671975773405761
0.7671978242547102
0.7671980753734127
0.7671983307682543
0.7671985905120231
0.7671988546787439
0.767199123343704
0.7671993965834665
0.7671996744759002
0.7671999571001984
0.7672002445368973
0.767200536867907
0.767200834176528
0.7672011365474786
0.7672014440669174
0.7672017568224677
0.767202074903243
0.767202398399872
0.7672027274045229
0.7672030620109348
0.7672034023144355
0.7672037484119778
0.7672041004021594
0.767204458385256
0.7672048224632474
0.7672051927398476
0.7672055693205315
0.7672059523125699
0.7672063418250535
0.767206737968929
0.7672071408570288
0.7672075506041028
0.7672079673268485
0.7672083911439499
0.7672088221761062
0.7672092605460683
0.7672097063786706
0.7672101598008707
0.7672106209417817
0.7672110899327119
0.7672115669071978
0.7672120520010471
0.7672125453523722
0.7672130471016324
0.7672135573916716
0.7672140763677626
0.7672146041776415
0.7672151409715554
0.767215686902303
0.7672162421252776
0.7672168067985099
0.7672173810827131
0.7672179651413313
0.7672185591405822
0.7672191632495047
0.7672197776400065
0.7672204024869146
0.7672210379680234
0.7672216842641432
0.7672223415591535
0.7672230100400549
0.7672236898970188
0.7672243813234454
0.7672250845160142
0.767225799674744
0.7672265270030438
0.7672272667077742
0.7672280189993053
0.7672287840915724
0.7672295622021416
0.7672303535522652
0.7672311583669502
0.7672319768750171
0.7672328093091652
0.7672336559060388
0.7672345169062936
0.7672353925546642
0.7672362831000318
0.7672371887954962
0.767238109898446
0.7672390466706289
0.7672399993782296
0.7672409682919406
0.7672419536870382
0.7672429558434627
0.7672439750458937
0.7672450115838336
0.7672460657516829
0.7672471378488299
0.7672482281797283
0.767249337053985
0.7672504647864491
0.7672516116972943
0.7672527781121153
0.7672539643620129
0.7672551707836882
0.7672563977195398
0.7672576455177558
0.7672589145324124
0.7672602051235718
0.7672615176573853
0.7672628525061914
0.767264210048623
0.7672655906697103
0.7672669947609907
0.7672684227206166
0.7672698749534645
0.7672713518712508
0.7672728538926431
0.7672743814433798
0.7672759349563856
0.7672775148718932
0.7672791216375633
0.7672807557086151
0.7672824175479426
0.7672841076262522
0.767285826422188
0.7672875744224645
0.7672893521220047
0.7672911600240712
0.767292998640412
0.7672948684913957
0.7672967701061604
0.7672987040227571
0.7673006707882964
0.767302670959104
0.7673047051008698
0.7673067737888044
0.7673088776077995
0.7673110171525873
0.7673131930279034
0.767315405848653
0.7673176562400806
0.767319944837941
0.7673222722886739
0.7673246392495802
0.767327046389001
0.7673294943865039
0.7673319839330646
0.7673345157312584
0.7673370904954512
0.7673397089519929
0.7673423718394167
0.7673450799086408
0.7673478339231705
0.7673506346593081
0.767353482906362
0.767356379466862
0.7673593251567743
0.767362320805727
0.7673653672572307
0.7673684653689083
0.7673716160127255
0.7673748200752283
0.7673780784577785
0.7673813920768007
0.7673847618640236
0.7673881887667382
0.767391673748043
0.7673952177871084
0.7673988218794365
0.7674024870371301
0.7674062142891599
0.7674100046816406
0.7674138592781115
0.7674177791598173
0.7674217654259972
0.7674258191941773
0.7674299416004648
0.7674341337998548
0.7674383969665272
0.7674427322941655
0.7674471409962682
0.7674516243064691
0.7674561834788614
0.7674608197883284
0.7674655345308807
0.7674703290239878
0.7674752046069349
0.7674801626411633
0.7674852045106287
0.7674903316221636
0.7674955454058408
0.7675008473153475
0.7675062388283581
0.7675117214469183
0.7675172966978397
0.7675229661330848
0.7675287313301712
0.7675345938925732
0.767540555450138
0.7675466176594999
0.7675527822045068
0.7675590507966443
0.7675654251754773
0.7675719071090882
0.7675784983945247
0.7675852008582607
0.7675920163566479
0.7675989467763906
0.7676059940350172
0.7676131600813616
0.76762044689605
0.7676278564919962
0.7676353909149018
0.7676430522437655
0.7676508425913964
0.7676587641049409
0.767666818966404
0.7676750093931933
0.7676833376386579
0.7676918059926418
0.7677004167820402
0.76770917237137
0.7677180751633342
0.7677271275994131
0.7677363321604445
0.7677456913672233
0.7677552077811058
0.7677648840046185
0.7677747226820801
0.767784726500226
0.7677948981888452
0.7678052405214228
0.7678157563157922
0.7678264484347894
0.7678373197869266
0.7678483733270628
0.7678596120570877
0.7678710390266156
0.7678826573336801
0.7678944701254483
0.7679064805989321
0.7679186920017154
0.7679311076326847
0.7679437308427716
0.7679565650357008
0.767969613668749
0.7679828802535122
0.767996368356674
0.7680100816007971
0.7680240236651056
0.7680381982862896
0.7680526092593114
0.7680672604382215
0.7680821557369785
0.7680972991302897
0.7681126946544419
0.7681283464081555
0.7681442585534418
0.7681604353164604
0.7681768809883999
0.7681935999263524
0.7682105965542038
0.7682278753635288
0.768245440914493
0.7682632978367653
0.7682814508304346
0.768299904666937
0.7683186641899833
0.7683377343165037
0.7683571200375934
0.7683768264194608
0.7683968586043927
0.7684172218117132
0.7684379213387648
0.7684589625618784
0.768480350937359
0.7685020920024771
0.7685241913764599
0.7685466547614912
0.7685694879437183
0.768592696794258
0.7686162872702097
0.7686402654156747
0.7686646373627732
0.7686894093326703
0.7687145876366023
0.7687401786769054
0.7687661889480496
0.7687926250376684
0.7688194936275952
0.7688468014949
0.7688745555129243
0.7689027626523183
0.7689314299820765
0.7689605646705725
0.7689901739865934
0.7690202653003707
0.7690508460846105
0.769081923915516
0.7691135064738163
0.7691456015457789
0.7691782170242251
0.7692113609095368
0.7692450413106577
0.769279266446087
0.769314044644868
0.7693493843475612
0.7693852941072156
0.7694217825903282
0.7694588585777885
0.7694965309658137
0.7695348087668735
0.7695737011105979
0.7696132172446692
0.7696533665357042
0.7696941584701147
0.7697356026549494
0.7697777088187236
0.7698204868122198
0.7698639466092797
0.7699080983075576
0.7699529521292676
0.7699985184218948
0.7700448076588836
0.7700918304403039
0.7701395974934797
0.7701881196735946
0.7702374079642683
0.7702874734780916
0.7703383274571382
0.7703899812734302
0.7704424464293795
0.7704957345581754
0.7705498574241512
0.7706048269230863
0.7706606550824899
0.7707173540618154
0.7707749361526522
0.7708334137788494
0.7708927994966003
0.7709531059944721
0.771014346093384
0.771076532746527
0.771139679039228
0.7712037981887541
0.7712689035440583
0.7713350085854622
0.7714021269242656
0.7714702723023036
0.7715394585914214
0.7716096997928877
0.7716810100367303
0.771753403580994
0.7718268948109346
0.7719014982381172
0.7719772284994416
0.7720541003560859
0.7721321286923643
0.7722113285144886
0.7722917149492577
0.7723733032426341
0.7724561087582453
0.7725401469757796
0.7726254334892837
0.7727119840053647
0.7727998143412854
0.7728889404229613
0.7729793782828441
0.7730711440577019
0.7731642539862877
0.7732587244068978
0.7733545717548093
0.7734518125596119
0.773550463442413
0.7736505411129277
0.773752062366446
0.773855044080676
0.7739595032124683
0.7740654567944025
0.7741729219312594
0.7742819157963515
0.7743924556277346
0.7745045587242767
0.7746182424416047
0.7747335241879059
0.7748504214196059
0.7749689516369046
0.7750891323791841
0.7752109812202775
0.7753345157636115
0.775459753637205
0.7755867124884864
0.7757154099789368
0.775845863778609
0.7759780915606017
0.7761121109954159
0.7762479397451484
0.7763855954575063
0.7765250957596724
0.7766664582520497
0.7768097005018593
0.7769548400366294
0.7771018943375386
0.7772508808326352
0.7774018168899344
0.7775547198103818
0.7777096068207034
0.7778664950661252
0.7780254016029846
0.7781863433912146
0.7783493372867234
0.7785144000336552
0.7786815482565341
0.7788507984523413
0.7790221669825892
0.7791956700651788
0.7793713237662279
0.7795491439917348
0.7797291464791025
0.7799113467887743
0.7800957602957367
0.7802824021809647
0.7804712874228057
0.780662430788318
0.7808558468245608
0.7810515498498608
0.7812495539450344
0.7814498729446127
0.7816525204280308
0.781857509710831
0.7820648538358606
0.7822745655644762
0.7824866573677769
0.7827011414178543
0.7829180295790862
0.783137333399473
0.7833590641020219
0.7835832325762059
0.783809849369482
0.784038924678901
0.7842704683427981
0.7845044898325935
0.7847409982446949
0.7849800022925206
0.7852215102986572
0.7854655301871463
0.7857120694759293
0.7859611352694418
0.7862127342513825
0.7864668726776525
0.7867235563694925
0.7869827907067972
0.7872445806216684
0.7875089305921489
0.7877758446361978
0.7880453263059
0.7883173786819169
0.7885920043681865
0.7888692054868857
0.7891489836736616
0.7894313400731382
0.789716275334709
0.790003789608619
0.7902938825423516
0.7905865532773138
0.7908818004458441
0.7911796221685348
0.7914800160518763
0.7917829791862402
0.7920885081441981
0.7923965989791706
0.7927072472244375
0.7930204478924897
0.7933361954747308
0.7936544839415428
0.7939753067427084
0.7942986568081879
0.7946245265492694
0.7949529078600734
0.7952837921194319
0.7956171701931184
0.7959530324364583
0.7962913686972942
0.7966321683194963
0.7969754201459058
0.797321112523512
0.7976692333070963
0.7980197698641798
0.7983727090801275
0.7987280373635902
0.7990857406522818
0.7994458044189005
0.7998082136783389
0.8001729529933227
0.8005400064822287
0.8009093578262761
0.801280990277039
0.80165488666422
0.8020310294051857
0.8024094005112219
0.8027899815970435
0.803172753903176
0.8035576983033369
0.8039447952605465
0.8043340249205513
0.8047253669730485
0.8051188008775532
0.8055143058161457
0.8059118605649865
0.8063114436085034
0.8067130331388004
0.8071166070641841
0.80752214301964
0.8079296183780508
0.8083390102616946
0.8087502955537862
0.8091634509100298
0.8095784527702237
0.8099952773699118
0.8104139007522775
0.8108342987791657
0.8112564471439815
0.8116803213827564
0.8121058968861465
0.8125331489112406
0.8129620525933364
0.8133925829576817
0.8138247149311597
0.8142584233539134
0.8146936829909043
0.8151304685433853
0.8155687546602881
0.8160085159495089
0.8164497269890822
0.8168923623382462
0.8173363965483645
0.8177818041737229
0.8182285597821798
0.8186766379656563
0.8191260133504681
0.8195766606074963
0.8200285544621696
0.8204816697042716
0.8209359811975604
0.8213914638891879
0.8218480928189271
0.8223058431281807
0.8227646900687964
0.8232246090116548
0.8236855754550283
0.8241475650327588
0.8246105535221863
0.8250745168518158
0.825539431108794
0.8260052725461443
0.8264720175897595
0.8269396428451642
0.8274081251040316
0.8278774413504685
0.8283475687670554
0.8288184847406519
0.8292901668679502
0.8297625929608088
0.8302357410513285
0.8307095893967019
0.8311841164838216
0.8316593010336497
0.8321351220053661
0.8326115586002696
0.8330885902654601
0.8335661966972893
0.8340443578445859
0.8345230539116648
0.835002265361107
0.8354819729163395
0.8359621575639823
0.8364428005560066
0.8369238834116735
0.8374053879192792
0.8378872961377004
0.838369590397742
0.8388522533033049
0.8393352677323648
0.8398186168377733
0.8403022840478991
0.8407862530671257
0.8412705078762894
0.8417550327334165
0.8422398121740913
0.8427248309862765
0.8432100742703534
0.8436955273903952
0.8441811759785115
0.84466700594221
0.8451530034623416
0.845639154991751
0.8461254472540469
0.8466118672423072
0.8470984022176493
0.8475850397077379
0.8480717675051836
0.848558573665834
0.8490454465069807
0.8495323746054697
0.8500193467957237
0.8505063521676869
0.8509933800646802
0.8514804200811968
0.8519674620606126
0.8524544960928325
0.8529415125118699
0.853428501893371
0.8539154550520657
0.8544023630391456
0.854889217139578
0.8553760088692819
0.8558627299722823
0.8563493724185416
0.8568359284086291
0.8573223903746554
0.8578087509352541
0.858295002924641
0.8587811394011409
0.8592671536327953
0.8597530390930294
0.8602387894581821
0.860724398605362
0.8612098606112725
0.8616951697532937
0.8621803204820033
0.862665307322489
0.8631501251754388
0.8636347691091746
0.8641192342993265
0.8646035161040525
0.8650876100586529
0.8655715118700635
0.8660552174129371
0.8665387227263549
0.8670220240107412
0.8675051176248608
0.8679880000828835
0.868470668051476
0.8689531183469241
0.8694353479322856
0.8699173539145565
0.8703991335418714
0.8708806842006992
0.8713620034129678
0.8718430888328933
0.8723239382436568
0.8728045495563843
0.8732849208099969
0.8737650501649338
0.8742449359006443
0.8747245764128129
0.8752039702114884
0.8756831159186547
0.8761620122657563
0.876640658091233
0.877119052338087
0.8775971940514894
0.878075082376403
0.8785527165552623
0.8790300959256656
0.8795072199181053
0.879984088053739
0.880460699942181
0.880937055279332
0.8814131538452405
0.8818889955020001
0.8823645801916687
0.8828399079342357
0.8833149788256072
0.8837897930356298
0.884264350806146
0.8847386524490861
0.8852126983445785
0.8856864889391103
0.8861600247437047
0.8866333063321366
0.8871063343391759
0.8875791094588701
0.8880516324428445
0.8885239040986469
0.8889959252881083
0.8894676969257513
0.8899392199772116
0.8904104954576972
0.8908815244304793
0.8913523080054041
0.8918228473374425
0.8922931436252627
0.8927631981098295
0.893233012073037
0.8937025868363659
0.8941719237595674
0.8946410242393731
0.8951098897082355
0.8955785216330895
0.8960469215141476
0.8965150908837092
0.8969830313047595
0.8974507443701744
0.8979182317018013
0.8983854949488528
0.8988525357870956
0.8993193559180592
0.8997859570696293
0.9002523409922945
0.9007185094197285
0.9011844642180789
0.9016502071883524
0.9021157401371755
0.9025810649132868
0.9030461833891484
0.9035110974545973
0.9039758090151515
0.9044403199914897
0.9049046323188769
0.9053687479463519
0.9058326688356155
0.9062963969615766
0.9067599343105467
0.9072232828799908
0.9076864446780499
0.9081494217231227
0.9086122160437539
0.9090748296794174
0.9095372646846589
0.9099995231504243
0.9104616072838456
0.9109235183588136
0.9113852591108201
0.9118468316177828
0.9123082378915432
0.9127694799976247
0.9132305600158221
0.9136914800324031
0.91415224213749
0.914612848423964
0.9150733009867348
0.9155336019221813
0.9159937533276681
0.9164537573010277
0.9169136159402329
0.9173733313431774
0.9178329056069964
0.9182923408278252
0.9187516391004489
0.9192108025179578
0.9196698331714241
0.9201287331495849
0.920587504538519
0.9210461494213776
0.9215046698780867
0.9219630679850549
0.9224213458149129
0.922879505436253
0.9233375489133723
0.9237954783060299
0.9242532956692145
0.924711003052914
0.9251686025018915
0.92562609605548
0.9260834857473735
0.9265407736054299
0.9269979616514744
0.9274550519011293
0.9279120463636213
0.92836894704162
0.9288257559310712
0.929282475021039
0.9297391062935533
0.9301956517234654
0.9306521132783065
0.9311084929181551
0.9315647925955077
0.9320210142551555
0.9324771598340683
0.9329332312612856
0.9333892304578036
0.9338451593364716
0.9343010198018901
0.9347568137502992
0.9352125430695
0.9356682096387714
0.9361238153288097
0.9365793620016633
0.9370348515107062
0.9374902857006577
0.9379456664078097
0.9384009954606009
0.9388562746720892
0.9393115058268056
0.9397666907466802
0.9402218312224293
0.9406769290500822
0.9411319860324844
0.9415870038974093
0.9420419843814575
0.9424969292310933
0.9429518401836668
0.9434067189660357
0.9438615672949997
0.9443163868775748
0.9447711794111334
0.945225946583467
0.945680690072819
0.9461354115479059
0.9465901126681832
0.9470447950828115
0.9474994604320658
0.9479541103468373
0.94840874644836
0.9488633703484167
0.9493179836493946
0.9497725879443787
0.950227184817285
0.9506817758431791
0.9511363625889572
0.951590946615122
0.952045529481226
0.95250011277395
0.9529546983906683
0.9534092865100567
0.9538638794616475
0.9543184790544611
0.9547730865880522
0.9552277035081445
0.9556823312737597
0.9561369713410566
0.956591625159302
0.9570462941695836
0.9575009798043143
0.9579556834870268
0.9584104066322872
0.9588651506456637
0.9593199169237215
0.9597747068540295
0.9602295218151887
0.9606843631768496
0.9611392322997456
0.9615941305357231
0.9620490592277744
0.9625040197100723
0.9629590133080131
0.9634140413382378
0.96386910510869
0.9643242059186377
0.9647793450587203
0.9652345238109914
0.965689743448951
0.9661450052375922
0.9666003104334422
0.9670556602846012
0.9675110560307889
0.9679664989033834
0.9684219901254655
0.9688775309118616
0.9693331224691916
0.9697887659959088
0.9702444626823461
0.9707002137107659
0.9711560202554117
0.9716118834825619
0.972067804550608
0.9725237846101449
0.9729798248041086
0.9734359262680515
0.9738920901306427
0.9743483175071393
0.9748046094874314
0.9752609671938126
0.9757173917266218
0.9761738841682347
0.9766304455931485
0.9770870771058416
0.9775437798247427
0.9780005547355834
0.9784574028798253
0.9789143253088887
0.9793713230639145
0.9798283971770273
0.9802855486723934
0.9807427785667027
0.9812000878694088
0.9816574775828719
0.9821149487024523
0.9825725022165908
0.9830301391068675
0.9834878603480613
0.9839456669082104
0.9844035597486576
0.9848615398241153
0.9853196080827136
0.9857777654660723
0.986236012909351
0.986694351341358
0.9871527816846304
0.9876113048555968
0.988069921764831
0.9885286333174976
0.9889874404143499
0.9894463439543114
0.9899053448430454
0.9903644440352264
0.9908236431192918
0.991282940396191
0.9917423386653343
0.9922018389024594
0.9926614417016629
0.9931211478605375
0.9935809582012003
0.9940408735483758
0.9945008947241518
0.9949610225463558
0.9954212578278895
0.9958816013764954
0.9963420539946523
0.9968026164795316
0.9972632896228938
0.9977240742109589
0.9981849710243668
0.9986459808382363
0.9991071044223466
0.9995683425412948
1.0000296959545645
1.0004911654165483
1.0009527516765582
1.0014144554788311
1.0018762775625625
1.0023382186618017
1.002800279505799
1.003262460818817
1.00372476332016
1.0041871877242492
1.0046497347406593
1.0051124050741576
1.0055751994247373
1.0060381184876601
1.0065011629534866
1.0069643335081158
1.0074276308328265
1.0078910556043028
1.008354608494681
1.008818290171579
1.0092821012981237
1.0097460425330085
1.0102101145305196
1.0106743179405615
1.0111386534086944
1.0116031215761754
1.0120677230799888
1.0125324585528779
1.0129973286233793
1.0134623339158615
1.0139274750505536
1.0143927526435756
1.014858167306981
1.0153237196487805
1.0157894102729808
1.0162552397796152
1.0167212087647792
1.0171873178206685
1.0176535675356033
1.0181199584941114
1.0185864912769842
1.019053166461369
1.0195199846209773
1.019986946326339
1.0204540521425844
1.0209213026180073
1.0213886983096017
1.0218562397865583
1.0223239275996427
1.022791762293633
1.023259744408877
1.0237278744786076
1.0241961530261408
1.0246645806625887
1.0251331579504297
1.0256018853016267
1.0260707632537747
1.0265397923365684
1.0270089730707876
1.0274783059719086
1.0279477915513913
1.0284174303171323
1.028887222773742
1.029357169422751
1.0298272707628024
1.0302975272897301
1.030767939495273
1.0312385078613486
1.0317092328617599
1.0321801149833572
1.0326511547148325
1.0331223525350604
1.0335937089172809
1.0340652243314765
1.0345368992448618
1.0350087341222067
1.0354807294247057
1.0359528856116724
1.0364252031394177
1.0368976824615697
1.0373703240291192
1.0378431282904803
1.0383160956916035
1.0387892266761356
1.0392625216857274
1.0397359811606348
1.0402096055410524
1.0406833952704075
1.04115735080842
1.0416314726892462
1.0421057624332364
1.042580216561372
1.0430548385807787
1.0435296288947853
1.0440045875837882
1.0444797150002365
1.044955011533497
1.0454304775825156
1.0459061135476009
1.046381919828374
1.0468578968228832
1.0473340449273771
1.0478103645363235
1.0482868560423566
1.0487635198359568
1.0492403563056105
1.0497173658378247
1.0501945488166828
1.0506719056240936
1.051149436639814
1.0516271422414585
1.052105022804521
1.052583078702385
1.0530613103063384
1.0535397179855808
1.0540183021072482
1.0544970630364223
1.0549760011361469
1.0554551167674482
1.055934410289348
1.0564138820588822
1.0568935324311162
1.0573733617591612
1.0578533703941915
1.0583335586854625
1.058813926980322
1.0592944756242342
1.0597752049607818
1.0602561153316983
1.0607372070768728
1.0612184805343694
1.0616999360404407
1.0621815739295462
1.0626633945343726
1.0631453981858423
1.0636275852131454
1.064109955943765
1.0645925107035221
1.0650752498166693
1.065558173606148
1.0660412823944234
1.0665245765060258
1.0670080562355726
1.0674917218829942
1.067975573799753
1.0684596122785812
1.068943837527083
1.0694282503053152
1.069912850414984
1.0703976382582576
1.0708826141375865
1.0713677785882338
1.0718531317841424
1.0723386739647682
1.0728244054488756
1.0733103265393849
1.0737964375339297
1.0742827387273932
1.074769230412687
1.075255912880962
1.075742786421714
1.0762298513227273
1.0767171078700368
1.0772045563476917
1.0776921970375763
1.0781800302200584
1.078668056181928
1.0791562752392434
1.07964468768774
1.0801332937606927
1.080622093717621
1.0811110878351893
1.0816002763899544
1.0820896596563083
1.0825792379064807
1.0830690114109411
1.0835589804386132
1.0840491452569994
1.0845395061322574
1.0850300633292445
1.0855208171115502
1.0860117677415289
1.086502915480309
1.0869942605876757
1.0874858033224595
1.087977543942226
1.0884694827033403
1.0889616198610048
1.0894539556692604
1.0899464903809883
1.0904392242479217
1.0909321575206326
1.0914252904485362
1.0919186232798739
1.0924121562616933
1.0929058896398034
1.0933998236587186
1.0938939585615501
1.0943882945897847
1.0948828319829176
1.0953775709776583
1.0958725118061723
1.0963676546914118
1.0968629998321013
1.0973585473698888
1.097854298244079
1.098350252429325
1.0988464097368467
1.0993427704817558
1.0998393349346192
1.1003361033442227
1.1008330759514589
1.101330252994388
1.1018276347114782
1.1023252213462378
1.1028230131591323
1.1033210104796565
1.1038192141689769
1.1043176231618512
1.1048162357889735
1.1053150559785803
1.1058140828369218
1.1063133164499441
1.1068127569986805
1.1073124046862335
1.1078122597230535
1.1083123223222493
1.1088125926978794
1.1093130710640955
1.1098137576347806
1.1103146526233525
1.110815756242665
1.1113170687049456
1.1118185902217792
1.112320321004099
1.11282226126224
1.1133244112060594
1.1138267710451413
1.1143293409894364
1.1148321212555652
1.1153351120283457
1.1158383134807917
1.1163417258688388
1.1168453493799795
1.1173491842179153
1.1178532305902862
1.118357488701447
1.118861958752605
1.1193666409433711
1.1198715354726103
1.1203766425386998
1.1208819623398858
1.1213874950741294
1.1218932409389095
1.1223992001311363
1.12290537284703
1.1234117592820576
1.1239183596309057
1.1244251740874975
1.1249322028450395
1.1254394460959047
1.1259469040314802
1.1264545768416137
1.1269624647125047
1.1274705678141879
1.1279788862465365
1.1284874207362805
1.1289961709048135
1.129505137053485
1.1300143192399592
1.1305237178454988
1.1310333330385045
1.1315431649925443
1.1320532138904011
1.1325634799203448
1.1330739632737605
1.1335846641390517
1.134095582698574
1.1346067191323297
1.135118073619069
1.1356296463376285
1.1361414374654626
1.136653447179869
1.1371656756586896
1.1376781230802677
1.138190789623086
1.138703675464988
1.1392167807843707
1.139730105758703
1.1402436505648808
1.1407574153792808
1.141271400377762
1.141785605735675
1.1423000316278666
1.1428146782286845
1.1433295457119954
1.143844634251179
1.1443599440191496
1.1448754751883494
1.1453912279307585
1.1459072024179
1.1464233988208488
1.14693981731023
1.1474564580562263
1.1479733212285823
1.1484904069966062
1.1490077155291816
1.1495252469947594
1.1500430015613459
1.1505609793965654
1.1510791806676304
1.1515976055413295
1.152116254184042
1.1526351267617432
1.1531542234400065
1.1536735443840131
1.1541930897585446
1.1547128597279988
1.1552328544563832
1.1557530741073245
1.156273518844068
1.156794188829488
1.1573150842260773
1.1578362051959705
1.1583575519009293
1.1588791245023564
1.1594009231612974
1.159922948038442
1.1604451992941307
1.160967677088358
1.1614903815807724
1.1620133129306491
1.1625364712970243
1.1630598568385548
1.1635834697135843
1.1641073100801411
1.1646313780959543
1.1651556739184625
1.1656801977048332
1.166204949611981
1.166729929796596
1.1672551384151304
1.1677805756240112
1.1683062415796481
1.1688321364385879
1.169358260357847
1.169884613495464
1.1704111960116508
1.1709380080714458
1.1714650498516512
1.1719923215645316
1.1725198235845515
1.1730475584532893
1.1735755176542213
1.1741037087876334
1.1746321312331298
1.175160784595912
1.1756896689155578
1.1762187843078298
1.1767481309099592
1.1772777088639976
1.1778075183153416
1.1783375594110028
1.1788678322987909
1.1793983371269117
1.179929074043779
1.1804600431979777
1.1809912447382938
1.1815226788137936
1.1820543455745742
1.182586245174809
1.18311837774751
1.1836507433899894
1.1841833423192483
1.184716174674672
1.185249240598137
1.1857825402344584
1.1863160737289349
1.186849841225584
1.1873838428598993
1.187918078642953
1.188452549306899
1.188987254452262
1.1895221943269116
1.1900573689062575
1.190592778272193
1.1911284228242507
1.1916643027410077
1.192200418145674
1.1927367691691377
1.1932733559488216
1.1938101786258186
1.1943472373442074
1.1948845322521866
1.1954220635059913
1.1959598312820499
1.1964978358253173
1.19703607776084
1.1975745567675182
1.1981132696663097
1.1986522210953574
1.1991914101091634
1.1997308366629187
1.2002705008435637
1.200810402770307
1.2013505425732747
1.2018909203871073
1.2024315363486042
1.202972390595598
1.2035134832664498
1.2040548144997847
1.2045963844343361
1.2051381932088552
1.2056802409623828
1.2062225278328882
1.2067650539592436
1.2073078194798732
1.2078508245330672
1.208394069256989
1.208937553789659
1.2094812782689626
1.210025242832641
1.2105694476182929
1.2111138927633704
1.211658578405185
1.2122035046809045
1.2127486717275517
1.2132940796820098
1.2138397286808138
1.214385618860689
1.214931750358205
1.2154781233096819
1.2160247378513003
1.216571594119109
1.2171186922490205
1.2176660323768156
1.2182136146381433
1.2187614391685206
1.2193095061033388
1.2198578155778559
1.2204063677272108
1.2209551626864104
1.2215042005903403
1.2220534815737627
1.2226030057713202
1.2231527733175314
1.2237027843467998
1.2242530389934059
1.2248035373915207
1.2253542796751913
1.225905265978358
1.2264564964348454
1.227007971178366
1.2275596903425228
1.2281116540608084
1.2286638624666073
1.2292163156932001
1.2297690138737556
1.230321957141346
1.230875145628935
1.2314285794693836
1.231982258795456
1.232536183739816
1.2330903544350258
1.233644771013554
1.2341994336077657
1.2347543423499308
1.2353094973722445
1.2358648988068006
1.2364205467855975
1.2369764414405517
1.237532582903481
1.2380889713061267
1.2386456067801395
1.2392024894570906
1.2397596194684668
1.240316996945679
1.2408746220200586
1.2414324948228628
1.2419906154852802
1.242548984138427
1.2431076009133564
1.243666465941063
1.244225579352487
1.2447849412785206
1.245344551849991
1.2459044111977362
1.246464519452584
1.2470248767453642
1.2475854832069453
1.2481463389683016
1.2487074441606192
1.2492687989156108
1.249830403365842
1.2503922576441855
1.2509543618842303
1.2515167162231544
1.2520793208083014
1.2526421758025914
1.253205281230976
1.2537686374720012
1.2543322449279033
1.2548961068204525
1.2554602116583804
1.256024569575058
1.2565891797374007
1.2571540415367215
1.257719154949313
1.2582845200504766
1.2588501369449805
1.2594160057491244
1.2599821265845506
1.2605484995756748
1.2611151248484649
1.2616820025297957
1.2622491327470804
1.2628165156280078
1.2633841513005455
1.2639520398927544
1.2645201815327436
1.2650885763486528
1.2656572244686373
1.2662261260208478
1.2667952811334264
1.2673646899344964
1.2679343525521605
1.268504269114497
1.2690744397495521
1.269644864585344
1.270215543749859
1.2707864773710371
1.271357665576669
1.2719291084947608
1.2725008062531578
1.273072758979653
1.2736449668020091
1.2742174298479363
1.2747901482450947
1.2753631221210968
1.2759363516034845
1.276509836819728
1.277083577897202
1.2776575749631534
1.2782318281446443
1.2788063375684506
1.2793811033608695
1.27995612564729
1.2805314045511573
1.2811069401909758
1.281682732668346
1.282258782017933
1.2828350888297404
1.2834116530257296
1.2839884744950814
1.2845655534441234
1.2851428900215527
1.2857204843624064
1.2862983365975642
1.2868764468561493
1.2874548152664365
1.2880334419562596
1.2886123270535357
1.2891914706849372
1.289770872978106
1.2903505340602317
1.290930454058438
1.2915106330998003
1.292091071311353
1.2926717688200902
1.2932527257529791
1.2938339422369567
1.2944154183989347
1.2949971543658034
1.2955791502644294
1.2961614062216567
1.296743922364313
1.297326698819205
1.2979097357131208
1.298493033172831
1.2990765913250875
1.299660410296626
1.300244490214164
1.3008288312044045
1.3014134333940302
1.3019982969097084
1.3025834218780874
1.3031688084257986
1.3037544566794523
1.3043403667656428
1.3049265388109361
1.3055129729418793
1.3060996692849955
1.3066866279667684
1.3072738491132851
1.3078613328516342
1.3084490793078134
1.309037088608333
1.3096253608805393
1.3102138962516343
1.3108026948466334
1.3113917498236536
1.3119810755226429
1.3125706647847395
1.31316051774647
1.3137506345415546
1.314341015301896
1.3149316601581855
1.3155225692402466
1.3161137426772669
1.316705180597942
1.3172968831305678
1.3178888504031385
1.3184810825434647
1.3190735796791133
1.3196663419374943
1.320259369445889
1.320852662331473
1.3214462207213244
1.322040044742462
1.322634134521838
1.3232284901863567
1.3238231118628816
1.3244179996782417
1.3250131537592327
1.3256085742326211
1.3262042612251532
1.3268002148635383
1.327396435274457
1.3279929225845515
1.328589676920414
1.3291866984085627
1.3297839871754213
1.330381543347249
1.33097936705006
1.331577458409437
1.332175817550181
1.3327744445955263
1.333373339665226
1.3339725028702794
1.3345719343344997
1.3351716344054596
1.3357716031134141
1.3363718404433733
1.3369723465440109
1.337573121557305
1.338174165617
1.3387754788530948
1.3393770613949967
1.3399789133709512
1.3405810349087652
1.341183426135964
1.3417860871799963
1.342389018168196
1.3429922192278387
1.3435956904861681
1.3441994320704025
1.3448034441081227
1.3454077267257871
1.346012280050983
1.346617104210924
1.3472221993328326
1.3478275655439413
1.3484332029714954
1.3490391117427571
1.3496452919850022
1.3502517438255293
1.3508584673916486
1.3514654628106912
1.3520727302100115
1.3526802697169817
1.3532880814589958
1.3538961655634674
1.3545045221578362
1.3551131513695631
1.355722053326127
1.3563312281550388
1.3569406759838283
1.3575503969400498
1.3581603911512867
1.3587706587451456
1.3593811998492757
1.3599920145913709
1.3606031030992192
1.3612144655007254
1.3618261019239126
1.3624380124968198
1.36305019734715
1.3636626566024117
1.3642753903903466
1.3648883988388407
1.3655016820758967
1.366115240229599
1.3667290734280804
1.3673431817282065
1.3679575652989204
1.368572224293005
1.3691871588387357
1.3698023690640917
1.3704178550970842
1.3710336170657498
1.3716496550981507
1.372265969322378
1.372882559866548
1.3734994268588032
1.3741165704273144
1.374733990700276
1.375351687805908
1.375969661872457
1.376587913028192
1.377206441401405
1.3778252471204124
1.3784443303135492
1.3790636911091676
1.3796833296356381
1.3803032460213456
1.3809234403946822
1.3815439128840443
1.382164663617827
1.3827856927244149
1.3834070003321688
1.3840285865694104
1.384650451564394
1.385272595445224
1.3858950183399876
1.3865177203764958
1.3871407016822273
1.3877639623841358
1.388387502608301
1.389011322479242
1.3896354221183627
1.3902598016397407
1.3908844611476774
1.3915094006663755
1.3921346209424348
1.3927601220463615
1.3933859035770115
1.3940119657373982
1.3946383086889
1.3952649325770048
1.3958918375469325
1.3965190238107785
1.397146491185181
1.3977742400865574
1.3984022706086345
1.3990305718542648
1.3996591656569413
1.4002880414487757
1.4009171993593912
1.401546639518449
1.4021763620556467
1.4028063671007203
1.403436654783442
1.404067225233624
1.4046980785811134
1.4053292149557977
1.4059606344876017
1.4065923373064895
1.407224323542462
1.4078565933255613
1.408489146785866
1.4091219840534945
1.4097551052586057
1.410388510531396
1.4110222000021018
1.4116561738009998
1.4122904320570375
1.4129249749019293
1.4135598024660812
1.41419491487993
1.4148303122739505
1.4154659947786608
1.4161019625246176
1.4167382156424193
1.417374754262704
1.4180115785161524
1.4186486885334852
1.4192860844454644
1.4199237663828934
1.4205617344766186
1.4211999888575255
1.4218385296565432
1.4224773570046423
1.4231164710328355
1.423755871872177
1.424395559653764
1.4250355345087364
1.4256757965682758
1.4263163459636077
1.4269571828259973
1.4275983072867584
1.4282397194772418
1.428881419528845
1.429523407573008
1.4301656837412142
1.4308082481649906
1.4314511009759066
1.432094242305577
1.4327376722856606
1.4333813910478583
1.4340253987239173
1.4346696954456268
1.435314281344823
1.4359591565533836
1.4366043212032331
1.4372497754263405
1.4378955193547212
1.4385415531204284
1.4391878768555686
1.4398344906922873
1.4404813947627784
1.4411285891992809
1.4417760741340784
1.4424238496995005
1.4430719160279226
1.4437202732517644
1.4443689215034936
1.4450178609156223
1.4456670916207084
1.4463166137513566
1.4469664274402187
1.4476165328199908
1.4482669300234172
1.4489176191832869
1.449568600432437
1.4502198739037508
1.4508714397301583
1.4515232980446544
1.4521754489802263
1.4528278926699643
1.4534806292469842
1.454133658844454
1.454786981595584
1.4554405976336353
1.456094507091914
1.4567487101037762
1.4574032068026244
1.4580579973219088
1.4587130817951288
1.4593684603558283
1.4600241331376027
1.4606801002740928
1.4613363618989907
1.4619929181460338
1.4626497691490092
1.4633069150417506
1.4639643559581437
1.4646220920321191
1.465280123397658
1.465938450188791
1.4665970725395934
1.4672559905841949
1.4679152044567696
1.4685747142915426
1.469234520222788
1.4698946223848297
1.470555020912037
1.4712157159388335
1.4718767075996895
1.4725379960291236
1.4731995813617065
1.4738614637320566
1.4745236432748419
1.4751861201247816
1.4758488944166408
1.4765119662852388
1.4771753358654425
1.4778390032921693
1.4785029687003846
1.4791672322251064
1.4798317940014016
1.4804966541643862
1.481161812849228
1.481827270191144
1.482493026325401
1.4831590813873177
1.4838254355122613
1.48449208883565
1.4851590414929534
1.485826293619689
1.4864938453514283
1.4871616968237902
1.4878298481724466
1.4884982995331184
1.4891670510415773
1.489836102833647
1.4905054550451988
1.4911751078121596
1.4918450612705039
1.4925153155562565
1.4931858708054957
1.493856727154348
1.4945278847389927
1.495199343695659
1.495871104160629
1.4965431662702329
1.4972155301608534
1.497888195968926
1.4985611638309342
1.4992344338834147
1.4999080062629535
1.5005818811061917
1.5012560585498165
1.5019305387305697
1.5026053217852433
1.5032804078506807
1.5039557970637765
1.5046314895614756
1.5053074854807762
1.5059837849587268
1.5066603881324256
1.507337295139026
1.50801450611573
1.5086920211997903
1.5093698405285125
1.510047964239252
1.5107263924694165
1.5114051253564655
1.5120841630379087
1.5127635056513073
1.5134431533342754
1.5141231062244762
1.514803364459625
1.5154839281774892
1.5161647975158874
1.5168459726126864
1.5175274536058088
1.518209240633225
1.5188913338329582
1.5195737333430832
1.520256439301724
1.5209394518470578
1.5216227711173105
1.5223063972507622
1.522990330385741
1.5236745706606285
1.5243591182138552
1.5250439731839034
1.5257291357093063
1.526414605928647
1.527100383980561
1.5277864700037338
1.528472864136901
1.529159566518848
1.5298465772884124
1.5305338965844826
1.5312215245459935
1.5319094613119344
1.532597707021341
1.5332862618132992
1.5339751258269456
1.5346642992014603
1.5353537820760748
1.5360435745900607
1.536733676882728
1.537424089093419
1.5381148113614813
1.5388058438262235
1.5394971866266818
1.5401888399007042
1.540880803787518
1.5415730784405386
1.5422656639915326
1.5429585605746854
1.54365176833134
1.5443452874021038
1.5450391179273122
1.545733260047098
1.546427713901542
1.5471224796307557
1.5478175573748827
1.5485129472741108
1.5492086494686712
1.5499046640988385
1.550600991304939
1.5512976312273388
1.5519945840064557
1.552691849782753
1.5533894286967387
1.5540873208889692
1.5547855265000436
1.555484045670603
1.5561828785413208
1.556882025252912
1.557581485946149
1.5582812607618532
1.558981349840856
1.559681753323976
1.560382471352101
1.5610835040670437
1.5617848516116137
1.562486514125363
1.5631884917484649
1.563890784622233
1.564593392888021
1.5652963166872373
1.5659995561612925
1.5667031114516297
1.5674069826997417
1.5681111700471793
1.5688156736355652
1.5695204936066147
1.5702256301021653
1.5709310832642442
1.5716368532351959
1.5723429401579838
1.5730493441769864
1.5737560654405658
1.5744631041117108
1.5751704603668413
1.5758781340399652
1.5765861255482834
1.577294435039715
1.5780030626293697
1.57871200845137
1.5794212726447996
1.5801308553504134
1.5808407567096672
1.5815509768643647
1.5822615159565083
1.582972374128226
1.5836835515217367
1.5843950482793296
1.5851068645433501
1.5858190004561947
1.5865314561603034
1.5872442317981597
1.5879573275122827
1.5886707434452325
1.5893844797396004
1.5900985365380174
1.5908129139831422
1.5915276122176698
1.5922426313843252
1.592957971625863
1.5936736330850703
1.5943896159047606
1.5951059202277778
1.5958225461969928
1.5965394939553013
1.5972567636456265
1.597974355410916
1.5986922693941414
1.599410505738295
1.600129064586392
1.6008479460814655
1.6015671503665667
1.6022866775847617
1.6030065278791286
1.6037267013927536