0.7842695986225436
0.7842695986226065
0.7842695986226706
0.7842695986227355
0.7842695986228017
0.7842695986228689
0.7842695986229375
0.7842695986230073
0.7842695986230781
0.78426959862315
0.7842695986232233
0.7842695986232979
0.7842695986233739
0.7842695986234509
0.7842695986235293
0.784269598623609
0.7842695986236903
0.7842695986237729
0.7842695986238569
0.7842695986239422
0.784269598624029
0.7842695986241173
0.7842695986242071
0.7842695986242983
0.7842695986243912
0.7842695986244853
0.7842695986245813
0.7842695986246789
0.7842695986247784
0.7842695986248795
0.7842695986249821
0.7842695986250866
0.784269598625193
0.7842695986253013
0.7842695986254112
0.7842695986255231
0.7842695986256369
0.7842695986257524
0.7842695986258695
0.7842695986259892
0.7842695986261108
0.7842695986262345
0.7842695986263604
0.7842695986264884
0.7842695986266185
0.7842695986267509
0.7842695986268855
0.7842695986270224
0.7842695986271617
0.7842695986273034
0.7842695986274475
0.7842695986275938
0.7842695986277429
0.784269598627895
0.7842695986280492
0.7842695986282059
0.7842695986283654
0.7842695986285274
0.7842695986286923
0.78426959862886
0.7842695986290307
0.784269598629204
0.7842695986293805
0.7842695986295599
0.7842695986297418
0.7842695986299274
0.7842695986301161
0.7842695986303081
0.7842695986305039
0.7842695986307026
0.7842695986309045
0.7842695986311098
0.7842695986313184
0.7842695986315308
0.7842695986317468
0.7842695986319665
0.7842695986321904
0.7842695986324179
0.784269598632649
0.7842695986328836
0.7842695986331228
0.7842695986333659
0.7842695986336133
0.7842695986338655
0.7842695986341213
0.7842695986343812
0.7842695986346458
0.7842695986349149
0.7842695986351886
0.784269598635467
0.78426959863575
0.7842695986360378
0.7842695986363308
0.7842695986366289
0.7842695986369319
0.78426959863724
0.7842695986375529
0.7842695986378714
0.7842695986381957
0.7842695986385253
0.7842695986388605
0.7842695986392013
0.784269598639548
0.7842695986399009
0.7842695986402597
0.7842695986406245
0.7842695986409953
0.7842695986413726
0.7842695986417559
0.7842695986421463
0.7842695986425431
0.7842695986429467
0.7842695986433573
0.7842695986437748
0.7842695986441991
0.784269598644631
0.7842695986450705
0.7842695986455172
0.7842695986459711
0.784269598646434
0.7842695986469038
0.7842695986473817
0.7842695986478672
0.7842695986483614
0.7842695986488649
0.7842695986493762
0.7842695986498962
0.7842695986504252
0.784269598650963
0.7842695986515099
0.7842695986520661
0.7842695986526318
0.7842695986532076
0.7842695986537929
0.7842695986543881
0.7842695986549942
0.7842695986556099
0.7842695986562361
0.7842695986568717
0.7842695986575198
0.7842695986581789
0.7842695986588489
0.78426959865953
0.7842695986602235
0.7842695986609283
0.784269598661645
0.7842695986623741
0.7842695986631156
0.7842695986638697
0.7842695986646366
0.7842695986654166
0.7842695986662099
0.7842695986670167
0.7842695986678372
0.7842695986686717
0.7842695986695201
0.7842695986703838
0.7842695986712617
0.7842695986721545
0.7842695986730626
0.7842695986739856
0.7842695986749245
0.7842695986758801
0.7842695986768513
0.7842695986778401
0.7842695986788444
0.7842695986798665
0.7842695986809063
0.7842695986819638
0.7842695986830392
0.784269598684132
0.7842695986852439
0.7842695986863749
0.7842695986875255
0.7842695986886954
0.7842695986898852
0.7842695986910957
0.7842695986923258
0.7842695986935775
0.7842695986948505
0.7842695986961451
0.7842695986974629
0.7842695986988022
0.7842695987001643
0.7842695987015491
0.7842695987029575
0.7842695987043904
0.7842695987058477
0.7842695987073299
0.7842695987088375
0.7842695987103703
0.7842695987119294
0.7842695987135151
0.7842695987151267
0.7842695987167667
0.7842695987184357
0.7842695987201321
0.7842695987218569
0.7842695987236118
0.7842695987253969
0.7842695987272115
0.7842695987290574
0.7842695987309346
0.7842695987328446
0.7842695987347866
0.7842695987367616
0.7842695987387702
0.7842695987408123
0.7842695987428903
0.7842695987450033
0.7842695987471526
0.7842695987493382
0.784269598751561
0.7842695987538217
0.784269598756121
0.7842695987584595
0.7842695987608377
0.7842695987632564
0.7842695987657161
0.7842695987682184
0.7842695987707626
0.7842695987733502
0.7842695987759821
0.7842695987786593
0.7842695987813812
0.7842695987841504
0.7842695987869656
0.7842695987898295
0.7842695987927425
0.7842695987957045
0.7842695987987175
0.7842695988017817
0.7842695988048975
0.784269598808067
0.7842695988112904
0.7842695988145688
0.7842695988179023
0.784269598821293
0.7842695988247417
0.7842695988282496
0.7842695988318165
0.7842695988354447
0.7842695988391344
0.7842695988428866
0.7842695988467027
0.7842695988505841
0.7842695988545321
0.7842695988585467
0.7842695988626303
0.784269598866783
0.7842695988710067
0.7842695988753021
0.7842695988796707
0.7842695988841133
0.7842695988886326
0.7842695988932278
0.7842695988979018
0.7842695989026552
0.7842695989074904
0.7842695989124072
0.7842695989174079
0.7842695989224933
0.7842695989276662
0.7842695989329268
0.784269598938277
0.7842695989437186
0.7842695989492525
0.7842695989548807
0.7842695989606053
0.7842695989664271
0.7842695989723478
0.7842695989783699
0.784269598984494
0.7842695989907222
0.784269598997057
0.7842695990035002
0.7842695990100526
0.7842695990167163
0.7842695990234945
0.7842695990303874
0.7842695990373976
0.7842695990445275
0.7842695990517791
0.7842695990591545
0.7842695990666549
0.7842695990742825
0.7842695990820406
0.7842695990899308
0.7842695990979557
0.7842695991061177
0.7842695991144183
0.7842695991228601
0.7842695991314454
0.7842695991401778
0.7842695991490584
0.7842695991580905
0.7842695991672766
0.7842695991766186
0.7842695991861203
0.7842695991957837
0.7842695992056112
0.7842695992156069
0.7842695992257721
0.784269599236111
0.7842695992466259
0.7842695992573201
0.7842695992681964
0.7842695992792571
0.7842695992905074
0.7842695993019496
0.7842695993135851
0.7842695993254204
0.7842695993374563
0.7842695993496975
0.7842695993621476
0.7842695993748092
0.7842695993876867
0.784269599400784
0.7842695994141038
0.7842695994276514
0.784269599441429
0.784269599455441
0.7842695994696923
0.7842695994841871
0.7842695994989277
0.7842695995139193
0.7842695995291661
0.7842695995446739
0.7842695995604452
0.7842695995764848
0.7842695995927973
0.7842695996093884
0.7842695996262619
0.7842695996434232
0.7842695996608771
0.7842695996786273
0.7842695996966802
0.7842695997150407
0.784269599733714
0.7842695997527055
0.7842695997720205
0.7842695997916643
0.7842695998116435
0.7842695998319623
0.7842695998526276
0.7842695998736436
0.7842695998950191
0.7842695999167586
0.7842695999388686
0.7842695999613545
0.7842695999842234
0.784269600007482
0.7842696000311375
0.7842696000551947
0.7842696000796627
0.7842696001045478
0.7842696001298562
0.7842696001555957
0.7842696001817735
0.7842696002083978
0.7842696002354752
0.7842696002630144
0.7842696002910222
0.7842696003195071
0.7842696003484779
0.784269600377941
0.7842696004079067
0.7842696004383829
0.784269600469378
0.7842696005009019
0.7842696005329614
0.7842696005655682
0.7842696005987297
0.7842696006324568
0.7842696006667578
0.7842696007016434
0.7842696007371235
0.7842696007732075
0.7842696008099072
0.7842696008472307
0.7842696008851902
0.7842696009237967
0.7842696009630612
0.7842696010029939
0.7842696010436067
0.7842696010849124
0.7842696011269212
0.784269601169646
0.7842696012130981
0.7842696012572905
0.7842696013022356
0.7842696013479461
0.7842696013944356
0.7842696014417171
0.7842696014898034
0.7842696015387092
0.7842696015884484
0.784269601639035
0.7842696016904829
0.7842696017428071
0.7842696017960232
0.7842696018501452
0.7842696019051892
0.7842696019611715
0.7842696020181068
0.7842696020760119
0.7842696021349047
0.7842696021947991
0.7842696022557154
0.784269602317667
0.7842696023806762
0.7842696024447576
0.7842696025099312
0.7842696025762141
0.7842696026436273
0.784269602712188
0.7842696027819169
0.7842696028528335
0.784269602924959
0.784269602998312
0.7842696030729146
0.7842696031487884
0.7842696032259547
0.7842696033044356
0.7842696033842541
0.7842696034654308
0.7842696035479908
0.7842696036319581
0.7842696037173541
0.7842696038042062
0.7842696038925379
0.7842696039823723
0.7842696040737394
0.7842696041666617
0.784269604261167
0.7842696043572822
0.7842696044550348
0.7842696045544524
0.7842696046555637
0.7842696047583975
0.7842696048629832
0.7842696049693506
0.7842696050775293
0.7842696051875513
0.7842696052994476
0.7842696054132493
0.7842696055289904
0.7842696056467028
0.7842696057664198
0.7842696058881774
0.7842696060120081
0.7842696061379486
0.7842696062660337
0.7842696063963017
0.7842696065287879
0.784269606663532
0.7842696068005707
0.7842696069399447
0.784269607081691
0.7842696072258539
0.7842696073724711
0.7842696075215874
0.7842696076732433
0.7842696078274818
0.7842696079843483
0.7842696081438871
0.784269608306144
0.784269608471164
0.7842696086389951
0.7842696088096859
0.7842696089832837
0.784269609159839
0.7842696093394018
0.784269609522023
0.784269609707756
0.7842696098966526
0.7842696100887666
0.7842696102841531
0.7842696104828686
0.7842696106849691
0.7842696108905115
0.7842696110995562
0.7842696113121613
0.7842696115283885
0.7842696117482987
0.7842696119719555
0.7842696121994216
0.7842696124307631
0.7842696126660446
0.7842696129053353
0.7842696131487003
0.7842696133962123
0.784269613647941
0.7842696139039571
0.7842696141643348
0.7842696144291483
0.7842696146984717
0.7842696149723835
0.7842696152509616
0.784269615534285
0.7842696158224346
0.7842696161154933
0.784269616413543
0.7842696167166705
0.7842696170249621
0.7842696173385046
0.7842696176573885
0.784269617981705
0.7842696183115462
0.7842696186470051
0.7842696189881794
0.7842696193351648
0.7842696196880612
0.7842696200469697
0.7842696204119911
0.7842696207832315
0.7842696211607955
0.7842696215447911
0.7842696219353275
0.7842696223325172
0.7842696227364732
0.7842696231473099
0.7842696235651452
0.784269623990098
0.7842696244222903
0.7842696248618442
0.7842696253088859
0.7842696257635429
0.7842696262259451
0.7842696266962242
0.7842696271745142
0.784269627660952
0.7842696281556755
0.7842696286588271
0.78426962917055
0.7842696296909892
0.7842696302202941
0.7842696307586149
0.7842696313061069
0.7842696318629253
0.784269632429228
0.7842696330051782
0.7842696335909393
0.7842696341866789
0.7842696347925671
0.7842696354087758
0.7842696360354814
0.7842696366728626
0.7842696373211023
0.7842696379803842
0.7842696386508965
0.7842696393328303
0.784269640026381
0.7842696407317464
0.7842696414491279
0.7842696421787294
0.7842696429207586
0.7842696436754296
0.7842696444429551
0.784269645223555
0.7842696460174516
0.7842696468248737
0.78426964764605
0.7842696484812136
0.7842696493306046
0.7842696501944639
0.78426965107304
0.7842696519665815
0.7842696528753447
0.7842696537995882
0.7842696547395762
0.7842696556955763
0.7842696566678613
0.784269657656709
0.7842696586624012
0.7842696596852261
0.7842696607254734
0.7842696617834422
0.7842696628594327
0.7842696639537515
0.7842696650667124
0.7842696661986315
0.7842696673498337
0.7842696685206455
0.7842696697114019
0.7842696709224424
0.7842696721541125
0.7842696734067638
0.7842696746807543
0.7842696759764459
0.7842696772942089
0.784269678634421
0.7842696799974618
0.7842696813837226
0.7842696827935964
0.7842696842274889
0.7842696856858065
0.7842696871689658
0.7842696886773908
0.7842696902115108
0.7842696917717639
0.7842696933585958
0.7842696949724586
0.7842696966138132
0.784269698283128
0.7842696999808781
0.7842697017075498
0.7842697034636349
0.7842697052496338
0.7842697070660565
0.7842697089134224
0.7842697107922565
0.7842697127030966
0.7842697146464862
0.7842697166229813
0.784269718633145
0.7842697206775517
0.7842697227567845
0.784269724871436
0.7842697270221095
0.7842697292094197
0.7842697314339894
0.7842697336964541
0.7842697359974591
0.7842697383376618
0.7842697407177273
0.784269743138337
0.7842697456001813
0.784269748103963
0.7842697506503943
0.7842697532402038
0.7842697558741303
0.784269758552924
0.7842697612773507
0.7842697640481866
0.7842697668662223
0.7842697697322638
0.7842697726471266
0.7842697756116417
0.7842697786266577
0.7842697816930329
0.7842697848116427
0.7842697879833769
0.7842697912091405
0.7842697944898538
0.7842697978264531
0.7842698012198905
0.784269804671132
0.7842698081811664
0.7842698117509911
0.7842698153816283
0.7842698190741105
0.7842698228294934
0.7842698266488475
0.7842698305332627
0.7842698344838478
0.7842698385017299
0.7842698425880547
0.7842698467439883
0.7842698509707173
0.7842698552694459
0.7842698596414022
0.7842698640878331
0.7842698686100076
0.7842698732092148
0.7842698778867682
0.7842698826440015
0.7842698874822726
0.7842698924029615
0.7842698974074719
0.7842699024972335
0.7842699076736958
0.7842699129383369
0.7842699182926598
0.7842699237381915
0.7842699292764851
0.7842699349091203
0.7842699406377057
0.7842699464638748
0.784269952389291
0.7842699584156438
0.7842699645446523
0.7842699707780667
0.7842699771176641
0.7842699835652536
0.7842699901226744
0.7842699967917997
0.7842700035745288
0.7842700104727995
0.7842700174885779
0.7842700246238685
0.7842700318807043
0.7842700392611572
0.7842700467673328
0.7842700544013725
0.7842700621654541
0.7842700700617931
0.7842700780926429
0.7842700862602936
0.784270094567077
0.7842701030153622
0.7842701116075596
0.7842701203461201
0.7842701292335382
0.784270138272348
0.7842701474651306
0.7842701568145078
0.7842701663231452
0.7842701759937584
0.7842701858291051
0.7842701958319912
0.7842702060052715
0.784270216351848
0.7842702268746726
0.7842702375767482
0.7842702484611273
0.7842702595309154
0.7842702707892715
0.784270282239407
0.7842702938845892
0.7842703057281407
0.7842703177734398
0.7842703300239232
0.7842703424830864
0.7842703551544834
0.784270368041731
0.7842703811485047
0.7842703944785439
0.7842704080356521
0.7842704218236971
0.7842704358466124
0.784270450108399
0.7842704646131262
0.7842704793649318
0.7842704943680249
0.7842705096266858
0.7842705251452676
0.7842705409281975
0.7842705569799794
0.7842705733051918
0.7842705899084925
0.7842706067946186
0.7842706239683886
0.7842706414347004
0.7842706591985383
0.7842706772649706
0.7842706956391508
0.7842707143263211
0.784270733331814
0.7842707526610495
0.7842707723195443
0.7842707923129058
0.784270812646838
0.7842708333271432
0.7842708543597201
0.7842708757505699
0.7842708975057947
0.7842709196316016
0.7842709421343016
0.7842709650203176
0.7842709882961761
0.7842710119685178
0.7842710360440979
0.7842710605297835
0.7842710854325603
0.7842711107595327
0.7842711365179271
0.7842711627150907
0.7842711893584984
0.7842712164557504
0.7842712440145778
0.7842712720428431
0.784271300548541
0.7842713295398049
0.7842713590249047
0.7842713890122534
0.7842714195104041
0.7842714505280586
0.7842714820740655
0.7842715141574249
0.7842715467872877
0.7842715799729637
0.7842716137239192
0.7842716480497858
0.7842716829603523
0.7842717184655791
0.7842717545755941
0.7842717913007017
0.7842718286513748
0.7842718666382705
0.7842719052722253
0.7842719445642606
0.7842719845255841
0.7842720251675966
0.7842720665018923
0.7842721085402625
0.7842721512946981
0.7842721947773972
0.7842722390007623
0.7842722839774111
0.784272329720171
0.7842723762420925
0.7842724235564474
0.7842724716767295
0.7842725206166692
0.7842725703902239
0.7842726210115942
0.7842726724952196
0.7842727248557855
0.7842727781082285
0.7842728322677388
0.784272887349765
0.784272943370021
0.7842730003444851
0.7842730582894101
0.7842731172213241
0.7842731771570373
0.7842732381136461
0.7842733001085374
0.7842733631593964
0.7842734272842059
0.7842734925012587
0.7842735588291554
0.7842736262868159
0.7842736948934816
0.784273764668722
0.7842738356324391
0.7842739078048733
0.7842739812066097
0.7842740558585866
0.7842741317820948
0.7842742089987911
0.7842742875306983
0.7842743674002155
0.7842744486301239
0.7842745312435909
0.7842746152641797
0.7842747007158533
0.7842747876229854
0.7842748760103614
0.7842749659031907
0.7842750573271104
0.7842751503081961
0.7842752448729665
0.7842753410483921
0.7842754388618998
0.784275538341386
0.784275639515224
0.7842757424122668
0.7842758470618587
0.7842759534938457
0.7842760617385808
0.7842761718269328
0.7842762837902969
0.7842763976606036
0.7842765134703245
0.7842766312524865
0.7842767510406782
0.7842768728690593
0.7842769967723705
0.7842771227859446
0.7842772509457169
0.7842773812882311
0.7842775138506571
0.784277648670795
0.7842777857870884
0.784277925238635
0.7842780670652
0.7842782113072233
0.7842783580058333
0.7842785072028594
0.7842786589408424
0.7842788132630467
0.7842789702134748
0.7842791298368761
0.7842792921787605
0.7842794572854155
0.7842796252039149
0.7842797959821338
0.7842799696687613
0.7842801463133157
0.7842803259661584
0.7842805086785051
0.7842806945024482
0.7842808834909606
0.7842810756979212
0.7842812711781233
0.7842814699872924
0.7842816721821029
0.7842818778201943
0.784282086960185
0.7842822996616914
0.7842825159853442
0.7842827359928066
0.784282959746789
0.78428318731107
0.784283418750512
0.7842836541310827
0.7842838935198705
0.784284136985104
0.7842843845961756
0.7842846364236544
0.7842848925393127
0.7842851530161427
0.7842854179283766
0.7842856873515112
0.7842859613623252
0.7842862400389063
0.7842865234606673
0.7842868117083712
0.7842871048641575
0.784287403011559
0.7842877062355327
0.784288014622475
0.7842883282602565
0.7842886472382395
0.7842889716473054
0.7842893015798829
0.784289637129968
0.7842899783931594
0.7842903254666773
0.7842906784493967
0.7842910374418731
0.7842914025463695
0.7842917738668913
0.7842921515092066
0.7842925355808847
0.7842929261913214
0.7842933234517733
0.7842937274753853
0.7842941383772278
0.7842945562743253
0.7842949812856905
0.784295413532358
0.7842958531374207
0.7842963002260614
0.7842967549255904
0.7842972173654801
0.784297687677403
0.7842981659952671
0.7842986524552579
0.7842991471958707
0.784299650357955
0.7843001620847521
0.7843006825219351
0.7843012118176531
0.7843017501225686
0.784302297589904
0.7843028543754829
0.7843034206377721
0.7843039965379337
0.7843045822398623
0.7843051779102338
0.7843057837185561
0.7843063998372137
0.7843070264415142
0.7843076637097439
0.784308311823213
0.7843089709663086
0.7843096413265451
0.7843103230946217
0.7843110164644703
0.7843117216333121
0.7843124388017166
0.7843131681736528
0.7843139099565514
0.7843146643613598
0.7843154316026036
0.7843162118984426
0.7843170054707413
0.7843178125451216
0.7843186333510324
0.7843194681218105
0.7843203170947497
0.7843211805111634
0.7843220586164575
0.7843229516601941
0.7843238598961638
0.7843247835824592
0.7843257229815442
0.784326678360328
0.7843276499902422
0.7843286381473129
0.7843296431122434
0.784330665170489
0.7843317046123376
0.7843327617329933
0.7843338368326549
0.7843349302166032
0.7843360421952863
0.7843371730844062
0.7843383232050043
0.7843394928835539
0.7843406824520536
0.7843418922481165
0.7843431226150627
0.784344373902021
0.7843456464640217
0.7843469406620978
0.7843482568633856
0.7843495954412242
0.7843509567752649
0.7843523412515716
0.7843537492627307
0.7843551812079622
0.7843566374932263
0.7843581185313399
0.7843596247420899
0.78436115655235
0.7843627143961999
0.7843642987150438
0.7843659099577367
0.7843675485807031
0.78436921504807
0.7843709098317903
0.7843726334117741
0.7843743862760265
0.7843761689207777
0.7843779818506182
0.7843798255786452
0.7843817006265975
0.7843836075250048
0.7843855468133308
0.7843875190401219
0.7843895247631608
0.7843915645496162
0.7843936389762026
0.7843957486293373
0.7843978941052999
0.7844000760103997
0.7844022949611404
0.7844045515843859
0.784406846517538
0.7844091804087074
0.7844115539168903
0.7844139677121515
0.7844164224758059
0.7844189189006041
0.7844214576909213
0.7844240395629523
0.7844266652449026
0.7844293354771885
0.784432051012639
0.7844348126166991
0.7844376210676399
0.7844404771567659
0.7844433816886337
0.7844463354812674
0.7844493393663791
0.7844523941895968
0.7844555008106922
0.7844586601038098
0.7844618729577032
0.7844651402759801
0.7844684629773347
0.7844718419958071
0.7844752782810231
0.7844787727984571
0.7844823265296836
0.7844859404726459
0.7844896156419204
0.784493353068987
0.7844971538025025
0.784501018908587
0.7845049494710986
0.7845089465919259
0.7845130113912818
0.7845171450079969
0.7845213485998239
0.7845256233437409
0.784529970436266
0.7845343910937678
0.7845388865527894
0.7845434580703744
0.7845481069243906
0.7845528344138741
0.78455764185936
0.7845625306032361
0.7845675020100862
0.7845725574670512
0.7845776983841848
0.784582926194824
0.7845882423559576
0.7845936483486069
0.7845991456782054
0.7846047358749859
0.7846104204943791
0.78461620111741
0.7846220793511032
0.7846280568288976
0.78463413521106
0.7846403161851093
0.7846466014662504
0.7846529927978033
0.78465949195165
0.7846661007286795
0.7846728209592453
0.7846796545036241
0.7846866032524852
0.7846936691273619
0.784700854081135
0.7847081600985193
0.7847155891965549
0.7847231434251146
0.7847308248674056
0.7847386356404862
0.7847465778957881
0.7847546538196463
0.7847628656338326
0.7847712155960993
0.7847797060007335
0.7847883391791078
0.7847971175002536
0.7848060433714241
0.7848151192386854
0.784824347587493
0.7848337309432969
0.7848432718721365
0.784852972981257
0.7848628369197225
0.7848728663790453
0.7848830640938212
0.7848934328423667
0.7849039754473712
0.7849146947765541
0.7849255937433331
0.7849366753074927
0.7849479424758684
0.7849593983030403
0.784971045892023
0.7849828883949772
0.7849949290139246
0.7850071710014657
0.7850196176615138
0.7850322723500327
0.785045138475783
0.7850582195010788
0.7850715189425499
0.785085040371912
0.7850987874167508
0.7851127637613045
0.7851269731472622
0.7851414193745704
0.785156106302241
0.785171037849175
0.785186217994987
0.7852016507808476
0.7852173403103235
0.7852332907502262
0.7852495063314813
0.7852659913499876
0.785282750167498
0.7852997872124974
0.7853171069810982
0.785334714037934
0.7853526130170688
0.7853708086229026
0.7853893056310989
0.7854081088895037
0.7854272233190823
0.7854466539148584
0.7854664057468566
0.7854864839610608
0.7855068937803663
0.7855276405055457
0.7855487295162217
0.785570166271839
0.7855919563126433
0.7856141052606718
0.7856366188207409
0.7856595027814373
0.7856827630161232
0.7857064054839357
0.7857304362307894
0.7857548613903944
0.7857796871852625
0.7858049199277234
0.7858305660209415
0.7858566319599382
0.7858831243326097
0.7859100498207476
0.7859374152010625
0.7859652273462068
0.7859934932257959
0.7860222199074276
0.7860514145577053
0.7860810844432519
0.786111236931726
0.7861418794928363
0.7861730196993488
0.786204665228091
0.786236823860953
0.7862695034858778
0.786302712097856
0.7863364577998992
0.7863707488040191
0.7864055934321912
0.7864410001173074
0.7864769774041299
0.7865135339502173
0.7865506785268528
0.7865884200199578
0.7866267674309834
0.7866657298778013
0.7867053165955633
0.7867455369375641
0.7867864003760645
0.7868279165031159
0.7868700950313522
0.7869129457947706
0.7869564787494836
0.7870007039744495
0.7870456316721847
0.7870912721694423
0.7871376359178733
0.7871847334946478
0.7872325756030605
0.7872811730731005
0.7873305368619828
0.7873806780546577
0.7874316078642783
0.7874833376326373
0.7875358788305545
0.7875892430582441
0.7876434420456249
0.787698487652596
0.787754391869265
0.7878111668161362
0.7878688247442445
0.7879273780352487
0.7879868392014635
0.7880472208858501
0.7881085358619464
0.7881707970337426
0.7882340174354964
0.7882982102314976
0.7883633887157575
0.7884295663116477
0.7884967565714653
0.7885649731759343
0.7886342299336383
0.7887045407803783
0.7887759197784608
0.7888483811159116
0.7889219391056046
0.7889966081843246
0.7890724029117376
0.7891493379692777
0.7892274281589599
0.7893066884020892
0.7893871337378972
0.7894687793220744
0.7895516404252094
0.7896357324311463
0.7897210708352225
0.78980767124243
0.7898955493654547
0.7899847210226228
0.7900752021357473
0.7901670087278496
0.7902601569207865
0.7903546629327604
0.7904505430757164
0.7905478137526255
0.7906464914546518
0.7907465927581984
0.7908481343218332
0.7909511328831046
0.7910556052552103
0.7911615683235705
0.7912690390422488
0.7913780344302692
0.7914885715677844
0.7916006675921406
0.7917143396937952
0.791829605112131
0.7919464811311279
0.792064985074869
0.7921851343028344
0.7923069462050693
0.7924304381973563
0.7925556277163123
0.7926825322142623
0.7928111691539484
0.7929415560030818
0.7930737102287853
0.7932076492918925
0.7933433906411297
0.793480951707134
0.793620349896445
0.7937616025852341
0.793904727112959
0.7940497407759057
0.7941966608205944
0.7943455044370598
0.7944962887520084
0.7946490308218626
0.7948037476256837
0.7949604560579799
0.7951191729214073
0.7952799149193638
0.7954426986484692
0.7956075405909544
0.7957744571069371
0.7959434644265992
0.7961145786422525
0.7962878157003572
0.7964631913935984
0.7966407213529036
0.7968204210391409
0.7970023057347155
0.7971863905352294
0.7973726903411295
0.7975612198492988
0.7977519935446221
0.7979450256915068
0.7981403303253758
0.7983379212441206
0.7985378119995558
0.7987400158888599
0.7989445459460365
0.7991514149333588
0.7993606353328637
0.7995722193378478
0.7997861788444133
0.800002525443053
0.8002212704102837
0.8004424247003487
0.8006659989369832
0.8008920034052566
0.8011204480435112
0.8013513424353902
0.801584695801973
0.8018205169940278
0.8020588144843868
0.8022995963604548
0.8025428703168641
0.8027886436482782
0.803036923242358
0.8032877155728999
0.8035410266931569
0.8037968622293417
0.8040552273743358
0.8043161268816047
0.8045795650593236
0.8048455457647343
0.8051140723987396
0.8053851479007231
0.8056587747436407
0.805934954929354
0.8062136899842379
0.8064949809550587
0.8067788284051328
0.8070652324107754
0.8073541925580399
0.8076457079397642
0.8079397771529148
0.808236398296251
0.8085355689683048
0.8088372862656805
0.8091415467816854
0.8094483466052934
0.8097576813204362
0.8100695460056404
0.8103839352340056
0.8107008430735221
0.8110202630877378
0.8113421883367741
0.8116666113786851
0.8119935242711713
0.8123229185736426
0.8126547853496245
0.8129891151695189
0.8133258981137119
0.8136651237760213
0.8140067812674893
0.8143508592205182
0.8146973457933444
0.8150462286748308
0.8153974950896138
0.8157511318035485
0.8161071251294905
0.8164654609333843
0.8168261246406595
0.8171891012429313
0.8175543753049914
0.8179219309720858
0.818291751977482
0.8186638216502846
0.8190381229235484
0.8194146383426035
0.8197933500736747
0.8201742399126754
0.8205572892942785
0.820942479301157
0.8213297906734528
0.8217192038184031
0.8221106988200892
0.8225042554487924
0.8228998531713334
0.8232974711651306
0.8236970883568552
0.8240986833567767
0.8245022345170228
0.8249077199107999
0.8253151174081131
0.8257244047054668
0.826135559228416
0.8265485581980163
0.8269633786431645
0.8273799974100694
0.8277983911730105
0.8282185364457098
0.8286404095927358
0.8290639868407998
0.8294892442899477
0.8299161579247086
0.8303447036252142
0.8307748571782745
0.8312065942883953
0.831639890588763
0.8320747216522247
0.8325110630020148
0.8329488901225075
0.8333881784698293
0.8338289034823404
0.8342710405909893
0.834714565229527
0.8351594528445844
0.8356056789056094
0.8360532189146198
0.8365020484158187
0.8369521430050343
0.8374034783389847
0.8378560301443578
0.8383097742267157
0.8387646864791948
0.8392207428910196
0.8396779195558086
0.8401361926796856
0.8405955385891747
0.8410559337388881
0.8415173547189982
0.8419797782624958
0.8424431812522266
0.8429075407277102
0.8433728338917376
0.8438390381167356
0.8443061309509221
0.8447740901242257
0.8452428935539787
0.8457125193503979
0.8461829458218213
0.8466541514797357
0.8471261150435707
0.8475988154452763
0.8480722318336716
0.848546343578581
0.8490211302747426
0.8494965717455107
0.8499726480463313
0.8504493394680185
0.8509266265398077
0.8514044900322113
0.8518829109596602
0.8523618705829594
0.8528413504115455
0.8533213322055145
0.8538017979775019
0.8542827299943453
0.8547641107785791
0.8552459231097438
0.8557281500255131
0.8562107748226552
0.8566937810578222
0.8571771525481767
0.8576608733718559
0.8581449278682866
0.8586293006383497
0.859113976544427
0.8595989407103477
0.8600841785214179
0.8605696756246878
0.8610554179189762
0.8615413915588825
0.8620275829845848
0.8625139788749648
0.8630005661661088
0.8634873320504157
0.8639742639747844
0.8644613496391041
0.8649485769947468
0.8654359342430044
0.86592340983345
0.8664109924622113
0.8668986710701695
0.8673864348410864
0.8678742731996416
0.8683621758094202
0.8688501325708158
0.869338133618887
0.8698261693211308
0.8703142302752317
0.8708023073067288
0.871290391466647
0.8717784740290796
0.872266546488727
0.8727546005583845
0.8732426281664055
0.8737306214541057
0.8742185727731293
0.8747064746827565
0.875194319947074
0.875682101532314
0.876169812604827
0.8766574465354783
0.8771449968986531
0.8776324574326518
0.8781198220651181
0.8786070849212692
0.879094240310883
0.879581282723936
0.8800682068281037
0.8805550074665338
0.8810416796561309
0.8815282185881252
0.8820146196279002
0.8825008782277858
0.8829869900124855
0.8834729508981235
0.8839587568753493
0.8844444040930751
0.8849298888392815
0.8854152075493609
0.8859003568056699
0.8863853333336689
0.8868701339987939
0.8873547558036352
0.8878391958852345
0.8883234515124514
0.8888075200833313
0.8892913991224477
0.8897750862781489
0.8902585793199788
0.8907418761370409
0.8912249747364419
0.8917078732399681
0.892190569880754
0.8926730630009857
0.8931553510500958
0.8936374325822937
0.8941193062544027
0.8946009708236131
0.895082425145257
0.8955636681706384
0.8960446989446998
0.8965255166041406
0.8970061203751077
0.8974865095711706
0.8979666835912627
0.8984466419176526
0.8989263841139532
0.8994059098231469
0.8998852187656589
0.900364310737443
0.9008431856081034
0.9013218433190517
0.9018002838816797
0.9022785073755776
0.9027565139467651
0.9032343038059695
0.9037118772269112
0.9041892345446395
0.9046663761538841
0.9051433025074319
0.905620014114549
0.9060965115394125
0.9065727953995764
0.9070488663644726
0.9075247251539275
0.9080003725367104
0.9084758093291156
0.908951036393559
0.9094260546372084
0.9099008650106395
0.9103754685065172
0.9108498661582991
0.9113240590389728
0.9117980482598039
0.9122718349691248
0.9127454203511434
0.9132188056247611
0.9136919920424301
0.9141649808888404
0.9146377734803502
0.9151103711634142
0.9155827753136756
0.9160549873349404
0.9165270086581541
0.9169988407404274
0.9174704850641865
0.917941943135907
0.9184132164853811
0.9188843066652366
0.9193552152515295
0.9198259438373529
0.9202964940027795
0.9207668674474088
0.9212370658180422
0.9217070907554256
0.9221769439395037
0.9226466270732038
0.9231161418750095
0.9235854900773903
0.924054673426125
0.9245236936797274
0.9249925526091667
0.9254612519967794
0.9259297936359017
0.9263981793303273
0.9268664108937794
0.9273344901494149
0.9278024189294025
0.928270199074648
0.9287378324350418
0.9292053208711192
0.929672666261311
0.9301398705432914
0.9306069355904873
0.9310738625593067
0.9315406541760668
0.9320073121644306
0.9324738383714666
0.9329402346778909
0.9334065029746068
0.9338726451575965
0.9343386631258294
0.9348045587804092
0.9352703340239633
0.9357359907601726
0.9362015308933519
0.936666956328074
0.9371322689688178
0.937597470719631
0.9380625634838021
0.938527549163554
0.9389924296597361
0.9394572068715441
0.9399218826962316
0.9403864590288383
0.9408509377619328
0.941315320785351
0.9417796099859532
0.9422438072473783
0.9427079144498173
0.9431719334697891
0.9436358661799156
0.9440997144487244
0.9445634801404347
0.9450271651147643
0.9454907712267443
0.945954300326531
0.9464177542592299
0.9468811348647262
0.947344443977519
0.9478076834265652
0.9482708550351233
0.9487339606206079
0.9491970019944449
0.9496599809619413
0.9501228993221446
0.9505857588677266
0.9510485613848528
0.9515113086530758
0.9519740024452137
0.9524366445272522
0.9528992366582408
0.9533617805901959
0.9538242780680046
0.9542867308293351
0.9547491406045401
0.9552115091165679
0.9556738380808902
0.956136129205446
0.9565983841905907
0.9570606047290875
0.9575227925061539
0.957984949199746
0.9584470764808192
0.9589091759996505
0.9593712493959291
0.9598332983351483
0.9602953244528597
0.9607573293967401
0.9612193148136465
0.9616812822806543
0.9621432333885909
0.9626051697363561
0.9630670929146743
0.9635290045049556
0.963990906079683
0.9644527992026708
0.9649146854291938
0.9653765663060476
0.9658384433715731
0.9663003181556804
0.9667621921798507
0.967224066957106
0.9676859439920902
0.9681478247811014
0.9686097108119884
0.9690716035642375
0.9695335045090083
0.9699954151092146
0.970457336819652
0.9709192710872713
0.9713812193517788
0.9718431830471428
0.9723051636063528
0.9727671624817651
0.9732291813222476
0.9736912208603413
0.9741532822398731
0.9746153678049384
0.9750774786261905
0.9755396160201417
0.976001781326823
0.9764639758859961
0.9769262010320199
0.9773884580922549
0.9778507483864681
0.9783130732265997
0.9787754339166156
0.9792378317524884
0.9797002680221086
0.9801627440054148
0.9806252609743109
0.981087820192713
0.9815504229165707
0.9820130703938905
0.9824757638647654
0.9829385045614013
0.9834012937081489
0.9838641325215354
0.9843270222102899
0.9847899639753838
0.985252959010059
0.9857160084998637
0.9861791136226834
0.9866422755487819
0.9871054954408258
0.9875687744539313
0.9880321137356971
0.9884955144262315
0.9889589776582035
0.9894225045568678
0.9898860962401125
0.9903497538184921
0.9908134783952691
0.9912772710664297
0.9917411329208408
0.9922050650401738
0.9926690684990844
0.9931331443653326
0.9935972937000506
0.9940615175578942
0.9945258169804545
0.9949901929872099
0.995454646628797
0.9959191789336777
0.99638379091465
0.9968484835771464
0.9973132579495982
0.9977781150888928
0.9982430559205289
0.998708081411795
0.9991731925477527
0.9996383903044076
1.0001036756493014
1.0005690495425916
1.0010345129375695
1.001500066780916
1.0019657120127923
1.0024314495670368
1.002897280371161
1.0033632053464254
1.0038292254079002
1.0042953414645064
1.004761554419071
1.0052278651683806
1.0056942746032276
1.0061607836084692
1.0066273930630918
1.0070941038402939
1.00756091680759
1.0080278328269723
1.0084948527551763
1.0089619774441996
1.0094292077424538
1.0098965444978656
1.0103639885686335
1.010831540881806
1.0112992035838901
1.0117669727306908
1.0122348535949734
1.012702846055874
1.0131709507284379
1.013639168369409
1.0141074997549018
1.0145759456629575
1.0150445068691862
1.0155131841452891
1.015981978258526
1.0164508899714575
1.01691992004177
1.0173890692220986
1.0178583382598578
1.0183277278972602
1.0187972388715094
1.0192668719149829
1.0197366277553355
1.020206507115446
1.020676510713618
1.021146639263386
1.0216168934735759
1.0220872740483447
1.0225577816871927
1.0230284170849937
1.0234991809320273
1.0239700739140156
1.0244410967121498
1.0249122500031242
1.025383534459174
1.025854950748105
1.0263264995333277
1.026798181473889
1.0272699972245107
1.0277419474356149
1.0282140327533635
1.0286862538196861
1.029158611272313
1.0296311057448153
1.0301037378666245
1.0305765082630738
1.031049417555428
1.0315224663609115
1.0319956552927405
1.0324689849601583
1.032942455968459
1.0334160689190228
1.0338898244093455
1.0343637230330673
1.0348377653800058
1.035311952036181
1.0357862835838505
1.0362607606015333
1.0367353836640434
1.0372101533425202
1.0376850702044518
1.038160134813713
1.0386353477305914
1.0391107095118208
1.0395862207106195
1.0400618818767375
1.0405376935565223
1.0410136562930286
1.0414897706261999
1.0419660370931254
1.0424424562264976
1.0429190285415701
1.0433957545609194
1.0438726348231806
1.044349669847192
1.044826860145734
1.0453042062270086
1.045781708590678
1.0462593677336198
1.0467371842936397
1.0472151586878233
1.0476932913576258
1.048171582814516
1.048650033556692
1.0491286440752456
1.0496074148568337
1.0500863463846248
1.0505654391386954
1.0510446935961912
1.051524110230686
1.0520036895091442
1.0524834318915643
1.0529633378438221
1.0534434078346029
1.053923642325634
1.0544040417734515
1.0548846066313877
1.055365337350088
1.0558462343775785
1.056327298159286
1.0568085291380445
1.0572899277540948
1.0577714944451113
1.0582532296462128
1.058735133789999
1.0592172073065642
1.059699450623554
1.060181864166196
1.0606644483573706
1.061147203617705
1.0616301303657179
1.0621132290180813
1.0625964999901187
1.0630799436969014
1.063563560556
1.0640473509961033
1.06453131549539
1.0650154549595894
1.0654997684772376
1.0659842559400785
1.0664689196942867
1.066953759499728
1.0674387756629335
1.0679239685466744
1.0684093385260407
1.068894885978948
1.069380611283161
1.0698665148152815
1.0703525969504755
1.0708388580622659
1.0713252985227841
1.0718119187022837
1.0722987189690083
1.0727856996891927
1.0732728612270779
1.0737602039449248
1.074247728203034
1.0747354343597622
1.0752233227715213
1.0757113937928102
1.0761996477761597
1.0766880850722569
1.0771767060298534
1.0776655109958586
1.0781545003153172
1.0786436743314196
1.079133033385525
1.0796225778171735
1.080112307964111
1.0806022241622923
1.0810923267459056
1.0815826160473776
1.0820730923974011
1.0825637561249375
1.0830546075572367
1.0835456470198521
1.0840368748366547
1.0845282913298464
1.0850198968199776
1.085511691625963
1.0860036760651044
1.0864958504531137
1.0869882151041617
1.087480770330959
1.0879735164449094
1.088466453757229
1.0889595825821505
1.089452903199146
1.0899464159024943
1.0904401210280337
1.0909340188240524
1.0914281097220395
1.091922393906902
1.0924168716906002
1.0929115434988517
1.0934064094585954
1.0939014699034904
1.0943967251328457
1.0948921754390564
1.0953878211116896
1.0958836624384185
1.096379699705421
1.096875933197376
1.0973723631975365
1.097868989987778
1.0983658138485786
1.0988628350590526
1.0993600538969406
1.0998574706385889
1.1003550855589295
1.1008528989313908
1.1013509110277884
1.1018491221180469
1.102347532469755
1.1028461423479623
1.1033449520213916
1.1038439617975802
1.104343171976101
1.1048425827608581
1.1053421943953265
1.105842007145355
1.1063420212756663
1.1068422370481423
1.1073426547226195
1.1078432745571543
1.1083440968083629
1.1088451217315476
1.1093463495807843
1.1098477806089682
1.1103494150678443
1.110851253208041
1.1113532952790781
1.1118555415293878
1.1123579922063236
1.1128606475561729
1.1133635078241675
1.113866573254487
1.114369844090275
1.1148733205736379
1.1153770029456533
1.1158808914463763
1.1163849863148483
1.1168892877890872
1.1173937961060945
1.117898511501853
1.1184034342113134
1.1189085644683792
1.1194139025058798
1.1199194485555233
1.1204252028478268
1.1209311656119896
1.1214373370757151
1.121943717464952
1.1224503070038643
1.1229571059181533
1.1234641144943935
1.1239713326209375
1.1244787613452099
1.1249864027276293
1.1254942509698853
1.1260023112332629
1.1265105828506923
1.1270190675949923
1.1275277597679225
1.1280366636035475
1.1285457802711965
1.1290551092037944
1.1295646504840446
1.1300744042841773
1.1305843708005587
1.131094550237967
1.131604942804455
1.1321155487093149
1.13262636816216
1.133137401372488
1.1336486485494337
1.1341601099016416
1.1346717856371928
1.1351836759635747
1.1356957810876633
1.1362081012157388
1.1367206365535263
1.1372333873062697
1.1377463536789325
1.1382595358769652
1.1387729341100117
1.1392865485771002
1.139800379415662
1.1403144268941487
1.1408286911957053
1.1413431725180558
1.1418578710647762
1.1423727870365674
1.1428879206307445
1.1434032720428506
1.1439188414676675
1.1444346290996894
1.1449506351332683
1.1454668597625413
1.1459833031812992
1.1464999655828194
1.1470168471597302
1.1475339481039089
1.148051268606472
1.1485688088577737
1.1490865690473764
1.14960454936388
1.1501227499943258
1.1506411711215874
1.1511598129052654
1.1516786755750856
1.152197759567937
1.1527170647085159
1.1532365910973075
1.1537563391098802
1.1542763089149748
1.1547965006664624
1.1553169147439741
1.1558375512270185
1.15635841021978
1.1568794919174739
1.1574007965079836
1.1579223241746008
1.158444075098346
1.1589660494587748
1.159488247434256
1.1600106692022316
1.1605333149404384
1.161056184832448
1.161579279078712
1.1621025978771595
1.1626261413819858
1.1631499097440978
1.1636739031331815
1.1641981217256117
1.164722565698019
1.1652472352259338
1.1657721304839581
1.1662972516459125
1.1668225988848884
1.1673481723734518
1.1678739722835947
1.16839999878679
1.168926252054035
1.1694527322559072
1.1699794395625078
1.1705063741434993
1.1710335361681126
1.1715609258051556
1.1720885432230252
1.1726163885896987
1.1731444620727522
1.1736727638393594
1.1742012940562947
1.1747300528899398
1.1752590405062882
1.1757882570709437
1.1763177027491323
1.1768473777056971
1.1773772821050994
1.1779074161114085
1.1784377798883903
1.1789683735994119
1.1794991974074724
1.1800302514752161
1.180561535964932
1.181093051038554
1.1816247968576743
1.1821567735835303
1.1826889813770236
1.1832214203987124
1.183754090808825
1.1842869927672526
1.1848201264335567
1.1853534919669781
1.1858870895264295
1.1864209192705142
1.1869549813575138
1.1874892759454039
1.188023803191854
1.1885585632542344
1.1890935562896245
1.189628782454812
1.1901642419063108
1.1906999348003644
1.1912358612929628
1.1917720215398613
1.1923084156966004
1.192845043918545
1.1933819063609303
1.1939190031789475
1.194456334527858
1.1949939005632226
1.1955317014412694
1.1960697373196432
1.1966080083589892
1.1971465147266398
1.1976852566076193
1.1982242342468152
1.1987634482501468
1.199302902623791
1.1998425817460543
1.2003825022162373
1.2009226594505533
1.2014630533156474
1.202003683891709
1.2025445513024926
1.2030856556855374
1.2036269971838642
1.204168575942975
1.204710392109593
1.2052524458310574
1.2057947372550288
1.2063372665282879
1.2068800337980408
1.2074230392149627
1.2079662829281563
1.208509765089458
1.2090534858509419
1.2095974452887939
1.210141643610453
1.2106860809721378
1.211230757513071
1.2117756733772227
1.2123208287096254
1.2128662236542156
1.2134118583455873
1.2139577327563251
1.214503847769204
1.2150502028158967
1.2155967981754798
1.2161436337366203
1.21669070978276
1.2172380266645713
1.2177855845171213
1.2183333834640184
1.2188814236394847
1.2194297051839738
1.2199782282428977
1.2205269929690545
1.2210759995318294
1.2216252481514653
1.22217473929123
1.2227244740578211
1.2232744466779435
1.223824663391032
1.2243751231208508
1.2249258257416216
1.2254767713250887
1.2260279599861887
1.226579391853742
1.2271310670621207
1.2276829857482576
1.2282351480503377
1.228787554107203
1.2293402040580252
1.229893098042144
1.230446236198944
1.2309996186678016
1.2315532455880436
1.2321071170989166
1.2326612333395675
1.2332155944490388
1.2337702005662474
1.234325051829991
1.2348801483789378
1.235435490351628
1.235991077886466
1.236546911121709
1.2371029901954937
1.2376593152458466
1.2382158864106465
1.2387727038276248
1.2393297676342652
1.2398870779682079
1.2404446349668088
1.2410024387672969
1.2415604895067727
1.2421187873222117
1.2426773323504683
1.2432361247282693
1.243795164592229
1.24435445207885
1.244913987324459
1.245473770465332
1.24603380163761
1.24659408097731
1.2471546086203384
1.2477153847024922
1.248276409359452
1.2488376827267729
1.2493992049399145
1.2499609761342518
1.2505229964450295
1.2510852660073932
1.2516477849563794
1.2522105534269226
1.252773571553857
1.253336839471912
1.2539003573157201
1.2544641252198148
1.2550281433186297
1.2555924117465056
1.256156930637685
1.2567217001263173
1.257286720346461
1.257851991432074
1.2584175135170366
1.2589832867351296
1.259549311220048
1.2601155871053984
1.260682114524705
1.2612488936113992
1.2618159244988374
1.2623832073202852
1.2629507422089303
1.2635185292978808
1.264086568720162
1.2646548606087245
1.2652234050964395
1.2657922023161057
1.2663612524004453
1.2669305554821078
1.26750011169367
1.2680699211676452
1.2686399840364835
1.2692103004325588
1.2697808704881903
1.2703516943356261
1.270922772107064
1.271494103934653
1.272065689950489
1.272637530286624
1.2732096250750788
1.273781974447839
1.2743545785368766
1.2749274374741641
1.2755005513916888
1.2760739204214895
1.2766475446957024
1.277221424346665
1.2777955595071842
1.2783699503109147
1.2789445968919715
1.2795194993849273
1.2800946579273236
1.2806700726646505
1.2812457437743678
1.2818216712583521
1.2823978554808797
1.2829742967724764
1.283550996768004
1.2841279505977068
1.284705159638944
1.2852826275057299
1.2858603530554489
1.2864383362093437
1.2870165770299873
1.2875950756185066
1.2881738320903935
1.2887528465675788
1.2893321191752791
1.2899116500405108
1.2904914392913551
1.2910714870565176
1.2916517934650926
1.2922323586464057
1.2928131827298632
1.2933942658450792
1.293975608121669
1.2945572096892712
1.2951390706775316
1.295721191216105
1.2963035714346323
1.296886211462748
1.2974691114300698
1.2980522714661973
1.298635691700709
1.2992193722631586
1.2998033132830789
1.300387514889971
1.3009719772133101
1.301556700382542
1.3021416845270797
1.302726929776306
1.3033124362595596
1.3038982041061462
1.3044842334453224
1.305070524406288
1.3056570771181821
1.3062438917100536
1.3068309683108403
1.3074183070493093
1.308005908053965
1.3085937714528726
1.309181897373267
1.3097702859406501
1.3103589372762303
1.3109478514877115
1.3115370286263437
1.3121264691280055
1.312716173192919
1.3133061405465922
1.3138963714145635
1.3144868659515467
1.3150776242957019
1.3156686465801495
1.316259932936022
1.3168514834935268
1.3174432983823736
1.3180353777319909
1.3186277216716322
1.3192203303304215
1.319813203837414
1.320406342321593
1.3209997459119003
1.3215934147372388
1.3221873489264826
1.3227815486084709
1.3233760139120254
1.3239707449659661
1.3245657418990833
1.3251610048401483
1.3257565339179218
1.3263523292611474
1.3269483909985604
1.3275447192588783
1.32814131417081
1.3287381758630536
1.3293353044642973
1.3299327001032155
1.3305303629084737
1.331128293008727
1.331726490532618
1.3323249556087804
1.332923688365833
1.3335226889323837
1.334121957437025
1.3347214940083183
1.3353212987748224
1.335921371865092
1.3365217134076361
1.3371223193336956
1.3377231981577602
1.3383243453547313
1.3389257562710482
1.3395274431916222
1.3401293989539482
1.3407316238504725
1.3413341180927356
1.3419368818547197
1.3425399152919941
1.3431432185501997
1.343746791769396
1.3443506350863217
1.3449547486356115
1.3455591325504905
1.3461637869632215
1.3467687120053486
1.3473739078078755
1.347979374501405
1.3485851122162011
1.349191121082243
1.3497974012293423
1.3504039527871552
1.351010775885181
1.351617870652806
1.352225237219329
1.3528328757139738
1.3534407862659061
1.3540489690042439
1.3546574240580682
1.3552661515564257
1.3558751516283327
1.356484424402784
1.3570939700087514
1.3577037885751766
1.3583138802309842
1.3589242451050585
1.3595348833262413
1.3601457950233113
1.3607569803249582
1.361368439359724
1.3619801722559286
1.3625921791414985
1.3632044601436493
1.3638170153882205
1.3644298449980252
1.3650429490883267
1.365656327775556
1.3662699813684236
1.3668839100005266
1.3674981136093165
1.3681125923371176
1.368727346330864
1.3693423757276941
1.369957680660892
1.3705732612620178
1.3711891176617717
1.3718052499903597
1.3724216583777336
1.3730383429536848
1.373655303847914
1.3742725411900658
1.3748900551097534
1.375507845736569
1.376125913200099
1.3767442576299296
1.3773628791556554
1.3779817779068693
1.378600954013193
1.3792204076042538
1.3798401388096886
1.38046014775915
1.3810804345823482
1.3817009994089837
1.382321842368792
1.382942963591524
1.3835643632069572
1.384186041344891
1.3848079981351529
1.3854302337075977
1.3860527481921097
1.3866755417185774
1.3872986144169408
1.3879219664171842
1.3885455978492984
1.3891695088433016
1.3897936995292124
1.3904181700371352
1.3910429204971901
1.3916679510395498
1.3922932617944588
1.3929188528922785
1.3935447244635009
1.3941708766386545
1.394797309548104
1.3954240233220396
1.3960510180906
1.3966782939840783
1.3973058511331002
1.397933689656346
1.3985618096109416
1.3991902112073276
1.3998188945761283
1.400447859847808
1.4010771071528556
1.4017066366218158
1.402336448385181
1.4029665425735653
1.4035969193175821
1.4042275787478704
1.4048585209951012
1.405489746189976
1.406121254463222
1.4067530459455981
1.4073851207678933
1.4080174790608704
1.4086501209554199
1.40928304658241
1.4099162560727303
1.4105497495573007
1.4111835271670592
1.411817589032961
1.4124519352859821
1.4130865660571064
1.4137214814773271
1.4143566816776378
1.4149921667890215
1.415627936942443
1.4162639922688285
1.4169003328990237
1.4175369589637583
1.418173870593722
1.4188110679193284
1.4194485510706558
1.4200863201772456
1.4207243753677354
1.421362716769127
1.422001344505124
1.4226402586949387
1.4232794594473261
1.4239189467756868
1.4245587215089672
1.4251987835634998
1.4258391326407347
1.4264797689431752
1.4271206926261784
1.4277619038351794
1.428403402710505
1.4290451893935217
1.4296872640464586
1.4303296267380816
1.4309722775148017
1.4316152166865166
1.43225844433724
1.4329019605925397
1.433545765582967
1.4341898594404374
1.4348342422973772
1.435478901490854
1.4361238624379047
1.4367691127816542
1.4374146526546732
1.4380604821895768
1.4387066015190217
1.4393530107757049
1.4399997100923645
1.4406466996017813
1.4412939794367767
1.4419415497302162
1.4425894106150046
1.4432375622240916
1.4438860046904658
1.4445347381471627
1.445183762727258
1.4458330785638693
1.4464826857901585
1.4471325845393295
1.4477827749446317
1.4484332571393552
1.4490840312563
1.449735097428501
1.4503864557902586
1.4510381064750384
1.4516900496163498
1.4523422853477461
1.452994813802826
1.4536476351152299
1.454300749418645
1.4549541568468027
1.4556078575334777
1.4562618516124917
1.4569161392177086
1.4575707204830395
1.45822559554244
1.45888076452991
1.4595362275794967
1.4601919848252907
1.4608480364014302
1.4615043824420975
1.4621610230815212
1.4628179584539769
1.4634751886937858
1.4641327139353124
1.4647905343129715
1.4654486499612236
1.4661070610145728
1.4667657676075736
1.4674247698748248
1.4680840679509726
1.46874366197071
1.469403552068777
1.4700637383799617
1.4707242210390983
1.4713850001810687
1.4720460759408016
1.4727074484532754
1.4733691178535135
1.4740310842765885
1.4746933478576199
1.475355908731777
1.4760187670342741
1.4766819229003771
1.4773453764653972
1.4780091278646985
1.4786731772336874
1.4793375247078215
1.4800021704226076
1.4806671145136
1.4813323571164032
1.481997898366669
1.4826637384000987
1.4833298773524448
1.4839963153595046
1.4846630525571292
1.4853300890812153
1.485997425067712
1.486665060652615
1.4873329959719725
1.4880012311618807
1.4886697663584851
1.4893386016979813
1.4900077373166167
1.4906771733506858
1.491346909936535
1.4920169472105604
1.4926872853092246
1.4933579243689912
1.4940288645264241
1.4947001059181206
1.4953716486807274
1.496043492950944
1.4967156388655205
1.4973880865612545
1.4980608361749996
1.4987338878436545
1.499407241704173
1.5000808978935596
1.5007548565488675
1.501429117807204
1.502103681805725
1.5027785486816396
1.5034537185722079
1.5041291916147392
1.5048049679465987
1.5054810477051992
1.5061574310280075
1.5068341180525398
1.5075111089163664
1.508188403757109
1.5088660027124394
1.509543905920083
1.5102221135178167
1.5109006256434698
1.5115794424349218
1.5122585640301078
1.5129379905670122
1.513617722183673
1.5142977590181803
1.5149781012086745
1.5156587488933535
1.5163397022104625
1.5170209612983014
1.5177025262952224
1.5183843973396305
1.5190665745699838
1.5197490581247923
1.5204318481426176
1.5211149447620773
1.521798348121839
1.5224820583606236
1.523166075617207
1.5238504000304154
1.5245350317391297
1.5252199708822824
1.5259052175988606
1.5265907720279037
1.527276634308504
1.5279628045798077
1.5286492829810134
1.529336069651374
1.5300231647301938
1.530710568356833
1.5313982806707027
1.5320863018112687
1.5327746319180497
1.5334632711306178
1.534152219588599
1.5348414774316719
1.5355310447995703
1.536220921832079
1.536911108669038
1.53760160545034
1.5382924123159316
1.5389835294058136
1.5396749568600405
1.5403666948187174
1.541058743422007
1.5417511028101232
1.5424437731233351
1.5431367545019625
1.5438300470863828
1.5445236510170237
1.5452175664343692
1.5459117934789541
1.546606332291371
1.5473011830122607
1.5479963457823214
1.5486918207423048
1.5493876080330153
1.5500837077953094
1.5507801201701015
1.5514768452983547
1.552173883321091
1.5528712343793811
1.5535688986143512
1.5542668761671823
1.5549651671791054
1.5556637717914086
1.5563626901454333
1.5570619223825712
1.5577614686442711
1.5584613290720333
1.5591615038074123
1.559861992992014
1.5605627967675013
1.5612639152755874
1.5619653486580387
1.562667097056678
1.5633691606133782
1.5640715394700655
1.5647742337687214
1.5654772436513766
1.56618056926012
1.5668842107370893
1.567588168224476
1.568292441864526
1.5689970317995354
1.5697019381718553
1.570407161123887
1.5711127007980872
1.5718185573369603
1.5725247308830679
1.5732312215790185
1.5739380295674752
1.5746451549911495
1.5753525979928034
1.5760603587152464
1.576768437301331
1.5774768338939495
1.578185548636022
1.5788945816704565
1.5796039331400835
1.5803136031872063
1.5810235919530302
1.5817338995838943
1.5824445262357687
1.5831554720380117
1.5838667371331683
1.584578321665917
1.5852902257803794
1.5860024496204
1.5867149933296822
1.5874278570519211
1.5881410409308336
1.5888545451101792
1.589568369733764
1.5902825149454383
1.590996980889102
1.5917117677087027
1.5924268755482356
1.5931423045517454
1.5938580548633263
1.594574126627119
1.5952905199873124
1.59600723508814
1.596724272073876
1.5974416310888302
1.5981593122773594
1.598877315783884
1.5995956417528598
1.6003142903287462
1.6010332616559915
1.6017525558792507
1.602472173144632
1.6031921135977614
1.6039123773814203
1.6046329646399786
1.6053538755184509
1.606075110161876
1.6067966687152986
1.607518551323804
1.60824075813247
1.6089632892864778
1.6096861449310575
1.6104093252115177
1.61113283027327
1.6118566602618716
1.612580815323108
1.6133052956031597
1.6140301012490263
1.6147552324096845
1.6154806892401725
1.616206471918993
1.6169325805377381
1.6176590150305596
1.618385775834438
1.6191128630483895
1.6198402767999958
1.6205680172292085
1.6212960844794553
1.6220244786954316
1.6227532000223979
1.6234822486059064
1.6242116245916856
1.6249413281255785
1.6256713593535128
1.6264017184214856
1.627132405475548
1.6278634206618017
1.6285947641263947
1.6293264360155144
1.630058436475391
1.6307907656522893
1.6315234236925136
1.632256410742403
1.6329897269483278
1.6337233724566964
1.6344573474139452
1.6351916519665464
1.635926286260999
1.6366612504438338
1.6373965446616128
1.6381321690609227
1.63886812378838
1.6396044089906263
1.640341024814329
1.641077971406181
1.641815248912895
1.642552857481209
1.6432907972578783
1.6440290683896752
1.6447676710233883
1.6455066053058163
1.6462458713837667
1.646985469404048
1.64772539951346
1.6484656618587878
1.6492062565867807
1.6499471838441278
1.6506884437774196
1.6514300365330825
1.652171962257262
1.6529142210956158
1.653656813192892
1.6543997386920049
1.6551429977317276
1.6558865904397166
1.6566305169041189
1.657374777955331
1.6581193726826968
1.6588643018689506
1.659609565086806
1.6603551633674114
1.6611010963190511
1.661847364126368
1.6625939669502487
1.6633409049440835
1.6640881782582742
1.6648357870418358
1.665583731443069
1.6663320116098745
1.6670806276899144
1.6678295798306968
1.6685788681796319
1.6693284928840573
1.6700784540912768
1.670828751948501
1.6715793866029596
1.6723303582018383
1.673081666892295
1.6738333128214649
1.6745852961364602
1.6753376169843717
1.6760902755122635
1.6768432718671815
1.6775966061961434
1.6783502786461433
1.6791042893641497
1.6798586384971015
1.6806133261919116
1.6813683525954608
1.6821237178545994
1.6828794221161452
1.6836354655268786
1.6843918482335467
1.6851485703828581
1.6859056321214814
1.6866630335960422
1.6874207749531256
1.6881788563392703
1.6889372779009684
1.689696039784662
1.690455142136745
1.691214585103555
1.6919743688313775
1.69273449346644
1.6934949591549113
1.6942557660428992
1.6950169142764477
1.6957784040015345
1.6965402353640706
1.6973024085098967
1.698064923584779
1.698827780734412
1.6995909801044107
1.7003545218403096
1.7011184060875624
1.7018826329915362
1.7026472026975124
1.7034121153506792
1.704177371096134
1.7049429700788792
1.7057089124438138
1.7064751983357414
1.7072418278993569
1.708008801279249
1.7087761186198969
1.7095437800656639
1.7103117857607995
1.711080135849431
1.7118488304755641
1.7126178697830765
1.713387253915718
1.714156983017104
1.7149270572307134
1.715697476699885
1.7164682415678143
1.7172393519775477
1.7180108080719811
1.7187826099938566
1.7195547578857562
1.7203272518900994
1.7211000921491377
1.7218732788049538
1.7226468119994536
1.7234206918743646
1.7241949185712295
1.7249694922314052
1.7257444129960549
1.726519681006144
1.7272952964024377
1.728071259325494
1.7288475699156622
1.7296242283130727
1.730401234657636
1.73117858908904
1.7319562917467362
1.7327343427699435
1.7335127422976389
1.7342914904685525