0.6047985652746405
0.6047985652746632
0.6047985652746868
0.6047985652747101
0.604798565274734
0.6047985652747584
0.6047985652747837
0.6047985652748087
0.604798565274835
0.6047985652748621
0.6047985652748878
0.6047985652749145
0.6047985652749432
0.6047985652749711
0.6047985652749998
0.6047985652750291
0.6047985652750588
0.6047985652750898
0.604798565275121
0.6047985652751523
0.6047985652751848
0.6047985652752172
0.6047985652752504
0.6047985652752833
0.6047985652753176
0.6047985652753501
0.6047985652753851
0.6047985652754211
0.6047985652754583
0.6047985652754941
0.6047985652755312
0.6047985652755706
0.6047985652756092
0.6047985652756492
0.6047985652756893
0.6047985652757308
0.6047985652757712
0.6047985652758147
0.6047985652758561
0.604798565275901
0.6047985652759456
0.6047985652759906
0.604798565276037
0.6047985652760832
0.6047985652761318
0.6047985652761795
0.6047985652762289
0.6047985652762786
0.6047985652763299
0.6047985652763811
0.6047985652764344
0.6047985652764876
0.604798565276543
0.6047985652765966
0.6047985652766541
0.6047985652767118
0.6047985652767703
0.60479856527683
0.6047985652768891
0.6047985652769508
0.6047985652770136
0.6047985652770773
0.6047985652771418
0.604798565277207
0.6047985652772748
0.6047985652773429
0.6047985652774115
0.6047985652774812
0.6047985652775517
0.6047985652776237
0.6047985652776982
0.6047985652777733
0.6047985652778508
0.6047985652779289
0.6047985652780072
0.6047985652780888
0.6047985652781688
0.6047985652782522
0.6047985652783364
0.6047985652784235
0.6047985652785115
0.6047985652786
0.6047985652786904
0.6047985652787833
0.6047985652788767
0.6047985652789711
0.6047985652790684
0.6047985652791663
0.6047985652792671
0.6047985652793677
0.6047985652794724
0.6047985652795768
0.6047985652796842
0.6047985652797941
0.6047985652799057
0.6047985652800187
0.6047985652801331
0.6047985652802487
0.604798565280367
0.6047985652804876
0.6047985652806103
0.604798565280735
0.6047985652808617
0.6047985652809919
0.6047985652811224
0.6047985652812555
0.604798565281392
0.60479856528153
0.60479856528167
0.6047985652818132
0.6047985652819576
0.6047985652821051
0.6047985652822558
0.6047985652824082
0.6047985652825659
0.6047985652827237
0.6047985652828826
0.604798565283047
0.6047985652832145
0.6047985652833824
0.6047985652835555
0.6047985652837294
0.6047985652839069
0.604798565284087
0.604798565284274
0.604798565284461
0.6047985652846476
0.6047985652848438
0.6047985652850422
0.604798565285239
0.6047985652854431
0.6047985652856522
0.6047985652858594
0.6047985652860749
0.6047985652862926
0.6047985652865151
0.6047985652867404
0.6047985652869694
0.6047985652872013
0.6047985652874376
0.6047985652876805
0.6047985652879263
0.6047985652881734
0.6047985652884288
0.6047985652886871
0.6047985652889495
0.6047985652892168
0.6047985652894868
0.6047985652897636
0.604798565290044
0.6047985652903288
0.6047985652906194
0.6047985652909146
0.6047985652912153
0.604798565291521
0.6047985652918296
0.6047985652921471
0.6047985652924682
0.6047985652927945
0.6047985652931275
0.604798565293465
0.6047985652938093
0.6047985652941581
0.6047985652945138
0.604798565294875
0.6047985652952437
0.6047985652956185
0.6047985652959977
0.6047985652963848
0.6047985652967782
0.604798565297179
0.604798565297585
0.6047985652979991
0.6047985652984205
0.6047985652988477
0.6047985652992832
0.6047985652997272
0.6047985653001763
0.6047985653006341
0.6047985653011001
0.6047985653015737
0.6047985653020563
0.6047985653025468
0.6047985653030445
0.6047985653035516
0.604798565304066
0.6047985653045904
0.6047985653051243
0.6047985653056681
0.6047985653062181
0.6047985653067804
0.6047985653073513
0.6047985653079313
0.6047985653085182
0.6047985653091188
0.6047985653097322
0.604798565310351
0.6047985653109832
0.6047985653116242
0.6047985653122779
0.6047985653129422
0.6047985653136176
0.6047985653143038
0.6047985653150028
0.6047985653157133
0.6047985653164362
0.6047985653171714
0.6047985653179183
0.6047985653186807
0.6047985653194536
0.6047985653202396
0.6047985653210378
0.604798565321852
0.6047985653226792
0.6047985653235204
0.6047985653243764
0.6047985653252469
0.6047985653261314
0.6047985653270328
0.6047985653279482
0.6047985653288798
0.6047985653298269
0.6047985653307901
0.6047985653317693
0.6047985653327652
0.6047985653337784
0.6047985653348077
0.6047985653358561
0.6047985653369226
0.6047985653380058
0.604798565339109
0.604798565340229
0.6047985653413703
0.6047985653425301
0.6047985653437088
0.6047985653449087
0.6047985653461292
0.6047985653473684
0.6047985653486316
0.6047985653499175
0.6047985653512207
0.6047985653525495
0.6047985653539002
0.604798565355272
0.6047985653566682
0.6047985653580892
0.6047985653595344
0.6047985653610028
0.6047985653624972
0.6047985653640165
0.6047985653655619
0.6047985653671341
0.6047985653687333
0.6047985653703574
0.604798565372013
0.6047985653736953
0.6047985653754065
0.604798565377145
0.6047985653789125
0.604798565380712
0.6047985653825412
0.6047985653844017
0.6047985653862956
0.6047985653882215
0.6047985653901806
0.6047985653921709
0.6047985653941955
0.604798565396254
0.60479856539835
0.6047985654004803
0.6047985654026452
0.6047985654048514
0.6047985654070942
0.6047985654093723
0.6047985654116909
0.6047985654140462
0.6047985654164452
0.6047985654188819
0.6047985654213637
0.6047985654238858
0.6047985654264509
0.6047985654290614
0.6047985654317147
0.6047985654344133
0.6047985654371576
0.6047985654399477
0.6047985654427879
0.6047985654456759
0.6047985654486127
0.6047985654515988
0.6047985654546357
0.6047985654577255
0.6047985654608671
0.6047985654640624
0.604798565467313
0.6047985654706166
0.6047985654739779
0.6047985654773999
0.6047985654808736
0.6047985654844108
0.6047985654880077
0.6047985654916643
0.6047985654953855
0.6047985654991678
0.604798565503017
0.60479856550693
0.60479856551091
0.6047985655149574
0.6047985655190733
0.6047985655232627
0.6047985655275198
0.6047985655318509
0.604798565536254
0.6047985655407325
0.6047985655452901
0.6047985655499244
0.6047985655546356
0.6047985655594272
0.6047985655643022
0.6047985655692596
0.6047985655743021
0.6047985655794291
0.604798565584644
0.604798565589948
0.6047985655953431
0.6047985656008289
0.6047985656064083
0.6047985656120838
0.6047985656178546
0.6047985656237256
0.6047985656296916
0.6047985656357632
0.6047985656419397
0.6047985656482212
0.6047985656546073
0.6047985656611023
0.6047985656677086
0.6047985656744267
0.6047985656812609
0.6047985656882109
0.6047985656952766
0.6047985657024673
0.6047985657097781
0.6047985657172131
0.604798565724775
0.6047985657324645
0.604798565740289
0.604798565748244
0.6047985657563347
0.6047985657645629
0.6047985657729302
0.6047985657814418
0.6047985657901008
0.6047985657989027
0.6047985658078572
0.6047985658169626
0.6047985658262236
0.604798565835644
0.6047985658452233
0.6047985658549649
0.6047985658648736
0.6047985658749524
0.6047985658852018
0.604798565895623
0.6047985659062258
0.6047985659170089
0.6047985659279748
0.6047985659391255
0.6047985659504677
0.6047985659620057
0.6047985659737345
0.6047985659856681
0.6047985659978058
0.6047985660101458
0.6047985660226963
0.604798566035462
0.6047985660484456
0.6047985660616523
0.6047985660750823
0.60479856608874
0.6047985661026308
0.6047985661167598
0.6047985661311263
0.6047985661457389
0.6047985661606012
0.6047985661757163
0.6047985661910866
0.604798566206725
0.6047985662226251
0.6047985662387965
0.6047985662552445
0.6047985662719703
0.6047985662889839
0.6047985663062847
0.6047985663238823
0.6047985663417769
0.6047985663599804
0.6047985663784933
0.6047985663973181
0.6047985664164645
0.6047985664359393
0.6047985664557443
0.6047985664758878
0.6047985664963742
0.6047985665172089
0.6047985665383985
0.6047985665599491
0.6047985665818671
0.6047985666041615
0.6047985666268297
0.6047985666498875
0.6047985666733362
0.6047985666971868
0.604798566721442
0.6047985667461133
0.6047985667712013
0.6047985667967163
0.6047985668226683
0.6047985668490621
0.604798566875905
0.6047985669032045
0.60479856693097
0.6047985669592079
0.6047985669879264
0.6047985670171352
0.6047985670468413
0.6047985670770514
0.6047985671077808
0.6047985671390286
0.6047985671708134
0.6047985672031374
0.6047985672360106
0.604798567269444
0.604798567303447
0.6047985673380322
0.6047985673732047
0.6047985674089773
0.6047985674453575
0.6047985674823577
0.6047985675199882
0.6047985675582601
0.6047985675971829
0.6047985676367702
0.6047985676770333
0.6047985677179804
0.6047985677596251
0.6047985678019782
0.604798567845056
0.6047985678888643
0.6047985679334178
0.6047985679787341
0.6047985680248205
0.6047985680716905
0.604798568119361
0.6047985681678432
0.6047985682171508
0.604798568267299
0.6047985683183021
0.6047985683701713
0.6047985684229278
0.6047985684765794
0.6047985685311468
0.6047985685866435
0.6047985686430862
0.6047985687004885
0.6047985687588702
0.6047985688182467
0.604798568878637
0.6047985689400505
0.6047985690025134
0.6047985690660382
0.6047985691306473
0.6047985691963578
0.6047985692631858
0.6047985693311512
0.6047985694002765
0.6047985694705789
0.6047985695420786
0.6047985696147956
0.6047985696887523
0.6047985697639671
0.6047985698404656
0.604798569918265
0.6047985699973938
0.6047985700778651
0.6047985701597134
0.6047985702429498
0.604798570327606
0.6047985704137053
0.6047985705012706
0.6047985705903276
0.6047985706809
0.6047985707730181
0.604798570866706
0.6047985709619895
0.6047985710588946
0.6047985711574501
0.6047985712576831
0.6047985713596274
0.6047985714633062
0.6047985715687538
0.6047985716759948
0.6047985717850607
0.6047985718959865
0.6047985720088043
0.6047985721235398
0.604798572240233
0.6047985723589137
0.6047985724796161
0.6047985726023714
0.6047985727272205
0.6047985728541979
0.6047985729833342
0.6047985731146742
0.6047985732482482
0.6047985733841013
0.6047985735222664
0.6047985736627844
0.6047985738056965
0.6047985739510429
0.604798574098869
0.6047985742492097
0.6047985744021122
0.6047985745576197
0.6047985747157746
0.604798574876625
0.6047985750402144
0.6047985752065923
0.6047985753758016
0.604798575547896
0.60479857572292
0.6047985759009272
0.6047985760819666
0.6047985762660882
0.6047985764533482
0.6047985766437963
0.6047985768374906
0.6047985770344836
0.6047985772348318
0.6047985774385952
0.6047985776458267
0.6047985778565912
0.6047985780709436
0.6047985782889453
0.6047985785106641
0.6047985787361592
0.6047985789654946
0.6047985791987389
0.6047985794359539
0.6047985796772113
0.604798579922579
0.6047985801721247
0.604798580425923
0.6047985806840428
0.6047985809465601
0.6047985812135506
0.6047985814850869
0.6047985817612509
0.6047985820421194
0.6047985823277702
0.6047985826182873
0.6047985829137564
0.6047985832142574
0.6047985835198757
0.6047985838307007
0.6047985841468205
0.6047985844683275
0.6047985847953077
0.6047985851278608
0.6047985854660783
0.6047985858100565
0.6047985861598937
0.6047985865156894
0.6047985868775501
0.6047985872455711
0.6047985876198628
0.6047985880005287
0.6047985883876819
0.6047985887814292
0.6047985891818817
0.6047985895891592
0.604798590003373
0.6047985904246429
0.6047985908530893
0.6047985912888342
0.6047985917320008
0.6047985921827177
0.6047985926411122
0.604798593107315
0.6047985935814575
0.6047985940636795
0.6047985945541163
0.604798595052907
0.6047985955601949
0.6047985960761206
0.604798596600839
0.6047985971344947
0.6047985976772418
0.6047985982292343
0.6047985987906273
0.6047985993615848
0.6047985999422693
0.604798600532846
0.6047986011334818
0.6047986017443493
0.6047986023656219
0.6047986029974808
0.6047986036401001
0.6047986042936689
0.6047986049583692
0.6047986056343929
0.6047986063219318
0.6047986070211832
0.6047986077323468
0.6047986084556227
0.6047986091912207
0.604798609939348
0.604798610700222
0.6047986114740558
0.6047986122610733
0.6047986130614965
0.6047986138755539
0.6047986147034791
0.6047986155455077
0.6047986164018802
0.6047986172728406
0.6047986181586359
0.6047986190595207
0.6047986199757536
0.6047986209075937
0.6047986218553059
0.6047986228191631
0.6047986237994408
0.6047986247964133
0.6047986258103715
0.6047986268416047
0.6047986278904025
0.6047986289570657
0.6047986300418983
0.6047986311452125
0.604798632267318
0.6047986334085407
0.6047986345692037
0.6047986357496378
0.6047986369501819
0.6047986381711743
0.6047986394129679
0.6047986406759145
0.6047986419603723
0.6047986432667132
0.6047986445953079
0.6047986459465331
0.6047986473207767
0.604798648718429
0.6047986501398905
0.604798651585567
0.6047986530558682
0.6047986545512175
0.6047986560720386
0.6047986576187652
0.6047986591918412
0.6047986607917132
0.6047986624188373
0.6047986640736822
0.6047986657567154
0.6047986674684174
0.6047986692092773
0.6047986709797929
0.6047986727804694
0.6047986746118186
0.6047986764743662
0.6047986783686381
0.6047986802951808
0.6047986822545407
0.604798684247277
0.6047986862739597
0.6047986883351677
0.6047986904314829
0.6047986925635107
0.6047986947318593
0.6047986969371397
0.6047986991799879
0.6047987014610455
0.6047987037809588
0.6047987061403871
0.6047987085400107
0.6047987109805089
0.6047987134625825
0.6047987159869362
0.6047987185542908
0.6047987211653797
0.6047987238209479
0.60479872652175
0.6047987292685607
0.6047987320621637
0.6047987349033529
0.6047987377929408
0.6047987407317518
0.6047987437206234
0.6047987467604095
0.6047987498519791
0.60479875299621
0.6047987561940006
0.6047987594462658
0.6047987627539327
0.6047987661179426
0.6047987695392598
0.604798773018852
0.6047987765577222
0.6047987801568733
0.6047987838173359
0.6047987875401517
0.6047987913263826
0.6047987951771117
0.6047987990934339
0.6047988030764723
0.6047988071273567
0.6047988112472465
0.6047988154373202
0.6047988196987651
0.6047988240328044
0.604798828440673
0.604798832923624
0.6047988374829405
0.6047988421199232
0.6047988468358951
0.604798851632202
0.6047988565102096
0.604798861471313
0.6047988665169255
0.6047988716484857
0.6047988768674593
0.6047988821753386
0.604798887573632
0.6047988930638816
0.6047988986476561
0.6047989043265448
0.6047989101021746
0.604798915976187
0.6047989219502594
0.6047989280260968
0.6047989342054296
0.6047989404900268
0.6047989468816807
0.6047989533822068
0.6047989599934692
0.6047989667173498
0.6047989735557647
0.6047989805106724
0.6047989875840483
0.6047989947779164
0.6047990020943272
0.6047990095353699
0.6047990171031642
0.604799024799872
0.6047990326276858
0.6047990405888432
0.6047990486856106
0.604799056920302
0.6047990652952675
0.6047990738128936
0.6047990824756106
0.6047990912858933
0.6047991002462507
0.6047991093592403
0.6047991186274643
0.6047991280535644
0.6047991376402302
0.6047991473902006
0.6047991573062556
0.6047991673912155
0.6047991776479689
0.6047991880794371
0.6047991986885971
0.6047992094784779
0.6047992204521523
0.604799231612757
0.604799242963471
0.6047992545075345
0.604799266248241
0.6047992781889393
0.6047992903330379
0.6047993026839984
0.6047993152453495
0.6047993280206708
0.6047993410136073
0.6047993542278655
0.6047993676672179
0.6047993813354966
0.6047993952365973
0.604799409374492
0.6047994237532135
0.6047994383768599
0.604799453249604
0.60479946837569
0.6047994837594357
0.6047994994052247
0.6047995153175242
0.6047995315008713
0.6047995479598866
0.6047995646992582
0.6047995817237698
0.6047995990382733
0.6047996166477072
0.6047996345570996
0.6047996527715555
0.6047996712962747
0.6047996901365381
0.6047997092977216
0.6047997287852934
0.6047997486048078
0.6047997687619241
0.6047997892623929
0.6047998101120571
0.6047998313168665
0.6047998528828724
0.6047998748162265
0.604799897123183
0.6047999198101075
0.6047999428834726
0.6047999663498582
0.6047999902159584
0.6048000144885806
0.6048000391746519
0.60480006428121
0.6048000898154223
0.6048001157845677
0.6048001421960567
0.6048001690574202
0.6048001963763253
0.6048002241605591
0.6048002524180542
0.6048002811568655
0.6048003103851901
0.6048003401113701
0.6048003703438811
0.60480040109135
0.6048004323625413
0.6048004641663821
0.60480049651194
0.6048005294084402
0.60480056286527
0.6048005968919681
0.604800631498244
0.6048006666939687
0.6048007024891776
0.6048007388940814
0.6048007759190668
0.6048008135746913
0.6048008518716966
0.6048008908210093
0.604800930433732
0.6048009707211661
0.6048010116948036
0.6048010533663299
0.6048010957476302
0.6048011388507923
0.6048011826881103
0.6048012272720873
0.6048012726154381
0.6048013187310936
0.6048013656322094
0.6048014133321603
0.6048014618445525
0.6048015111832168
0.6048015613622288
0.6048016123958966
0.6048016642987768
0.6048017170856699
0.6048017707716311
0.6048018253719739
0.6048018809022605
0.6048019373783339
0.6048019948163015
0.6048020532325417
0.6048021126437099
0.6048021730667517
0.6048022345188958
0.6048022970176675
0.6048023605808893
0.6048024252266887
0.6048024909734967
0.6048025578400604
0.604802625845454
0.6048026950090609
0.6048027653506086
0.6048028368901525
0.6048029096480898
0.604802983645172
0.6048030589024912
0.6048031354415082
0.6048032132840511
0.6048032924523092
0.604803372968858
0.6048034548566513
0.6048035381390414
0.6048036228397682
0.604803708982982
0.6048037965932442
0.6048038856955292
0.6048039763152434
0.6048040684782203
0.6048041622107353
0.6048042575395084
0.604804354491719
0.6048044530950051
0.604804553377473
0.6048046553677127
0.6048047590947975
0.6048048645882964
0.6048049718782796
0.6048050809953301
0.6048051919705524
0.6048053048355788
0.6048054196225794
0.6048055363642744
0.6048056550939374
0.6048057758454063
0.604805898653102
0.6048060235520243
0.604806150577768
0.6048062797665342
0.6048064111551482
0.6048065447810514
0.6048066806823229
0.6048068188976925
0.604806959466549
0.6048071024289494
0.6048072478256331
0.6048073956980313
0.6048075460882815
0.6048076990392323
0.6048078545944686
0.6048080127983105
0.6048081736958355
0.6048083373328885
0.6048085037560849
0.6048086730128455
0.6048088451513827
0.6048090202207455
0.6048091982708024
0.6048093793522782
0.6048095635167523
0.6048097508166891
0.6048099413054397
0.6048101350372651
0.6048103320673448
0.6048105324517993
0.6048107362477005
0.604810943513092
0.6048111543070002
0.6048113686894605
0.6048115867215254
0.6048118084652769
0.6048120339838713
0.6048122633415176
0.6048124966035249
0.6048127338363148
0.6048129751074311
0.6048132204855685
0.6048134700405807
0.6048137238435229
0.6048139819666439
0.6048142444834256
0.6048145114685939
0.6048147829981445
0.6048150591493714
0.6048153400008727
0.6048156256325786
0.6048159161257837
0.6048162115631576
0.6048165120287788
0.6048168176081467
0.604817128388215
0.6048174444574129
0.6048177659056715
0.6048180928244463
0.6048184253067427
0.6048187634471482
0.6048191073418563
0.60481945708869
0.6048198127871252
0.6048201745383407
0.6048205424452164
0.604820916612386
0.6048212971462543
0.6048216841550301
0.6048220777487643
0.6048224780393592
0.6048228851406314
0.6048232991683136
0.6048237202401056
0.6048241484756998
0.6048245839968273
0.6048250269272691
0.604825477392909
0.6048259355217671
0.604826401444024
0.6048268752920787
0.6048273572005578
0.6048278473063824
0.6048283457487793
0.6048288526693463
0.6048293682120656
0.6048298925233717
0.6048304257521631
0.6048309680498717
0.6048315195704829
0.6048320804705957
0.6048326509094517
0.6048332310489957
0.6048338210539045
0.6048344210916421
0.6048350313325106
0.6048356519496857
0.6048362831192748
0.6048369250203608
0.6048375778350576
0.6048382417485543
0.6048389169491735
0.6048396036284146
0.6048403019810172
0.6048410122050114
0.6048417345017705
0.6048424690760694
0.6048432161361393
0.6048439758937307
0.6048447485641709
0.6048455343664122
0.6048463335231098
0.6048471462606811
0.6048479728093474
0.6048488134032305
0.6048496682803904
0.6048505376829024
0.6048514218569335
0.6048523210527853
0.6048532355249884
0.6048541655323565
0.6048551113380735
0.6048560732097424
0.6048570514194846
0.604858046243998
0.604859057964642
0.6048600868675079
0.6048611332435038
0.6048621973884319
0.6048632796030732
0.6048643801932622
0.6048654994699743
0.6048666377494211
0.6048677953531185
0.6048689726079909
0.6048701698464529
0.6048713874065013
0.6048726256318079
0.6048738848718146
0.6048751654818288
0.604876467823112
0.6048777922629911
0.6048791391749541
0.6048805089387524
0.6048819019404865
0.6048833185727474
0.604884759234686
0.6048862243321412
0.6048877142777537
0.6048892294910584
0.6048907703986167
0.6048923374341193
0.6048939310385133
0.6048955516601158
0.6048971997547257
0.6048988757857686
0.6049005802244032
0.6049023135496471
0.6049040762485158
0.6049058688161508
0.6049076917559477
0.6049095455796939
0.6049114308076973
0.6049133479689437
0.604915297601217
0.6049172802512568
0.6049192964748937
0.6049213468372063
0.6049234319126607
0.6049255522852758
0.6049277085487588
0.6049299013066869
0.6049321311726413
0.6049343987703891
0.6049367047340289
0.6049390497081746
0.6049414343481168
0.6049438593199895
0.6049463253009554
0.6049488329793716
0.6049513830549729
0.6049539762390623
0.6049566132546782
0.6049592948368041
0.6049620217325419
0.604964794701298
0.6049676145150128
0.6049704819583241
0.604973397828789
0.6049763629370797
0.6049793781071915
0.6049824441766608
0.6049855619967777
0.6049887324327871
0.6049919563641342
0.6049952346846608
0.6049985683028605
0.605001958142076
0.6050054051407658
0.6050089102527086
0.6050124744472621
0.6050160987096016
0.6050197840409642
0.6050235314589026
0.6050273419975253
0.6050312167077732
0.6050351566576616
0.6050391629325536
0.6050432366354256
0.6050473788871288
0.605051590826686
0.6050558736115428
0.6050602284178644
0.6050646564408223
0.6050691588948753
0.6050737370140701
0.605078392052332
0.6050831252837685
0.6050879380029776
0.6050928315253499
0.6050978071873788
0.6051028663469918
0.6051080103838523
0.6051132406996966
0.6051185587186559
0.6051239658875965
0.6051294636764413
0.6051350535785227
0.6051407371109284
0.6051465158148475
0.6051523912559137
0.6051583650245734
0.6051644387364479
0.6051706140326947
0.6051768925803755
0.6051832760728298
0.6051897662300592
0.6051963647991013
0.6052030735544286
0.6052098942983152
0.6052168288612622
0.6052238791023721
0.6052310469097663
0.6052383342009823
0.6052457429233952
0.6052532750546233
0.6052609326029583
0.6052687176077775
0.6052766321399825
0.6052846783024303
0.6052928582303506
0.6053011740918165
0.6053096280881708
0.6053182224544696
0.6053269594599457
0.6053358414084599
0.6053448706389576
0.6053540495259372
0.6053633804799151
0.6053728659478964
0.6053825084138397
0.6053923103991624
0.6054022744631865
0.6054124032036461
0.6054226992571732
0.6054331652997781
0.6054438040473507
0.6054546182561608
0.6054656107233526
0.6054767842874477
0.6054881418288461
0.6054996862703468
0.6055114205776536
0.6055233477598722
0.6055354708700508
0.6055477930056707
0.6055603173091857
0.6055730469685329
0.6055859852176477
0.6055991353370049
0.6056125006541245
0.6056260845441019
0.6056398904301455
0.6056539217840833
0.6056681821269033
0.605682675029276
0.6056974041120758
0.6057123730469227
0.6057275855566882
0.6057430454160277
0.6057587564519106
0.6057747225441329
0.6057909476258411
0.605807435684045
0.6058241907601492
0.6058412169504432
0.6058585184066301
0.6058760993363225
0.6058939640035518
0.6059121167292618
0.6059305618918063
0.6059493039274297
0.6059683473307748
0.6059876966553337
0.6060073565139354
0.6060273315792023
0.6060476265840276
0.6060682463219984
0.6060891956478717
0.6061104794779781
0.6061321027906644
0.6061540706267189
0.6061763880897619
0.6061990603466434
0.6062220926278374
0.6062454902278108
0.6062692585053849
0.606293402884088
0.6063179288524765
0.6063428419644882
0.606368147839704
0.6063938521636754
0.6064199606881899
0.6064464792315248
0.6064734136786901
0.6065007699816592
0.6065285541595674
0.6065567722988937
0.6065854305536444
0.6066145351454684
0.6066440923638113
0.6066741085659926
0.6067045901772952
0.6067355436910129
0.6067669756684848
0.606798892739086
0.6068313016002217
0.6068642090172621
0.6068976218234647
0.6069315469198728
0.6069659912751725
0.6070009619255202
0.6070364659743499
0.6070725105921292
0.6071091030160987
0.6071462505499722
0.607183960563587
0.6072222404925511
0.6072610978378106
0.6073005401652286
0.6073405751050949
0.6073812103516333
0.6074224536624779
0.6074643128581608
0.6075067958215981
0.6075499104975844
0.6075936648911715
0.6076380670653686
0.6076831251448462
0.607728847316608
0.6077752418238633
0.6078223169596716
0.6078700810702936
0.6079185425602488
0.6079677098903362
0.6080175915714291
0.6080681961646204
0.6081195322811181
0.6081716085807435
0.6082244337704039
0.608278016602569
0.6083323658737289
0.6083874904228551
0.6084433991297735
0.6085001009135405
0.6085576047307376
0.6086159195736967
0.6086750544687042
0.6087350184740762
0.6087958206782418
0.608857470197667
0.6089199761747556
0.6089833477756438
0.6090475941878997
0.6091127246183093
0.6091787482908848
0.6092456744453734
0.6093135123357352
0.6093822712264384
0.6094519603851652
0.6095225890754046
0.6095941665613107
0.6096667021174771
0.6097402050255365
0.6098146845649342
0.6098901500063025
0.6099666106074906
0.6100440756106615
0.610122554239677
0.6102020556973637
0.6102825891627485
0.6103641637880932
0.6104467886958784
0.6105304729756794
0.6106152256810456
0.610701055826149
0.6107879723826111
0.6108759842760549
0.6109651003828572
0.6110553295266021
0.6111466804746988
0.6112391619349263
0.6113327825518831
0.6114275509034347
0.61152347549722
0.6116205647670578
0.6117188270693319
0.6118182706793565
0.6119189037878816
0.6120207344973144
0.6121237708181757
0.6122280206654517
0.6123334918549583
0.6124401920996547
0.6125481290061007
0.6126573100707712
0.6127677426764886
0.6128794340888081
0.6129923914524565
0.613106621787772
0.6132221319871947
0.6133389288117185
0.6134570188875201
0.6135764087024215
0.6136971046025685
0.6138191127890487
0.6139424393145904
0.6140670900803145
0.6141930708325106
0.614320387159514
0.6144490444885662
0.6145790480828378
0.6147104030384312
0.6148431142814953
0.6149771865653878
0.6151126244679378
0.6152494323887681
0.6153876145466989
0.6155271749772454
0.6156681175301922
0.6158104458672596
0.6159541634598682
0.6160992735869898
0.6162457793331002
0.6163936835862365
0.6165429890361444
0.616693698172549
0.6168458132835085
0.6169993364538978
0.6171542695640022
0.6173106142882087
0.6174683720938274
0.6176275442400161
0.6177881317768615
0.617950135544519
0.6181135561725479
0.6182783940793097
0.6184446494715685
0.6186123223441362
0.618781412479794
0.6189519194492299
0.6191238426112926
0.6192971811133892
0.6194719338921897
0.6196480996747669
0.6198256769803154
0.6200046641229705
0.6201850592165525
0.620366860183089
0.6205500647692458
0.620734670920913
0.620920675874207
0.6211080760938239
0.6212968667888956
0.6214870456512762
0.6216786104313446
0.6218715563609547
0.6220658792414029
0.6222615758882083
0.6224586418063398
0.6226570723364886
0.6228568627177242
0.6230580080580138
0.6232605033090867
0.6234643432456218
0.6236695224573078
0.6238760353517979
0.6240838761613491
0.6242930389490936
0.6245035176138777
0.6247153058938033
0.6249283973687948
0.6251427854626453
0.625358463445154
0.6255754244347632
0.6257936614019534
0.6260131671732728
0.6262339344357287
0.6264559557412072
0.6266792235108101
0.6269037300390126
0.6271294674976463
0.6273564279397781
0.6275846033034916
0.627813985415638
0.6280445659955449
0.6282763366587295
0.6285092889206167
0.6287434142002455
0.6289787038239887
0.6292151490292753
0.6294527409683154
0.6296914707118217
0.6299313292522728
0.630172307502342
0.6304143963006457
0.6306575864194399
0.630901868568425
0.6311472333984592
0.6313936715052509
0.6316411734330505
0.6318897296782995
0.6321393306932772
0.632389966889709
0.6326416286423424
0.6328943062925121
0.6331479901516389
0.6334026705047355
0.6336583376138183
0.6339149817213323
0.6341725930535057
0.63443116182366
0.6346906782354707
0.6349511324862133
0.635212514769904
0.6354748152804414
0.6357380242146544
0.6360021317753455
0.6362671281742246
0.6365330036347985
0.6367997483953164
0.6370673527114392
0.637335806859099
0.6376051011371267
0.637875225869949
0.6381461714102211
0.638417928141388
0.6386904864804284
0.6389638368805538
0.6392379698341477
0.639512875876516
0.6397885455907478
0.6400649696162312
0.6403421386650394
0.6406200435572785
0.64089867451183
0.6411780216858952
0.6414580771078453
0.641738831667596
0.6420202762644441
0.6423024018904213
0.6425851996154759
0.6428686605798172
0.6431527759911865
0.643437537124138
0.643722935320373
0.6440089619893749
0.6442956086092584
0.6445828667276852
0.6448707279627744
0.6451591840040817
0.6454482266134638
0.6457378476259682
0.6460280389506691
0.6463187925715101
0.6466101005480788
0.6469019550163828
0.6471943481896358
0.6474872723590699
0.6477807198948152
0.6480746832470066
0.648369154947154
0.6486641276101717
0.6489595939373356
0.6492555467202537
0.6495519788413723
0.6498488832372241
0.6501462527104144
0.6504440799530642
0.6507423583188876
0.6510410813760591
0.6513402425166237
0.6516398351353441
0.6519398527078019
0.6522402888050521
0.6525411371016911
0.6528423913970213
0.6531440456701216
0.653446093612003
0.6537485279493408
0.6540513442048654
0.6543545363083625
0.6546580977242881
0.654962023359706
0.655266307776636
0.6555709453708931
0.6558759306289469
0.656181258132911
0.656486922552848
0.6567929186419381
0.6570992412337411
0.6574058852405208
0.6577128456517632
0.6580201175321788
0.6583276960187118
0.6586355763232307
0.6589437537526261
0.659252223711489
0.6595609816602408
0.6598700231007381
0.6601793435947088
0.6604889387764723
0.6607988043556947
0.6611089361164075
0.6614193299152932
0.6617299816801434
0.6620408874085493
0.6623520431667587
0.6626634450887143
0.6629750893751271
0.663286972292647
0.6635990901730519
0.663911439412466
0.6642240164706018
0.6645368178700041
0.6648498401953171
0.6651630800925532
0.6654765342683671
0.6657901994893388
0.66610407258126
0.6664181504282835
0.6667324299715631
0.6670469082093526
0.6673615821966769
0.6676764490446391
0.66799150591972
0.6683067500430792
0.6686221786898683
0.6689377891885389
0.6692535789201526
0.6695695453177003
0.6698856858654184
0.6702019980981059
0.6705184796004588
0.6708351280063799
0.6711519409983175
0.6714689163065884
0.6717860517087147
0.672103345028755
0.6724207941366426
0.6727383969475302
0.6730561514211469
0.6733740555611831
0.6736921074147214
0.6740103050717478
0.6743286466646565
0.6746471303688709
0.6749657543993259
0.6752845170112413
0.6756034164987399
0.6759224511933208
0.6762416194616837
0.6765609197016611
0.6768803503341483
0.677199909785332
0.6775195964435506
0.6778394085662534
0.6781593450230383
0.678479406420321
0.6787995895272019
0.679119893139318
0.679440316005456
0.6797608569370697
0.6800815147517947
0.6804022882609979
0.6807231762969068
0.6810441777478946
0.6813652915360124
0.6816865164720545
0.682007851553758
0.682329295813611
0.6826508483082864
0.6829725081110822
0.6832942743057034
0.6836161460001922
0.6839381223310077
0.6842602024619091
0.6845823855829084
0.6849046709112666
0.6852270576896664
0.685549544802413
0.6858721323418323
0.6861948187844151
0.6865176037786235
0.6868404866708482
0.687163466839659
0.6874865436809505
0.6878097166094373
0.6881329850593393
0.6884563484844379
0.6887798063578867
0.68910335817191
0.6894270034374724
0.6897507416839227
0.690074572458663
0.6903984953268023
0.6907225098708129
0.6910466156902378
0.6913708124013296
0.6916950996367682
0.6920194770453489
0.692343944291669
0.6926685010558425
0.6929931470331987
0.6933178819340065
0.6936427054831751
0.6939676174199906
0.6942926174978121
0.694617705483827
0.6949428811587636
0.6952681443166311
0.695593494764454
0.6959189323220173
0.6962444568216059
0.6965700681077586
0.6968957660370158
0.697221550477686
0.6975474213096036
0.6978733784238988
0.6981994217227767
0.6985255511192994
0.6988517665371791
0.6991780679105766
0.6995044551839098
0.6998309283116633
0.7001574872581849
0.700484131997459
0.7008108625127917
0.7011376787963858
0.7014645808487772
0.7017915686782897
0.7021186423009415
0.7024458017412782
0.7027730470338273
0.7031003782242238
0.7034277953698371
0.7037552985410416
0.7040828878254399
0.7044105633377573
0.7047383252406837
0.7050661737323507
0.7053941083377634
0.7057221285080144
0.7060502354308825
0.7063784293057138
0.7067067100170088
0.7070350774080721
0.7073635318271655
0.7076920735192888
0.7080207026101815
0.7083494192283442
0.7086782235149189
0.7090071156197578
0.7093360956987345
0.7096651639125369
0.7099943204262248
0.7103235654091159
0.7106528990347948
0.7109823214811185
0.71131183298069
0.7116414337316727
0.711971123848842
0.7123009035258033
0.7126307729597936
0.7129607323511795
0.7132907819027156
0.7136209218186403
0.7139511523032078
0.7142814735581731
0.7146118857795775
0.7149423891550591
0.7152729842724865
0.7156036724968431
0.71593445177862
0.7162653213707832
0.716596285467251
0.7169273424586954
0.7172584922618825
0.7175897351487355
0.7179210713896058
0.7182525012507689
0.7185840249961364
0.7189156428886968
0.7192473551914684
0.7195791621680467
0.7199110640829086
0.7202430612016096
0.7205751537908297
0.7209073421184586
0.7212396264535406
0.7215720070662941
0.721904484228057
0.7222370582112667
0.7225697292894064
0.7229024977369735
0.7232353638294322
0.7235683278431765
0.72390139005549
0.7242345507444989
0.7245678101891168
0.7249011686689731
0.7252346264643472
0.725568183856032
0.7259018411252138
0.7262355985532614
0.7265694564214398
0.7269034150106127
0.7272374746007404
0.7275716354703751
0.7279058978960544
0.7282402621518435
0.7285747285093536
0.7289092972394603
0.7292439686163968
0.7295787429244324
0.7299136204558426
0.7302486014821552
0.7305836862410565
0.7309188753345611
0.7312541698774048
0.7315895693554522
0.7319250736290995
0.7322606829666851
0.7325963976457108
0.7329322182919851
0.7332681459538175
0.733604180255661
0.7339403211786965
0.7342765690475819
0.7346129241900817
0.7349493869170473
0.7352859575298325
0.7356226363250569
0.7359594235969192
0.7362963196383047
0.7366333247412233
0.7369704391970314
0.7373076632964423
0.7376449973295259
0.7379824415856648
0.7383199963534977
0.7386576619209009
0.7389954385749412
0.739333326601882
0.7396713262871587
0.7400094379153358
0.7403476617699928
0.7406859981333478
0.7410244472852588
0.7413630095005439
0.7417016850415716
0.7420404741357033
0.7423793768951865
0.7427183929470776
0.7430575243071991
0.7433967701641874
0.7437361338468628
0.744075611364116
0.7444152040511671
0.7447549124561305
0.7450947369454842
0.7454346778287229
0.745774735393273
0.7461149099169446
0.7464552016732772
0.7467956109339301
0.7471361379696599
0.7474767830496286
0.7478175464398169
0.7481584284021154
0.7484994291963486
0.7488405490837691
0.7491817883286375
0.7495231471974682
0.7498646259577892
0.750206224877096
0.7505479442223307
0.750889784259688
0.7512317452543656
0.7515738274707177
0.751916031172061
0.7522583566207305
0.7526008040780486
0.7529433738043126
0.7532860660587923
0.753628881099708
0.7539718191841607
0.7543148805682556
0.7546580655069955
0.7550013742543501
0.7553448070632174
0.7556883641854675
0.7560320458719612
0.7563758523725442
0.7567197839360434
0.7570638408103432
0.7574080232423757
0.757752331478129
0.7580967657626868
0.7584413263402607
0.758786013454172
0.7591308273469544
0.7594757682603246
0.7598208364352274
0.7601660321119473
0.7605113555300959
0.7608568069287381
0.7612023865464863
0.7615480946216612
0.7618939313924549
0.7622398970972449
0.7625859919749326
0.7629322162655158
0.7632785702107854
0.7636250540551965
0.7639716680468864
0.7643184124381036
0.7646652874829349
0.765012293427224
0.7653594304799476
0.7657066987275988
0.7660540978753836
0.7664016280849023
0.7667492902167414
0.7670970846483687
0.7674450115975635
0.7677930712903055
0.7681412640037963
0.7684895899691458
0.7688380482841097
0.7691866396664395
0.7695353649463217
0.7698842242572772
0.7702332177597189
0.7705823456423554
0.7709316081066366
0.7712810053607476
0.7716305376181869
0.7719802050969778
0.7723300080060238
0.7726799464815316
0.7730300205851596
0.7733802305726768
0.7737305767956744
0.7740810595003826
0.7744316788837042
0.7747824351371717
0.7751333284548698
0.7754843590330466
0.7758355270690312
0.7761868327604712
0.7765382763048526
0.7768898578992557
0.7772415777401859
0.7775934360234799
0.7779454329442268
0.7782975686967225
0.778649843474428
0.7790022574700336
0.779354810875464
0.7797075038822089
0.780060336682056
0.7804133094689681
0.7807664224443887
0.7811196758327426
0.7814730699356314
0.7818266053797777
0.782180284947151
0.7825341027748682
0.7828880566874291
0.7832421556407829
0.7835963969936405
0.7839507804344535
0.7843053060136068
0.784659973872585
0.7850147841856805
0.7853697371427363
0.7857248329409346
0.7860800717774846
0.7864354540226276
0.7867909797116286
0.78714664897638
0.7875024619711946
0.7878584188550303
0.7882145197923746
0.7885707649520249
0.7889271545057357
0.7892836886271359
0.7896403674910109
0.7899971912728506
0.7903541601485264
0.7907112742940499
0.7910685338853658
0.7914259390981792
0.7917834901077618
0.7921411870888001
0.7924990302152438
0.7928570196601498
0.7932151555956214
0.7935734381926646
0.7939318676211541
0.7942904440498064
0.7946491676462047
0.7950080385768499
0.7953670570072635
0.7957262231021246
0.7960855370254117
0.7964449989404954
0.7968046090100344
0.7971643673953641
0.7975242742546667
0.7978843297383194
0.7982445339776459
0.7986048870583815
0.7989653889612125
0.7993260394673447
0.7996868383589981
0.8000477884195435
0.8004088903219382
0.8007701408352293
0.801131539504957
0.8014930898966293
0.8018547909770017
0.8022166430059957
0.8025786474799467
0.8029408014441728
0.8033031059743467
0.8036655614646894
0.8040281681510794
0.8043909262201385
0.8047538358400115
0.8051168971713939
0.805480110371969
0.8058434755981826
0.806206993005602
0.8065706627487333
0.806934484980092
0.8072984598472884
0.8076625874964738
0.8080268680740754
0.8083913017266381
0.8087558886005926
0.809120628841751
0.8094855225941227
0.809850569997671
0.8102157711909905
0.8105811263444976
0.8109466356091113
0.8113122990309114
0.8116781167381624
0.8120440889005985
0.8124102156798608
0.8127764972288842
0.813142933695703
0.8135095252255821
0.8138762719620838
0.8142431740475327
0.8146102316233467
0.8149774448300945
0.815344813807579
0.8157123386949152
0.8160800196305321
0.816447856752158
0.8168158501968938
0.8171840001011706
0.8175523066008066
0.8179207698309794
0.8182893899262755
0.8186581670206933
0.8190271012476331
0.8193961927399711
0.8197654416300797
0.820134848049819
0.8205044121306573
0.8208741340037085
0.8212440137998914
0.8216140516500815
0.8219842476854883
0.822354602038139
0.822725114841998
0.823095786234938
0.8234666163632658
0.8238376053925671
0.8242087535387839
0.8245800611809082
0.8249515294460855
0.8253231565259298
0.8256949415095922
0.8260668835875628
0.8264389913261646
0.8268112554825796
0.8271836797908498
0.8275562611530722
0.8279290062432856
0.828301912639225
0.8286749765006814
0.8290482008648676
0.8294215862142713
0.8297951326607356
0.8301688402677835
0.8305427091060045
0.830916739258835
0.8312909308203196
0.8316652838924435
0.832039798583158
0.8324144750052928
0.8327893132761452
0.8331643135178392
0.8335394758586148
0.8339148004353354
0.8342902873979078
0.8346659369162651
0.8350417491881523
0.8354177244310592
0.8357938627653746
0.8361701639294067
0.8365466275313375
0.8369232531040595
0.8373000420601289
0.8376769944826541
0.8380541103887645
0.8384313899038598
0.8388088331585559
0.8391864402547122
0.8395642112794103
0.8399421463211035
0.8403202454791636
0.8406985088660752
0.8410769366061221
0.8414555288331412
0.8418342856866743
0.8422132073057321
0.8425922938237312
0.8429715453663775
0.8433509620524221
0.8437305439958357
0.8441102913096525
0.8444902041142871
0.8448702825688361
0.845250527099962
0.8456309378371806
0.846011512126153
0.8463922536865829
0.8467731612551028
0.8471542352119122
0.847535475717003
0.8479168829719681
0.848298455791683
0.848680195215002
0.8490621017161986
0.8494441752190445
0.8498264157566494
0.8502088234052687
0.8505913982558563
0.8509741404046784
0.8513570499503559
0.8517401269944389
0.8521233716471607
0.8525067840427863
0.8528903643612055
0.8532741128246999
0.853658029583749
0.8540421146548874
0.8544263683264991
0.854810790466511
0.8551953809516806
0.8555801399043464
0.8559650674474499
0.856350163702369
0.8567354287887888
0.8571208628251522
0.8575064659290564
0.857892238217659
0.8582781798079008
0.8586642908167079
0.8590505713611177
0.859437021558352
0.8598236415229527
0.8602104313582407
0.8605973911654111
0.8609845210464121
0.8613718211038134
0.8617592914406877
0.8621469321605064
0.8625347433670592
0.8629227251643794
0.8633108776566777
0.8636992009482742
0.8640876951435666
0.8644763603469756
0.8648651966628926
0.8652542041956617
0.8656433830495386
0.866032733328648
0.866422255137006
0.8668119485784473
0.8672018137566226
0.8675918507750204
0.8679820597369061
0.8683724407453605
0.8687629939032246
0.8691537193131776
0.8695446170776624
0.8699356872989179
0.870326930079019
0.8707183455198568
0.8711099337231739
0.8715016947905826
0.8718936288235863
0.8722857359236058
0.8726780161920499
0.8730704697303759
0.8734630966400927
0.8738558970228738
0.8742488709806785
0.8746420186158291
0.8750353400311984
0.875428835330424
0.875822504618097
0.8762163480001091
0.8766103655840751
0.8770045574796124
0.8773989237987757
0.8777934646556536
0.8781881801641204
0.8785830704290991
0.8789781355163414
0.879373375360666
0.8797687897297121
0.8801643749454621
0.8805601418846708
0.8809560800050116
0.8813521973763985
0.8817484876647734
0.8821449533149278
0.8825415945227388
0.8829384114420246
0.8833354042184867
0.8837325729721023
0.8841299178088161
0.8845274388271224
0.884925136119634
0.8853230097714219
0.8857210598583035
0.8861192864462737
0.8865176896078882
0.8869162694581242
0.8873150261254262
0.8877139596353233
0.8881130699991076
0.8885123572979967
0.8889118217591383
0.8893114635421976
0.8897112827712439
0.8901112795721625
0.8905114540811911
0.8909118064151312
0.8913123358473156
0.8917130440629932
0.8921139296700867
0.8925149934255228
0.8929162350179476
0.8933176545819541
0.893719252503655
0.8941210289007724
0.8945229838290762
0.8949251173552467
0.8953274295677897
0.895729920578751
0.8961325905249988
0.8965354395803325
0.8969384680193658
0.8973416765787963
0.8977450666893453
0.8981486288785332
0.8985523729591598
0.8989562973641132
0.8993604016681378
0.8997646858281516
0.9001691498895132
0.9005737939262526
0.9009786180236712
0.9013836222721189
0.9017888067642527
0.9021941715938668
0.9025997168552526
0.9030054426428842
0.9034113490512122
0.9038174361745825
0.9042237041071497
0.9046301529428414
0.905036782775335
0.9054435936980361
0.9058505858040677
0.9062577591862767
0.9066651139372219
0.9070726501492096
0.907480367914265
0.9078882673241799
0.9082963484705413
0.9087046114446964
0.9091130563378425
0.9095216832559954
0.9099304924730189
0.9103394838602497
0.9107486575077457
0.9111580135056827
0.9115675519444753
0.9119772729148258
0.9123871765076851
0.9127972628143172
0.9132075319263858
0.9136179839358352
0.9140286189350084
0.9144394370166163
0.9148504382737306
0.9152616227998004
0.9156729906886106
0.9160845420343002
0.916496276931315
0.9169081954743915
0.9173202977585286
0.9177325838789536
0.9181450539310735
0.9185577080104466
0.9189705462127337
0.9193835686335963
0.9197967753668116
0.9202101665035686
0.9206237421350573
0.9210375023526602
0.9214514472479355
0.9218655769126055
0.9222798914385315
0.9226943909177034
0.9231090754422262
0.9235239451042901
0.9239389999961841
0.9243542402102476
0.9247696658388912
0.9251852769745621
0.9256010737097455
0.9260170561369507
0.9264332243487093
0.9268495784375628
0.9272661184960549
0.9276828446167394
0.9280997568921658
0.9285168554148715
0.9289341402774035
0.9293516115722917
0.929769269392056
0.9301871138292139
0.9306051449762749
0.9310233629257327
0.9314417677700778
0.9318603596017578
0.9322791385132183
0.9326981045968102
0.9331172579448404
0.9335365986494482
0.9339561268025605
0.9343758424957459
0.93479574582005
0.9352158368656664
0.9356361157215135
0.9360565824746317
0.9364772372093592
0.9368980800068207
0.937319110946003
0.937740330110967
0.9381617376068924
0.9385833335326076
0.9390051179960942
0.939427091088248
0.939849252832114
0.9402716029477396
0.9406941389730467
0.9411168705236648
0.9415397890605396
0.9419628961495439
0.9423861907033919
0.9428096765467182
0.9432333525990774
0.9436572167123309
0.9440812704385388
0.9445055139403853
0.944929947298994
0.9453545705829561
0.9457793838677564
0.9462043872331592
0.9466295807609318
0.9470549645345548
0.9474805386396153
0.9479063031641216
0.9483322581985789
0.948758403835691
0.9491847401698329
0.9496112672965207
0.9500379853118488
0.9504648943120906
0.9508919943934354
0.9513192856517203
0.9517467681823666
0.9521744420803265
0.9526023074400441
0.9530303643554969
0.9534586129201555
0.9538870532271059
0.9543156853690249
0.9547445094382399
0.955173525526771
0.9556027337263736
0.9560321341286434
0.9564617268249828
0.9568915119067261
0.9573214894652414
0.9577516595919908
0.9581820223787033
0.9586125779175565
0.9590433263015367
0.9594742676248569
0.9599054019838392
0.9603367294783036
0.9607682502142955
0.9611999643096222
0.9616318719060696
0.9620639732002574
0.9624962685303061
0.9629287585039967
0.9633614404241202
0.9637943135169507
0.9642273815700354
0.9646606442241649
0.9650941012888063
0.9655277527286847
0.9659615985706528
0.9663956388693411
0.9668298736932851
0.967264303118641
0.9676989272260652
0.9681337460990325
0.9685687598228669
0.9690039684841797
0.9694393721704874
0.9698749709699951
0.9703107649714113
0.9707467542638717
0.9711829389368082
0.9716193190799363
0.9720558947831884
0.9724926661366539
0.9729296332305963
0.9733667961553732
0.9738041550014587
0.9742417098593998
0.9746794608198084
0.9751174079733601
0.9755555514107421
0.9759938912227
0.9764324275000226
0.976871160333544
0.9773100898141849
0.9777492160329888
0.9781885390811975
0.9786280590504098
0.9790677760327704
0.9795076901212703
0.9799478014102816
0.9803881099964046
0.9808286159797968
0.9812693194664809
0.981710220834967
0.9821513201027563
0.9825926154786389
0.9830341057133801
0.983475801928406
0.9839176941706054
0.9843597837341441
0.9848020711448139
0.9852445566795699
0.9856872405238226
0.9861301228233251
0.9865732036831237
0.9870164831936199
0.9874599614465205
0.9879036385345289
0.9883475145512258
0.9887915895909616
0.9892358637487584
0.9896803371201957
0.9901250098012342
0.9905698818880974
0.9910149534771081
0.9914602246645915
0.9919056955467853
0.9923513662197775
0.9927972367794375
0.993243307321451
0.9936895779412628
0.9941360487341167
0.9945827197950754
0.9950295912190927
0.9954766631010322
0.9959239355357812
0.9963714086183406
0.9968190824439241
0.9972669571082032
0.9977150327075257
0.9981633093392211
0.9986117871021417
0.999060466097382
0.9995093464293482
0.9999584282075109
1.0004077115488674
1.000857196581382
1.0013068834457814
1.0017567722748806
1.0022068629854453
1.0026571548253604
1.0031076485978532
1.0035583444252039
1.004009241262598
1.0044603402072714
1.0049116418010071
1.0053631461391115
1.0058148532664222
1.0062667632322622
1.006718876095737
1.0071711919240585
1.0076237107904336
1.0080764327723701
1.008529357950514
1.0089824864078587
1.0094358182291638
1.00988935350056
1.0103430923092656
1.0107970347433732
1.0112511808916977
1.011705530843636
1.0121600846891068
1.0126148425184518
1.0130698044223725
1.0135249704918945
1.0139803408183192
1.0144359154931688
1.0148916946081612
1.015347678255196
1.0158038665262907
1.0162602595135823
1.0167168573092351
1.0171736600055101
1.0176306676946267
1.0180878804824565
1.018545298457033
1.019002921683415
1.019460750252523
1.0199187842606712
1.020377023844345
1.0208354690689416
1.0212941200307482
1.021752976830653
1.0222120395775602
1.0226713083920826
1.02313078340556
1.0235904647469551
1.0240503525206146
1.0245104467982833
1.0249707477227012
1.0254312554207747
1.0258919697691615
1.0263528908543016
1.026814018828824
1.0272753537585841
1.0277368957353055
1.0281986448514775
1.028660601199981
1.0291227648741412
1.0295851359677164
1.0300477145748999
1.0305105007904045
1.0309734947093856
1.031436696427472
1.0319001060408575
1.0323637236462717
1.0328275493410966
1.0332915832233904
1.033755825392024
1.034220275946797
1.0346849349886493
1.0351498026192154
1.0356148789341473
1.03608016402489
1.0365456579828534
1.037011360899426
1.0374772728659065
1.0379433939734481
1.0384097243129775
1.0388762639751437
1.0393430130502739
1.0398099716283238
1.0402771397989476
1.0407445176516585
1.041212105276153
1.0416799027630814
1.042147910205589
1.0426161277025303
1.0430845553652723
1.0435531933336581
1.0440220417920798
1.044491100203103
1.0449603677346124
1.0454298534344924
1.0458995431224483
1.0463694430762394
1.0468395576124863
1.0473098826048644
1.0477804191726128
1.0482511672641759
1.048722126963519
1.0491932983760912
1.0496646813251034
1.0501362745245626
1.0506080787959908
1.0510800949163923
1.0515523231725696
1.052024763600991
1.052497416254185
1.052970281201946
1.053443358523956
1.053916639749663
1.054390141847413
1.054863856534237
1.0553377839070583
1.0558119240640926
1.056286277103183
1.0567608431253417
1.0572356222268133
1.05771061450665
1.0581858200689462
1.0586612390128707
1.059136871432564
1.0596127174222345
1.0600887770763794
1.0605650504896587
1.0610415377571931
1.0615182389742384
1.0619951542366477
1.0624722836400085
1.0629496272802248
1.0634271852547639
1.0639049576587392
1.0643829445880106
1.0648611461417636
1.0653395624177668
1.0658181935141078
1.06629703952954
1.0667761005600505
1.067255376708427
1.067734868070124
1.068214574744538
1.068694496832439
1.0691746344335213
1.0696549876461179
1.070135556569616
1.0706163413046124
1.0710973419522674
1.0715785586100033
1.072059991378981
1.072541640360208
1.0730235056517319
1.0735055873556807
1.0739878855687661
1.0744704003948358
1.0749531319316186
1.075436080279141
1.0759192455363438
1.076402627804131
1.076886227180617
1.0773700437660458
1.0778540776584626
1.078338328957709
1.0788227977623166
1.0793074841707626
1.0797923882815597
1.0802775101930249
1.080762850003128
1.0812484078098556
1.0817341837114949
1.0822201778048577
1.082706390188355
1.0831928209586799
1.0836794702136927
1.084166338050258
1.0846534245661164
1.085140729855877
1.0856282540204016
1.0861159971517882
1.0866039593504526
1.0870921407113106
1.087580541333279
1.088069161310354
1.0885580007411788
1.0890470597219608
1.0895363383501577
1.0900258367223252
1.090515554935192
1.0910054930871138
1.0914956512737923
1.0919860295951407
1.0924766281475904
1.0929674470282253
1.0934584863367556
1.093949746170542
1.0944412266293368
1.0949329278112088
1.0954248498151011
1.0959169927416423
1.0964093566902655
1.0969019417610242
1.0973947480547843
1.097887775672483
1.0983810247187995
1.0988744952919682
1.0993681874902836
1.0998621014186212
1.100356237182772
1.100850594886768
1.1013451746294063
1.10183997650894
1.1023350006238475
1.1028302470727487
1.1033257159546064
1.103821407368621
1.1043173214144812
1.1048134581909181
1.1053098177988607
1.105806400337375
1.1063032059076088
1.1068002346092984
1.1072974865431422
1.1077949618102123
1.108292660511258
1.1087905827476507
1.1092887286201647
1.1097870982307692
1.1102856916808799
1.1107845090708584
1.1112835505049905
1.1117828160829162
1.1122823059071727
1.112782020080382
1.113281958703795
1.1137821218808752
1.1142825097112863
1.1147831223006794
1.1152839597485125
1.1157850221584384
1.1162863096320175
1.1167878222722587
1.1172895601826591
1.1177915234630342
1.1182937122177352
1.1187961265484299
1.1192987665569072
1.119801632347907
1.1203047240214663
1.1208080416805737
1.1213115854273468
1.1218153553659465
1.1223193515956686
1.1228235742216077
1.1233280233443843
1.1238326990672107
1.124337601491631
1.1248427307205513
1.12534808685563
1.1258536699991477
1.1263594802541772
1.1268655177219786
1.1273717825051925
1.127878274705514
1.1283849944256488
1.1288919417674084
1.1293991168332524
1.1299065197252276
1.1304141505455048
1.1309220093962586
1.1314300963796462
1.1319384115981863
1.1324469551538066
1.1329557271487862
1.133464727685497
1.133973956866218
1.1344834147935112
1.1349931015693808
1.1355030172959866
1.1360131620766822
1.13652353601341
1.1370341392088368
1.1375449717652377
1.1380560337848018
1.1385673253714654
1.1390788466268285
1.1395905976545704
1.1401025785562076
1.140614789435879
1.1411272303956206
1.1416399015386753
1.1421528029681365
1.1426659347866477
1.1431792970974644
1.1436928900039582
1.1442067136084975
1.1447207680151654
1.1452350533258713
1.1457495696451507
1.1462643170749565
1.146779295719797
1.1472945056819206
1.1478099470641658
1.148325619970852
1.1488415245046277
1.1493576607688363
1.1498740288661082
1.1503906288985208
1.1509074609709447
1.1514245251838346
1.1519418216415225
1.1524593504453522
1.1529771116962266
1.153495105496121
1.1540133319456958
1.1545317911448794
1.1550504831913877
1.1555694081819246
1.1560885662125047
1.1566079573737296
1.1571275817559026
1.157647439444209
1.158167530525881
1.1586878551029363
1.1592084133595189
1.1597292058861521
1.160250233634562
1.1607714949822425
1.1612929920868056
1.1618147188171304
1.162336681550491
1.162858879348775
1.163381311851376
1.1639039795409807
1.1644268822777646
1.1649500199243075
1.165473392497666
1.1659970000748314
1.1665208427590088
1.1670449206565725
1.1675692338793844
1.1680937825389466
1.1686185667419888
1.169143586595372
1.169668842206315
1.1701943336727607
1.1707200610985822
1.171246024586155
1.1717722242581594
1.1722986602772176
1.172825332883366
1.1733522423008564
1.1738793885742715
1.1744067716271689
1.174934391414911
1.1754622479407815
1.1759903413240549
1.1765186723035939
1.177047241417952
1.1775760479156359
1.1781050916868112
1.1786343729132438
1.1791638917616105
1.179693648372633
1.180223642872897
1.1807538753785267
1.1812843460035634
1.1818150548660564
1.182346002070533
1.1828771877228774
1.1834086119407972
1.1839402748413104
1.1844721765384325
1.1850043171412494
1.1855366967597383
1.186069315507442
1.1866021734756274
1.1871352706667269
1.1876686074602962
1.188202183622701
1.1887359993829012
1.1892700548633484
1.189804350179496
1.1903388854416872
1.1908736607583819
1.1914086762381904
1.1919439319886453
1.1924794281185844
1.1930151647367746
1.1935511419511213
1.1940873598721442
1.1946238186083824
1.195160518269449
1.1956974589665441
1.1962346408075621
1.1967720639040662
1.1973097283667042
1.1978476343038043
1.1983857818269785
1.1989241710472993
1.1994628020726763
1.2000016750137987
1.200540789982047
1.201080147084852
1.201619746432547
1.2021595881341278
1.2026996722982477
1.2032399990332026
1.203780568447753
1.204321380648873
1.2048624357452258
1.2054037338429435
1.205945275049494
1.2064870594706734
1.207029087212824
1.2075713583817325
1.2081138730826637
1.2086566314206162
1.2091996335004274
1.209742879425572
1.2102863692999288
1.210830103227792
1.211374081309805
1.2119183036491779
1.21246277034514
1.213007481497339
1.2135524372025972
1.214097637554408
1.2146430826452221
1.2151887725652766
1.2157347074213085
1.2162808874411943
1.2168273219615338
1.2173739931524106
1.2179209088180765
1.2184680623703663
1.219015470927278
1.2195631252887498
1.2201110254659742
1.220659171549954
1.221207563652502
1.221756201889677
1.2223050863732794
1.2228542172137216
1.2234035945255297
1.2239532184195285
1.2245030890058484
1.2250532063935422
1.2256035706950037
1.2261541820212989
1.226705040483194
1.2272561461921616
1.2278074992669326
1.2283590998159053
1.2289109479392872
1.2294630437559406
1.23001538738638
1.2305679789494215
1.23112081855225
1.2316739062988846
1.2322272422937837
1.2327808266422817
1.233334659449942
1.233888740822889
1.2344430708675265
1.234997649690746
1.2355524773998972
1.2361075541024094
1.236662879906791
1.2372184549194445
1.2377742792507924
1.2383303530075145
1.2388866763004533
1.2394432492360725
1.2400000719236668
1.240557144473545
1.2411144669938887
1.2416720395935201
1.2422298623814307
1.2427879354678684
1.24334625895971
1.2439048329688314
1.244463657600563
1.2450227329684118
1.245582059176806
1.2461416363362694
1.246701464553381
1.2472615439402872
1.2478218746017955
1.2483824566470294
1.2489432901836237
1.249504375319729
1.2500657121633474
1.2506273008202828
1.2511891414000311
1.251751234006566
1.2523135787494641
1.2528761757337934
1.2534390250667982
1.2540021268541226
1.2545654812017104
1.2551290882158492
1.2556929480021015
1.2562570606661938
1.2568214263128794
1.2573860450480465
1.2579509169760654
1.2585160422019899
1.2590814208304413
1.2596470529658657
1.260212938712507
1.2607790781749895
1.261345471456641
1.2619121186619437
1.2624790198937175
1.26304617525696
1.263613584854219
1.2641812487882982
1.2647491671635962
1.265317340081943
1.2658857676482178
1.2664544499630146
1.2670233871297742
1.2675925792516316
1.2681620264288276
1.2687317287675328
1.2693016863668871
1.2698718993302238
1.2704423677591108
1.2710130917542746
1.2715840714185207
1.272155306853667
1.2727267981600872
1.2732985454421915