0.5975192440541466
0.5975192440544093
0.5975192440546735
0.5975192440549433
0.59751924405522
0.5975192440554993
0.5975192440557802
0.5975192440560716
0.5975192440563634
0.5975192440566621
0.5975192440569668
0.5975192440572712
0.5975192440575868
0.5975192440579025
0.5975192440582274
0.5975192440585603
0.597519244058896
0.5975192440592372
0.5975192440595841
0.5975192440599387
0.5975192440602988
0.5975192440606618
0.5975192440610338
0.5975192440614124
0.5975192440617985
0.5975192440621855
0.5975192440625872
0.5975192440629866
0.5975192440634014
0.59751924406382
0.597519244064247
0.5975192440646778
0.5975192440651182
0.5975192440655626
0.5975192440660203
0.5975192440664835
0.5975192440669534
0.5975192440674333
0.5975192440679196
0.597519244068413
0.5975192440689184
0.597519244069428
0.5975192440699505
0.5975192440704785
0.5975192440710181
0.5975192440715653
0.5975192440721236
0.59751924407269
0.5975192440732684
0.5975192440738532
0.5975192440744513
0.5975192440750557
0.5975192440756713
0.5975192440762993
0.597519244076938
0.5975192440775839
0.5975192440782444
0.5975192440789193
0.5975192440796002
0.5975192440802959
0.5975192440810003
0.5975192440817175
0.5975192440824517
0.5975192440831938
0.5975192440839454
0.5975192440847179
0.5975192440854943
0.5975192440862906
0.5975192440870997
0.59751924408792
0.5975192440887562
0.597519244089604
0.5975192440904731
0.5975192440913484
0.5975192440922406
0.5975192440931539
0.5975192440940787
0.597519244095019
0.5975192440959756
0.5975192440969517
0.5975192440979402
0.5975192440989492
0.5975192440999683
0.5975192441010129
0.59751924410207
0.5975192441031458
0.5975192441042404
0.5975192441053575
0.5975192441064858
0.5975192441076416
0.5975192441088115
0.5975192441100026
0.5975192441112149
0.5975192441124528
0.5975192441137054
0.59751924411498
0.5975192441162764
0.5975192441175947
0.5975192441189368
0.5975192441202997
0.597519244121688
0.597519244123099
0.5975192441245335
0.5975192441259896
0.5975192441274773
0.5975192441289886
0.5975192441305254
0.5975192441320814
0.5975192441336769
0.5975192441352873
0.5975192441369301
0.5975192441386029
0.5975192441403002
0.5975192441420302
0.5975192441437848
0.5975192441455723
0.5975192441473927
0.597519244149239
0.5975192441511188
0.5975192441530347
0.5975192441549775
0.5975192441569562
0.5975192441589726
0.5975192441610141
0.5975192441630951
0.5975192441652126
0.5975192441673658
0.5975192441695572
0.5975192441717844
0.5975192441740443
0.5975192441763484
0.5975192441786917
0.5975192441810748
0.5975192441834952
0.5975192441859577
0.597519244188466
0.5975192441910149
0.5975192441936052
0.5975192441962419
0.5975192441989247
0.5975192442016521
0.5975192442044257
0.5975192442072431
0.5975192442101103
0.5975192442130309
0.5975192442159996
0.5975192442190136
0.5975192442220869
0.5975192442252047
0.5975192442283785
0.5975192442316085
0.5975192442348917
0.5975192442382311
0.5975192442416271
0.5975192442450818
0.5975192442485991
0.5975192442521665
0.5975192442558032
0.597519244259497
0.5975192442632568
0.5975192442670787
0.5975192442709679
0.5975192442749192
0.5975192442789424
0.5975192442830317
0.5975192442871923
0.5975192442914234
0.5975192442957261
0.5975192443000994
0.597519244304551
0.5975192443090779
0.5975192443136785
0.5975192443183633
0.5975192443231219
0.5975192443279653
0.5975192443328916
0.5975192443379014
0.5975192443429925
0.5975192443481762
0.5975192443534415
0.5975192443588048
0.5975192443642522
0.5975192443697963
0.5975192443754347
0.5975192443811662
0.597519244386998
0.5975192443929301
0.5975192443989598
0.5975192444050956
0.5975192444113354
0.5975192444176811
0.5975192444241322
0.5975192444306923
0.5975192444373713
0.597519244444159
0.597519244451069
0.5975192444580882
0.5975192444652273
0.5975192444724886
0.5975192444798774
0.5975192444873888
0.597519244495032
0.5975192445027999
0.5975192445107079
0.5975192445187406
0.5975192445269175
0.5975192445352339
0.5975192445436877
0.5975192445522853
0.5975192445610307
0.5975192445699294
0.5975192445789717
0.5975192445881757
0.5975192445975305
0.5975192446070494
0.5975192446167281
0.5975192446265728
0.5975192446365832
0.5975192446467655
0.5975192446571248
0.5975192446676542
0.597519244678366
0.5975192446892597
0.5975192447003411
0.5975192447116063
0.5975192447230666
0.5975192447347253
0.5975192447465776
0.5975192447586312
0.5975192447708919
0.5975192447833639
0.5975192447960515
0.5975192448089476
0.5975192448220635
0.5975192448354082
0.5975192448489762
0.5975192448627751
0.5975192448768109
0.5975192448910844
0.5975192449056015
0.597519244920371
0.5975192449353823
0.5975192449506532
0.5975192449661885
0.597519244981986
0.5975192449980512
0.5975192450143942
0.5975192450310066
0.5975192450479109
0.5975192450650982
0.5975192450825809
0.5975192451003589
0.5975192451184421
0.5975192451368317
0.5975192451555393
0.5975192451745558
0.5975192451939058
0.5975192452135792
0.5975192452335947
0.5975192452539474
0.5975192452746417
0.5975192452956948
0.5975192453171072
0.5975192453388795
0.597519245361025
0.597519245383549
0.597519245406455
0.5975192454297524
0.5975192454534459
0.5975192454775397
0.5975192455020497
0.5975192455269758
0.5975192455523266
0.5975192455781049
0.5975192456043297
0.597519245630991
0.5975192456581165
0.5975192456857029
0.5975192457137533
0.5975192457422888
0.5975192457713036
0.5975192458008153
0.5975192458308302
0.5975192458613562
0.5975192458924
0.597519245923976
0.5975192459560907
0.5975192459887485
0.5975192460219636
0.5975192460557489
0.5975192460901041
0.5975192461250425
0.5975192461605815
0.5975192461967246
0.5975192462334817
0.5975192462708674
0.5975192463088921
0.5975192463475605
0.5975192463868899
0.5975192464268891
0.5975192464675702
0.5975192465089387
0.5975192465510181
0.5975192465938122
0.597519246637337
0.5975192466815977
0.5975192467266174
0.5975192467724028
0.597519246818969
0.5975192468663258
0.5975192469144894
0.5975192469634747
0.5975192470133002
0.5975192470639668
0.5975192471154975
0.5975192471679069
0.5975192472212087
0.5975192472754197
0.5975192473305546
0.597519247386626
0.5975192474436553
0.5975192475016557
0.5975192475606428
0.597519247620635
0.5975192476816563
0.5975192477437036
0.5975192478068151
0.5975192478710019
0.5975192479362812
0.5975192480026755
0.5975192480701975
0.5975192481388694
0.5975192482087108
0.5975192482797477
0.5975192483519883
0.5975192484254583
0.5975192485001831
0.5975192485761787
0.5975192486534727
0.5975192487320887
0.597519248812032
0.5975192488933415
0.5975192489760346
0.5975192490601399
0.5975192491456759
0.5975192492326692
0.5975192493211415
0.5975192494111257
0.5975192495026425
0.5975192495957172
0.5975192496903741
0.5975192497866446
0.5975192498845572
0.597519249984141
0.5975192500854163
0.5975192501884146
0.5975192502931722
0.5975192503997148
0.5975192505080683
0.5975192506182683
0.5975192507303475
0.5975192508443378
0.5975192509602658
0.5975192510781723
0.5975192511980831
0.5975192513200427
0.5975192514440706
0.5975192515702193
0.5975192516985133
0.597519251828994
0.597519251961695
0.597519252096657
0.5975192522339191
0.5975192523735217
0.5975192525155005
0.5975192526598965
0.5975192528067561
0.5975192529561137
0.5975192531080168
0.5975192532625048
0.5975192534196274
0.5975192535794287
0.5975192537419493
0.597519253907238
0.5975192540753431
0.5975192542463135
0.5975192544201924
0.5975192545970337
0.5975192547768946
0.5975192549598114
0.597519255145847
0.5975192553350542
0.5975192555274798
0.5975192557231859
0.5975192559222217
0.5975192561246517
0.5975192563305347
0.5975192565399202
0.597519256752871
0.5975192569694514
0.5975192571897163
0.5975192574137401
0.5975192576415765
0.5975192578732965
0.5975192581089631
0.5975192583486432
0.5975192585924031
0.5975192588403182
0.5975192590924573
0.5975192593488956
0.5975192596096933
0.5975192598749411
0.597519260144705
0.5975192604190592
0.5975192606980918
0.5975192609818787
0.5975192612705008
0.5975192615640338
0.5975192618625731
0.5975192621661894
0.5975192624749852
0.5975192627890437
0.5975192631084429
0.5975192634332898
0.5975192637636708
0.597519264099676
0.5975192644414054
0.5975192647889565
0.5975192651424281
0.5975192655019245
0.5975192658675387
0.5975192662393841
0.5975192666175635
0.5975192670021842
0.5975192673933603
0.5975192677911988
0.5975192681958091
0.5975192686073184
0.5975192690258323
0.5975192694514768
0.5975192698843768
0.59751927032465
0.5975192707724188
0.5975192712278161
0.5975192716909759
0.597519272162023
0.5975192726410892
0.5975192731283205
0.5975192736238513
0.5975192741278252
0.5975192746403809
0.5975192751616668
0.5975192756918329
0.5975192762310375
0.5975192767794179
0.5975192773371494
0.5975192779043742
0.5975192784812631
0.5975192790679805
0.5975192796646883
0.5975192802715626
0.5975192808887783
0.597519281516505
0.5975192821549266
0.5975192828042204
0.5975192834645778
0.5975192841361855
0.59751928481923
0.5975192855139113
0.5975192862204242
0.5975192869389765
0.5975192876697691
0.5975192884130075
0.5975192891689093
0.5975192899376848
0.5975192907195576
0.5975192915147484
0.5975192923234884
0.5975192931460006
0.5975192939825276
0.5975192948332986
0.5975192956985694
0.5975192965785793
0.5975192974735779
0.5975192983838192
0.5975192993095705
0.5975193002510901
0.5975193012086508
0.5975193021825188
0.5975193031729805
0.59751930418031
0.5975193052048053
0.5975193062467473
0.5975193073064429
0.5975193083841843
0.5975193094802861
0.5975193105950598
0.5975193117288217
0.5975193128818997
0.5975193140546208
0.5975193152473194
0.5975193164603304
0.5975193176940097
0.5975193189487016
0.5975193202247676
0.5975193215225701
0.5975193228424814
0.5975193241848794
0.5975193255501393
0.5975193269386591
0.597519328350832
0.5975193297870602
0.5975193312477505
0.5975193327333275
0.5975193342442108
0.5975193357808299
0.5975193373436236
0.5975193389330439
0.5975193405495364
0.5975193421935645
0.5975193438655929
0.5975193455661104
0.5975193472955943
0.5975193490545387
0.5975193508434526
0.5975193526628321
0.597519354513204
0.5975193563951
0.5975193583090506
0.5975193602556061
0.597519362235321
0.5975193642487595
0.5975193662964948
0.5975193683791109
0.5975193704972032
0.5975193726513868
0.5975193748422564
0.5975193770704469
0.597519379336593
0.5975193816413485
0.5975193839853603
0.5975193863693011
0.5975193887938482
0.5975193912597031
0.5975193937675607
0.5975193963181348
0.5975193989121622
0.597519401550374
0.5975194042335287
0.5975194069623895
0.5975194097377348
0.5975194125603562
0.5975194154310611
0.5975194183506706
0.5975194213200078
0.5975194243399297
0.5975194274112957
0.5975194305349779
0.597519433711873
0.5975194369428852
0.5975194402289346
0.5975194435709609
0.5975194469699164
0.5975194504267748
0.5975194539425193
0.5975194575181476
0.5975194611546875
0.5975194648531794
0.5975194686146629
0.5975194724402287
0.597519476330965
0.5975194802879722
0.5975194843123841
0.5975194884053527
0.5975194925680387
0.5975194968016416
0.5975195011073564
0.5975195054864212
0.5975195099400794
0.5975195144696056
0.5975195190762819
0.5975195237614382
0.5975195285264006
0.59751953337253
0.5975195383012153
0.5975195433138559
0.5975195484118849
0.5975195535967532
0.5975195588699472
0.597519564232963
0.5975195696873417
0.5975195752346261
0.5975195808764062
0.5975195866142925
0.5975195924499187
0.5975195983849544
0.5975196044210883
0.5975196105600468
0.5975196168035765
0.5975196231534596
0.5975196296115126
0.59751963617957
0.5975196428595115
0.5975196496532468
0.5975196565627031
0.597519663589863
0.5975196707367189
0.5975196780053198
0.5975196853977438
0.5975196929160876
0.5975197005625003
0.5975197083391685
0.5975197162483024
0.5975197242921658
0.5975197324730531
0.5975197407932926
0.5975197492552606
0.5975197578613716
0.5975197666140838
0.5975197755158922
0.5975197845693393
0.5975197937770016
0.5975198031415111
0.59751981266554
0.5975198223518028
0.5975198322030602
0.5975198422221288
0.5975198524118661
0.5975198627751732
0.5975198733150175
0.5975198840343952
0.597519894936368
0.5975199060240481
0.5975199173005992
0.5975199287692363
0.597519940433227
0.5975199522959103
0.5975199643606641
0.5975199766309267
0.5975199891102021
0.5975200018020566
0.5975200147101035
0.597520027838023
0.5975200411895694
0.5975200547685423
0.5975200685788216
0.5975200826243444
0.5975200969091247
0.5975201114372253
0.5975201262128057
0.5975201412400684
0.5975201565233028
0.5975201720668725
0.5975201878752125
0.5975202039528316
0.5975202203043156
0.5975202369343294
0.5975202538476134
0.5975202710490024
0.5975202885433936
0.5975203063357816
0.5975203244312433
0.5975203428349397
0.5975203615521242
0.5975203805881316
0.5975203999483909
0.5975204196384334
0.5975204396638688
0.5975204600304106
0.5975204807438752
0.597520501810161
0.5975205232352899
0.5975205450253619
0.5975205671865973
0.597520589725324
0.5975206126479685
0.5975206359610644
0.5975206596712647
0.597520683785335
0.5975207083101551
0.5975207332527172
0.5975207586201385
0.5975207844196474
0.5975208106586263
0.5975208373445328
0.5975208644849977
0.5975208920877564
0.5975209201606791
0.59752094871178
0.5975209777492008
0.5975210072812223
0.5975210373162761
0.5975210678629227
0.5975210989298718
0.5975211305259961
0.5975211626603055
0.5975211953419541
0.5975212285802775
0.5975212623847527
0.5975212967650192
0.5975213317308897
0.597521367292334
0.5975214034594909
0.5975214402426849
0.597521477652407
0.5975215156993169
0.5975215543942812
0.5975215937483244
0.5975216337726839
0.5975216744787585
0.5975217158781778
0.5975217579827353
0.5975218008044448
0.5975218443555217
0.5975218886483851
0.5975219336956719
0.597521979510226
0.5975220261051117
0.5975220734936227
0.5975221216892782
0.5975221707058167
0.5975222205572208
0.5975222712577098
0.597522322821735
0.5975223752640164
0.5975224285994957
0.5975224828433984
0.5975225380111782
0.5975225941185813
0.5975226511816031
0.5975227092165211
0.5975227682398729
0.5975228282685084
0.5975228893195369
0.5975229514103653
0.5975230145587104
0.597523078782569
0.5975231441002663
0.5975232105304215
0.5975232780919795
0.5975233468042029
0.5975234166866953
0.5975234877593686
0.5975235600425045
0.597523633556703
0.5975237083229334
0.5975237843625066
0.597523861697115
0.5975239403488007
0.5975240203399944
0.5975241016935022
0.5975241844325163
0.5975242685806337
0.5975243541618482
0.5975244412005517
0.5975245297215594
0.5975246197501219
0.5975247113118884
0.5975248044329757
0.5975248991399347
0.5975249954597582
0.5975250934199092
0.5975251930483156
0.5975252943733733
0.5975253974239724
0.5975255022294922
0.5975256088198018
0.5975257172252948
0.5975258274768697
0.5975259396059512
0.5975260536445061
0.5975261696250377
0.5975262875806017
0.5975264075448286
0.5975265295519053
0.5975266536366106
0.5975267798343094
0.5975269081809658
0.5975270387131713
0.597527171468119
0.597527306483646
0.5975274437982322
0.5975275834510099
0.5975277254817755
0.5975278699310095
0.5975280168398666
0.5975281662502268
0.5975283182046526
0.5975284727464523
0.597528629919657
0.5975287897690476
0.5975289523401752
0.5975291176793632
0.5975292858337194
0.5975294568511522
0.5975296307803872
0.5975298076709792
0.5975299875733165
0.5975301705386522
0.5975303566191118
0.597530545867702
0.597530738338338
0.5975309340858366
0.5975311331659686
0.5975313356354278
0.597531541551887
0.5975317509739994
0.5975319639614136
0.597532180574784
0.5975324008758054
0.5975326249272093
0.597532852792812
0.597533084537495
0.5975333202272533
0.5975335599291985
0.5975338037115833
0.5975340516438222
0.5975343037965102
0.5975345602414238
0.597534821051585
0.5975350863012464
0.5975353560659098
0.5975356304223755
0.5975359094487361
0.5975361932244238
0.5975364818301974
0.5975367753482158
0.5975370738620065
0.5975373774565302
0.5975376862181883
0.5975380002348407
0.5975383195958449
0.5975386443920812
0.5975389747159631
0.5975393106614737
0.5975396523241892
0.5975399998013161
0.5975403531917051
0.5975407125958779
0.5975410781160742
0.5975414498562575
0.5975418279221577
0.5975422124213069
0.5975426034630436
0.5975430011585768
0.5975434056209933
0.5975438169652962
0.597544235308451
0.5975446607693812
0.5975450934690515
0.5975455335304728
0.5975459810787271
0.5975464362410232
0.5975468991467315
0.5975473699274145
0.597547848716856
0.5975483356511084
0.5975488308685358
0.597549334509836
0.5975498467180977
0.5975503676388239
0.5975508974200008
0.5975514362120997
0.5975519841681496
0.5975525414437586
0.5975531081971948
0.5975536845893753
0.5975542707839645
0.5975548669473721
0.5975554732488465
0.5975560898604872
0.5975567169573048
0.5975573547172737
0.5975580033213834
0.5975586629536646
0.5975593338012823
0.5975600160545516
0.5975607099070123
0.597561415555464
0.5975621332000519
0.5975628630442734
0.5975636052950932
0.5975643601629514
0.5975651278618599
0.5975659086094277
0.5975667026269462
0.5975675101394419
0.5975683313757438
0.5975691665685295
0.5975700159544141
0.597570879774007
0.5975717582719599
0.5975726516970741
0.5975735603023252
0.5975744843449635
0.5975754240865823
0.5975763797931639
0.5975773517351957
0.5975783401876984
0.5975793454303483
0.5975803677475172
0.5975814074283611
0.5975824647669252
0.5975835400621818
0.5975846336181417
0.5975857457439326
0.5975868767538733
0.5975880269675826
0.5975891967100404
0.5975903863117009
0.5975915961085515
0.5975928264422483
0.5975940776601689
0.5975953501155359
0.5975966441674946
0.5975979601812225
0.5975992985280231
0.5976006595854322
0.5976020437373086
0.5976034513739585
0.5976048828922267
0.5976063386956071
0.5976078191943492
0.5976093248055849
0.5976108559534195
0.5976124130690649
0.5976139965909514
0.5976156069648318
0.5976172446439165
0.5976189100890049
0.5976206037685847
0.5976223261589801
0.5976240777444567
0.5976258590173911
0.5976276704783449
0.5976295126362613
0.5976313860085506
0.5976332911212586
0.5976352285092045
0.5976371987161063
0.5976392022947395
0.5976412398070905
0.5976433118244867
0.5976454189277741
0.5976475617077708
0.5976497407644908
0.597651956708189
0.5976542101592726
0.5976565017484654
0.5976588321169319
0.5976612019164997
0.5976636118097705
0.5976660624703429
0.5976685545829801
0.597671088843751
0.5976736659602624
0.5976762866518175
0.5976789516495978
0.5976816616968839
0.5976844175492113
0.5976872199745817
0.597690069753682
0.5976929676800408
0.5976959145602788
0.5976989112142936
0.5977019584754654
0.59770505719089
0.5977082082215726
0.5977114124426743
0.5977146707437037
0.597717984028779
0.5977213532168327
0.5977247792418453
0.5977282630530916
0.5977318056153776
0.5977354079092867
0.5977390709313994
0.597742795694597
0.5977465832282725
0.5977504345785808
0.5977543508087355
0.5977583329992395
0.5977623822481991
0.5977664996715247
0.5977706864032677
0.5977749435958702
0.597779272420447
0.5977836740670982
0.5977881497451618
0.5977927006835397
0.5977973281309711
0.5978020333563426
0.5978068176490172
0.5978116823191003
0.597816628697788
0.5978216581376778
0.5978267720130823
0.5978319717203541
0.597837258678234
0.597842634328156
0.5978481001346163
0.5978536575855067
0.5978593081924355
0.5978650534911212
0.5978708950417158
0.5978768344291799
0.5978828732636349
0.5978890131807447
0.5978952558420823
0.5979016029355041
0.5979080561755337
0.5979146173037374
0.5979212880891397
0.5979280703285896
0.5979349658471795
0.5979419764986199
0.5979491041656959
0.597956350760625
0.5979637182255032
0.5979712085327231
0.5979788236853912
0.5979865657177653
0.5979944366956683
0.5980024387169647
0.5980105739119532
0.5980188444438461
0.5980272525092125
0.5980358003384407
0.5980444901961667
0.5980533243817784
0.5980623052298414
0.5980714351106049
0.5980807164304508
0.5980901516323933
0.5980997431965405
0.5981094936406086
0.5981194055203776
0.5981294814302037
0.5981397240035168
0.5981501359133394
0.5981607198727386
0.5981714786353877
0.5981824149960566
0.5981935317911138
0.5982048318990705
0.5982163182410635
0.5982279937814274
0.5982398615281656
0.5982519245335232
0.5982641858944935
0.5982766487533568
0.598289316298213
0.5983021917635313
0.5983152784306727
0.5983285796284199
0.5983420987335643
0.5983558391713988
0.5983698044162954
0.5983839979922311
0.5983984234733324
0.5984130844844459
0.5984279847016546
0.5984431278528468
0.598458517718241
0.5984741581309523
0.5984900529775161
0.5985062061984524
0.5985226217887885
0.5985393037986164
0.5985562563336148
0.5985734835555971
0.598590989683037
0.5986087789916129
0.598626855814694
0.5986452245439368
0.5986638896297205
0.5986828555817302
0.5987021269694185
0.5987217084225418
0.5987416046316325
0.5987618203485248
0.5987823603868007
0.5988032296223058
0.5988244329935827
0.5988459755023863
0.5988678622140747
0.5988900982581105
0.5989126888284604
0.5989356391840354
0.5989589546491098
0.5989826406137139
0.5990067025340498
0.5990311459328016
0.5990559763996133
0.5990811995913549
0.5991068212324699
0.5991328471153539
0.5991592831005728
0.5991861351172524
0.5992134091632813
0.5992411113055951
0.5992692476804116
0.5992978244934362
0.5993268480200963
0.5993563246056803
0.5993862606655049
0.5994166626850718
0.59944753722014
0.5994788908968546
0.5995107304117789
0.5995430625319313
0.599575894094835
0.5996092320084425
0.5996430832511447
0.5996774548716542
0.599712353988938
0.5997477877920436
0.5997837635399789
0.5998202885614924
0.5998573702548143
0.5998950160874387
0.5999332335957782
0.599972030384866
0.6000114141279442
0.6000513925660806
0.6000919735076914
0.600133164828049
0.6001749744687714
0.6002174104372016
0.600260480805825
0.6003041937115614
0.6003485573550637
0.6003935799999096
0.6004392699717763
0.6004856356575151
0.6005326855041159
0.6005804280176358
0.6006288717618815
0.6006780253570724
0.6007278974783785
0.6007784968546163
0.6008298322675775
0.6008819125523742
0.6009347465984168
0.6009883433496181
0.6010427118024948
0.6010978610027318
0.601153800041561
0.6012105380530623
0.6012680842123153
0.6013264477339737
0.6013856378708092
0.6014456639122647
0.6015065351827128
0.601568261039735
0.6016308508721178
0.6016943140977553
0.6017586601612251
0.601823898531058
0.6018900386962346
0.6019570901614753
0.6020250624411209
0.6020939650533197
0.6021638075178807
0.602234599363815
0.6023063501523596
0.6023790694928528
0.6024527670161923
0.6025274523425499
0.6026031350723903
0.602679824788595
0.6027575310587396
0.6028362634352749
0.6029160314540399
0.6029968446320421
0.6030787124646095
0.6031616444223036
0.6032456499477603
0.6033307384523332
0.6034169193127422
0.6035042018676169
0.6035925954140153
0.6036821092039232
0.6037727524406534
0.6038645342752734
0.6039574638029563
0.6040515500593222
0.6041468020167325
0.6042432285805648
0.6043408385854626
0.604439640791573
0.6045396438807211
0.6046408564526287
0.6047432870210596
0.6048469440099847
0.6049518357497281
0.6050579704731066
0.6051653563115548
0.6052740012912752
0.6053839133293529
0.6054951002299018
0.6056075696802306
0.6057213292469755
0.6058363863722767
0.605952748369995
0.6060704224219118
0.6061894155739518
0.6063097347324933
0.6064313866606243
0.6065543779744976
0.6066787151397556
0.606804404467844
0.6069314521126122
0.6070598640667055
0.6071896461582434
0.6073208040473665
0.6074533432229893
0.6075872689995359
0.6077225865137689
0.607859300721659
0.6079974163954377
0.6081369381205624
0.6082778702929106
0.608420217115966
0.6085639825981678
0.6087091705502926
0.6088557845829076
0.6090038281040737
0.6091533043170048
0.6093042162177408
0.6094565665932575
0.6096103580193922
0.6097655928589153
0.6099222732598386
0.610080401153776
0.6102399782544448
0.6104010060561018
0.6105634858324903
0.6107274186354539
0.6108928052941089
0.6110596464137832
0.611227942375227
0.6113976933341708
0.6115688992206397
0.6117415597389545
0.6119156743677229
0.6120912423605258
0.6122682627479502
0.6124467350185581
0.6126266571450856
0.6128080273720797
0.6129908439324057
0.6131751047812746
0.613360806954088
0.6135479483007988
0.6137365264968223
0.613926538452586
0.6141179801105404
0.6143108491359864
0.6145051415722449
0.6147008535107039
0.6148979808888633
0.6150965194465732
0.6152964647166886
0.6154978120227461
0.6157005564811124
0.6159046930056604
0.61611021631247
0.6163171209234921
0.6165254011692752
0.6167350511912489
0.6169460649438729
0.6171584361970518
0.6173721585390927
0.6175872253802462
0.6178036299567565
0.6180213653352278
0.6182404244169104
0.6184607999418852
0.6186824844929859
0.6189054704995585
0.6191297502411208
0.6193553158509805
0.6195821593198009
0.619810272493968
0.6200396470754932
0.6202702746333993
0.6205021466084892
0.6207352543173745
0.6209695889565308
0.6212051416063742
0.6214419032353656
0.621679864704136
0.6219190167696356
0.6221593500892806
0.6224008552251341
0.6226435226480752
0.6228873427419875
0.6231323058079328
0.6233784020683386
0.6236256216711622
0.6238739546940545
0.6241233911485156
0.624373920984019
0.6246255340921241
0.6248782203105718
0.6251319694273328
0.6253867711846608
0.6256426152830776
0.6258994913853398
0.626157389120374
0.6264162980871675
0.6266762078585967
0.6269371079852539
0.6271989879991692
0.627461837417531
0.6277256457463334
0.6279904024839763
0.6282560971248
0.6285227191625714
0.628790258093911
0.6290587034216484
0.629328044658142
0.6295982713284999
0.629869372973763
0.6301413391540108
0.6304141594514114
0.6306878234731946
0.6309623208545602
0.6312376412615351
0.6315137743937604
0.6317907099872362
0.6320684378170399
0.6323469477000747
0.6326262294979678
0.632906273120457
0.6331870685302347
0.6334686057525257
0.6337508749025313
0.6340338662651436
0.6343175694648668
0.634601974531488
0.6348870726087885
0.6351728538365556
0.6354593085533136
0.6357464272169334
0.6360342003706422
0.6363226186341533
0.6366116727014761
0.6369013533409127
0.6371916513957304
0.6374825577851366
0.6377740635053335
0.638066159630591
0.638358837314295
0.6386520877899653
0.6389459023721918
0.6392402724576243
0.6395351895257552
0.6398306451397804
0.6401266309473292
0.6404231386813725
0.640720160160929
0.6410176872920682
0.6413157120692174
0.6416142265774528
0.6419132229968525
0.6422126936116027
0.642512630823211
0.642813027101217
0.6431138746967051
0.6434151661239519
0.6437168943793625
0.6440190522798259
0.6443216326651894
0.6446246284816227
0.6449280327808631
0.6452318387198231
0.6455360395779712
0.6458406288385176
0.6461456003259907
0.6464509461350196
0.6467566599314702
0.6470627363983292
0.6473691694002613
0.6476759525857088
0.6479830798300473
0.6482905451432773
0.6485983426392168
0.6489064665252015
0.6492149110979961
0.6495236707418515
0.6498327399273316
0.6501421132104102
0.6504517852317161
0.6507617507157699
0.6510720044702673
0.6513825413854648
0.651693356434097
0.6520044446733729
0.652315801253119
0.6526274214318017
0.6529393005597233
0.6532514339947504
0.6535638171179395
0.6538764454195842
0.6541893145032299
0.6545024200634362
0.6548157578741164
0.6551293237841708
0.6554431137149851
0.65575712365373
0.656071349656491
0.6563857878514184
0.6567004344381023
0.6570152856868179
0.6573303379377475
0.6576455876001817
0.6579610311517177
0.6582766651374621
0.6585924861692319
0.6589084909247576
0.6592246761468908
0.6595410386428187
0.6598575752832567
0.6601742830016875
0.6604911587935522
0.6608081997154877
0.6611254028845378
0.6614427654773712
0.6617602847295158
0.6620779579345745
0.6623957824434725
0.6627137556636644
0.66303187505839
0.6633501381459099
0.6636685424987399
0.6639870857428974
0.6643057655571519
0.6646245796722764
0.6649435258703017
0.6652626019837679
0.665581805894983
0.665901135535297
0.6662205888843418
0.6665401639692894
0.6668598588641154
0.6671796716888285
0.6674996006087024
0.6678196438334789
0.6681397996165258
0.6684600662540302
0.6687804420841074
0.6691009254834952
0.6694215148641466
0.6697422087100524
0.6700630055244375
0.6703839038496048
0.6707049022675425
0.6710259993585331
0.6713471932090965
0.6716684837654828
0.6719898694334376
0.6723113485277938
0.6726329199479443
0.6729545825719487
0.6732763352817498
0.6735981769649412
0.6739201065456271
0.6742421229895227
0.674564225306213
0.6748864125407747
0.6752086837537475
0.6755310380298962
0.6758534744888369
0.6761759922826284
0.6764985905944547
0.6768212686371563
0.6771440256527672
0.6774668609132553
0.6777897737228032
0.6781127634215364
0.6784358293819683
0.6787589706276757
0.6790821864304744
0.6794054765550288
0.6797288404505093
0.6800522775673687
0.6803757873778378
0.6806993693783455
0.6810230230884721
0.6813467480498699
0.6816705438254115
0.6819944099985323
0.6823183461726666
0.6826423519713707
0.682966427110122
0.6832905711933255
0.6836147839011405
0.6839390649316408
0.6842634140004707
0.6845878308404885
0.6849123152014317
0.6852368668495821
0.6855614855674352
0.6858861711533761
0.6862109234213551
0.6865357422005689
0.686860627335147
0.6871855786838398
0.6875105961196992
0.6878356795297955
0.688160828814885
0.6884860438891311
0.6888113246798149
0.6891366711270197
0.689462083183369
0.6897875608137093
0.6901131039948668
0.6904387127153556
0.6907643869750992
0.6910901267851648
0.6914159321675285
0.6917418031548191
0.692067739790056
0.6923937421264825
0.6927198102272933
0.6930459441655917
0.6933721440241492
0.6936984098954198
0.6940247418815271
0.6943511400941802
0.6946776046544457
0.6950041356918991
0.6953307333433411
0.6956573977510979
0.6959841290623016
0.6963109274296067
0.696637793012682
0.696964725979871
0.697291726510088
0.6976187947971406
0.6979459310624128
0.6982731355945752
0.6986004087633199
0.6989277501161564
0.699255160038365
0.6995826391345743
0.6999101875329404
0.7002378053667991
0.7005654929206725
0.7008932504922152
0.7012210783083813
0.7015489766090947
0.7018769456464169
0.7022049856787426
0.7025330969688727
0.7028612797836825
0.7031895343942356
0.7035178610759344
0.7038462601085912
0.7041747317763747
0.7045032763676644
0.7048318942394466
0.7051605856526744
0.7054893508564414
0.7058181901567646
0.7061471038617717
0.7064760922807011
0.7068051557224184
0.7071342944925285
0.7074635088872439
0.7077927991784742
0.7081221655709853
0.7084516086099752
0.7087811285634654
0.7091107269767065
0.7094404023256301
0.7097701567432605
0.7100999894571363
0.7104299004267657
0.7107598902040893
0.7110899592230875
0.7114201078750754
0.7117503365331562
0.7120806455618006
0.7124110353210661
0.7127415061665905
0.7130720584487648
0.7134026925185646
0.7137334087283199
0.7140642074316055
0.7143950889831401
0.7147260537386799
0.7150571020549362
0.7153882342894845
0.715719450800688
0.7160507519476226
0.7163821380900077
0.7167136095881279
0.7170451668027831
0.7173768100952143
0.7177085398270345
0.7180403563601796
0.7183722600568294
0.7187042512793524
0.7190363303902287
0.7193684977519931
0.7197007537271407
0.7200330986780682
0.7203655329669866
0.7206980569558787
0.721030671006441
0.7213633754801642
0.7216961707384958
0.7220290571433041
0.7223620350576071
0.7226951048435568
0.72302826683788
0.7233615213589306
0.7236948687108639
0.7240283091167308
0.724361842735689
0.7246954712895104
0.7250291950588927
0.7253630131976201
0.7256969261767204
0.726030934391203
0.7263650382789993
0.7266992390732965
0.7270335365563478
0.7273679306801639
0.727702421927182
0.7280370107267937
0.728371697469913
0.7287064825305404
0.7290413662663453
0.729376349028431
0.7297114311674995
0.7300466130338716
0.7303818949774258
0.7307172773475281
0.7310527604929713
0.7313883447619207
0.7317240305018501
0.7320598180595279
0.7323957077809544
0.7327317000113934
0.7330677950952974
0.7334039933763605
0.7337402951974713
0.7340767009007184
0.7344132108273049
0.7347498253174679
0.7350865447100368
0.7354233693417422
0.7357602995467009
0.7360973356705584
0.7364344772988118
0.7367717243154758
0.7371090823618294
0.7374465450957901
0.7377841153938923
0.7381217935620276
0.7384595799328295
0.7387974748386072
0.739135478608593
0.73947359156933
0.7398118140446224
0.7401501463548394
0.7404885888154078
0.7408271417353208
0.7411658054167427
0.7415045801583054
0.7418434662619706
0.742182464038797
0.7425215738086318
0.7428607958951192
0.7432001306204854
0.7435395783033175
0.7438791392583484
0.7442188137969924
0.7445586022280135
0.7448985048775524
0.7452385220690939
0.7455786540805098
0.7459189012139328
0.7462592637700756
0.746599742048172
0.7469403363460994
0.7472810469603592
0.7476218741861363
0.7479628183173135
0.7483038796464868
0.748645058464988
0.7489863550629182
0.7493277697291595
0.7496693027513843
0.7500109544160805
0.7503527250085671
0.7506946148129995
0.7510366241123889
0.7513787531886036
0.7517210023223937
0.7520633717933771
0.7524058618800908
0.7527484728599565
0.7530912050093421
0.7534340586035735
0.7537770339169809
0.7541201312229721
0.7544633507941423
0.7548066929024428
0.7551501578194626
0.7554937458168458
0.7558374571669878
0.7561812921440914
0.7565252510257978
0.756869334095431
0.7572135416443067
0.7575578739714095
0.7579023313732852
0.7582469141793043
0.7585916222180984
0.7589364552410338
0.7592814141846285
0.7596264995776577
0.7599717115681839
0.7603170503759104
0.7606625162545431
0.7610081095155321
0.7613538303312192
0.7616996782554599
0.7620456542902572
0.7623917587292068
0.7627379917313694
0.7630843535045945
0.763430844274076
0.7637774642704827
0.7641242137257599
0.764471092871365
0.7648181019374917
0.7651652411533887
0.7655125107510835
0.7658599109781201
0.7662074421108931
0.7665551044183297
0.7669028981577013
0.7672508235610247
0.7675988808201786
0.7679470701371193
0.7682953917288596
0.768643845818887
0.7689924326324671
0.7693411523946758
0.7696900053298639
0.7700389916612375
0.7703881116107277
0.7707373653987705
0.7710867532441736
0.7714362753636157
0.7717859319712966
0.7721357232781174
0.7724856494908153
0.7728357108111081
0.7731859074366125
0.773536239575662
0.7738867075605481
0.7742373131773642
0.7745880568944016
0.7749389296979149
0.7752899436057279
0.7756410946730428
0.7759923827882479
0.7763438081262802
0.776695370903725
0.7770470713459734
0.7773989096825329
0.7777508861452158
0.7781030009623304
0.7784552543499275
0.7788076465072493
0.7791601776388506
0.7795128480649129
0.7798656577537021
0.7802186068970026
0.7805716956966815
0.7809249243597618
0.7812782930952992
0.7816318021126526
0.7819854516205362
0.7823392418264407
0.7826931729331706
0.7830472451331077
0.7834014586164662
0.78375581357309
0.7841103101924494
0.7844649486636041
0.784819729175166
0.7851746519152546
0.7855297170714532
0.7858849248307762
0.7862402753796333
0.7865957689038015
0.7869514055884064
0.787307185617897
0.7876631091760413
0.7880191764458784
0.7883753876097287
0.7887317428491041
0.7890882423446385
0.789444886275935
0.7898016748212535
0.7901586081570908
0.7905156864572929
0.7908729098917979
0.7912302786252928
0.7915877928189587
0.7919454526397085
0.7923032578849025
0.7926612084928183
0.793019307140329
0.7933775517178792
0.7937359423750089
0.7940944786307803
0.7944531633074714
0.7948119952316149
0.79517097368122
0.7955300989834719
0.7958893722306724
0.7962487939703827
0.7966083629128377
0.7969680798186913
0.7973279448976476
0.7976879583146491
0.7980481202346544
0.7984084308221174
0.7987688902410927
0.7991294986553998
0.7994902562287722
0.7998511631250025
0.80021221950785
0.8005734255406205
0.8009347813837293
0.8012962871870255
0.8016579430788164
0.8020197491618871
0.8023817055548683
0.8027438124541221
0.8031060700583762
0.8034684785423785
0.8038310380682269
0.8041937487929324
0.8045566108710386
0.8049196244557645
0.8052827896993955
0.8056461067534012
0.806009575768577
0.8063731968950366
0.8067369702822285
0.8071008960789819
0.8074649744713311
0.8078292056169196
0.8081935896273551
0.8085581266489011
0.8089228168271289
0.8092876603069057
0.8096526572324032
0.8100178077471156
0.810383111993845
0.810748570114702
0.8111141822511035
0.8114799485437388
0.8118458691325439
0.8122119441566323
0.8125781737542287
0.812944558062544
0.813311097217649
0.8136777913544373
0.8140446406071957
0.8144116451136049
0.8147788050415962
0.8151461208893372
0.8155135961097336
0.8158812196118407
0.8162490025147764
0.8166169417843119
0.8169850373398844
0.8173532892867582
0.8177216977613402
0.8180902629142256
0.8184589849145287
0.8188278639695181
0.8191969004429583
0.819566094914412
0.8199354480604764
0.8203049573846013
0.8206746210965453
0.8210444415429531
0.8214144210155221
0.8217845593361949
0.8221548561458744
0.8225253113681983
0.8228959250517424
0.8232666972830333
0.8236376281667128
0.8240087178167563
0.824379966352293
0.8247513738956168
0.8251229405714875
0.8254946665074533
0.8258665518355892
0.8262385966965381
0.8266108012483397
0.8269831656844802
0.8273556902657694
0.827728375428215
0.8281012212094707
0.8284742272569592
0.8288473916946376
0.8292207169154214
0.8295942030315631
0.8299678499687645
0.8303416578387836
0.8307156267838598
0.8310897569186698
0.83146404834147
0.8318385011499305
0.8322131154711624
0.8325878914706081
0.8329628292407968
0.8333379289200087
0.8337131906452808
0.8340886145479605
0.8344642007515307
0.8348399493719634
0.835215860519453
0.8355919343001947
0.8359681708173958
0.8363445701709025
0.8367211324541949
0.8370978577457763
0.8374747460895504
0.8378517976554416
0.8382290130914295
0.8386063924719983
0.8389839351706075
0.8393616417047756
0.8397395120204524
0.840117546205942
0.8404957444540203
0.8408741069221672
0.8412526337717593
0.8416313251679116
0.8420101812575481
0.8423892021594467
0.8427683879821617
0.8431477388380946
0.8435272548361844
0.8439069360694648
0.8442867826166194
0.8446667945542858
0.8450469719672539
0.8454273149510004
0.8458078237177159
0.8461884982753936
0.8465693386400778
0.8469503449618808
0.8473315173881171
0.8477128560637802
0.8480943611301616
0.8484760327067864
0.8488578709008735
0.8492398758200794
0.8496220475726189
0.8500043862671767
0.8503868920128173
0.8507695649188907
0.8511524050949516
0.8515354126506922
0.8519185876958671
0.8523019303402517
0.8526854406935818
0.8530691188655212
0.8534529649656176
0.8538369791032906
0.8542211613878044
0.8546055119281522
0.8549900308331506
0.8553747182113965
0.8557595741712258
0.8561445988207558
0.8565297922678436
0.8569151546200616
0.8573006859847496
0.8576863864689739
0.8580722561795655
0.8584582952230939
0.8588445037058919
0.8592308817340796
0.8596174294135329
0.8600041468499404
0.8603910341488018
0.8607780914154262
0.8611653187549744
0.8615527162724664
0.8619402840727799
0.862328022260697
0.8627159309409308
0.8631040102362237
0.8634922602383261
0.8638806810428179
0.8642692727533126
0.8646580354734824
0.8650469693071453
0.8654360743583878
0.8658253507317172
0.8662147985322656
0.8666044178661021
0.8669942088571316
0.8673841716268048
0.8677743062642701
0.8681646128829569
0.8685550916010114
0.8689457425437026
0.8693365658469244
0.8697275616604387
0.8701187301408597
0.8705100713612725
0.8709015848750675
0.8712932694891373
0.8716851290834523
0.8720771597948564
0.8724693636376215
0.8728617405214663
0.8732542905457873
0.873647013960718
0.8740399109305803
0.8744329815558433
0.8748262259266253
0.8752196441336598
0.8756132362697757
0.8760070024280028
0.8764009426965065
0.8767950571501708
0.8771893458472502
0.8775838088577937
0.8779784463240092
0.8783732584671539
0.8787682453563121
0.8791634061949841
0.8795587416141851
0.8799542521242123
0.8803499377987073
0.8807457987199372
0.8811418349978847
0.8815380467760923
0.8819344342621731
0.8823309978063754
0.882727736242649
0.883124649596639
0.8835217393460264
0.8839190051373992
0.8843164463407124
0.8847140634622268
0.8851118569139801
0.8855098267577934
0.8859079730367592
0.8863062958199563
0.8867047951983691
0.8871034712781453
0.8875023241761559
0.8879013540209761
0.8883005609666947
0.8886999452487454
0.8890995074730051
0.889499250149899
0.8898991620062943
0.8902992537946127
0.8906995242269324
0.8910999725506127
0.8915005987259806
0.8919014028050305
0.8923023848655466
0.8927035449945383
0.8931048832827919
0.8935063998227313
0.8939080947074844
0.8943099680304506
0.8947120198850658
0.8951142503646905
0.8955166595625493
0.8959192475717195
0.8963220144851215
0.8967249603955306
0.8971280853955594
0.8975313895777401
0.8979348730344952
0.8983385358581956
0.8987423781411771
0.8991463999757882
0.8995506014543998
0.8999549826694475
0.9003595437134668
0.9007642846791137
0.9011692056591956
0.9015743067838304
0.9019795881719505
0.9023850498163604
0.9027906918161639
0.9031965142708912
0.9036025172804638
0.9040087009451893
0.9044150653657493
0.9048216106431638
0.9052283368787637
0.905635244173518
0.9060423326229382
0.9064496023196011
0.9068570533561325
0.9072646858252469
0.9076724998197612
0.9080804954325934
0.9084886727567684
0.9088970318854009
0.9093055729116943
0.9097142959289373
0.9101232010304792
0.9105322883097328
0.910941557860147
0.9113510097752137
0.9117606441484493
0.9121704610733763
0.9125804606435326
0.9129906429524405
0.9134010080936223
0.9138115561605726
0.9142222872467785
0.9146332014456799
0.9150442988506979
0.9154555795552196
0.9158670436525911
0.9162786912361501
0.9166905223991759
0.9171025372348953
0.9175147358365185
0.9179271182972402
0.9183396847102128
0.9187524351685913
0.9191653697655013
0.9195784885940678
0.9199917917474166
0.92040527931869
0.9208189514010653
0.9212328080877106
0.921646849471888
0.9220610756468858
0.9224754867060811
0.9228900827429387
0.9233048638509743
0.9237198301238372
0.9241349816552009
0.9245503185387981
0.9249658408681858
0.9253815487366323
0.9257974422364963
0.9262135214583415
0.9266297864891446
0.9270462374092033
0.9274628742878824
0.9278796971843891
0.928296706172167
0.9287139013695574
0.929131282909297
0.9295488509043888
0.929966605442294
0.930384545474571
0.9308026743162733
0.9312209893350469
0.9316394912722408
0.9320581803033783
0.9324770556766335
0.9328961180268062
0.9333153673720332
0.9337348043327618
0.9341544288346036
0.9345742409163083
0.9349942406430387
0.93541442808987
0.9358348033370769
0.9362553664686738
0.9366761175719489
0.9370970567371796
0.9375181840571173
0.9379394996264679
0.9383610035408386
0.9387826958963783
0.9392045767891549
0.9396266463148862
0.9400489045686928
0.9404713516450397
0.9408939876377586
0.9413168126401271
0.9417398267449013
0.9421630300443802
0.9425864226305388
0.9430100045950567
0.9434337760294716
0.9438577370251253
0.9442818877282275
0.9447062282039852
0.9451307585200404
0.9455554787661626
0.9459803890320109
0.9464054894071341
0.9468307799810392
0.9472562608432157
0.9476819320831972
0.9481077937906238
0.9485338460553634
0.9489600889677066
0.9493865226187277
0.9498131471009945
0.950239962510037
0.9506669689476448
0.9510941665300715
0.9515215554112716
0.9519491360367018
0.9523769089312222
0.9528048731137435
0.9532330251168041
0.9536613700479435
0.9540899076094231
0.9545186372477731
0.9549475589243609
0.955376672675325
0.9558059785646813
0.9562354766686613
0.9566651670695214
0.9570950498527879
0.957525125105872
0.9579553929173906
0.9583858533767403
0.9588165065738473
0.9592473525990404
0.9596783915429219
0.9601096234963102
0.9605410485501947
0.9609726667956825
0.9614044783239669
0.9618364832263044
0.9622686815939653
0.9627010735182265
0.9631336590903472
0.9635664384015505
0.9639994115429453
0.9644325786055667
0.9648659396803247
0.9652994948579247
0.9657332442289142
0.9661671878835809
0.966601325911945
0.9670356584036881
0.9674701854481852
0.9679049071343854
0.9683398235508622
0.9687749347858402
0.9692102409272905
0.9696457420632584
0.9700814382824716
0.9705173296757357
0.9709534163388645
0.9713896983790086
0.9718261759278234
0.9722628491590064
0.9726997182473972
0.9731367832097915
0.9735740440412244
0.9740115016286031
0.9744491546204658
0.9748870036885602
0.9753250489331686
0.9757632904525424
0.9762017283438793
0.9766403627039113
0.9770791936291419
0.9775182212160038
0.9779574455608063
0.9783968667597592
0.9788364849088544
0.9792763001037106
0.9797163124397253
0.9801565220119589
0.9805969289151533
0.9810375332437321
0.9814783350918344
0.9819193345533506
0.9823605317219243
0.9828019266910948
0.983243519554236
0.9836853104047107
0.9841272993358589
0.9845694864411191
0.9850118718141032
0.9854544555486853
0.9858972377391427
0.9863402184803335
0.9867833978679507
0.9872267759988831
0.9876703529718323
0.9881141288882497
0.9885581038539512
0.9890022779820998
0.9894466513987155
0.9898912242532759
0.9903359967371292
0.9907809690674932
0.991226140654728
0.9916715109596591
0.9921170807255967
0.9925628489864946
0.9930088173701883
0.9934549861401358
0.9939013552564426
0.9943479248920283
0.9947946950769015
0.995241665756366
0.9956888369903405
0.9961362088485025
0.9965837814067984
0.9970315547453863
0.9974795289473587
0.9979277040979102
0.9983760802838362
0.9988246575931101
0.9992734361146561
0.9997224159381425
1.0001715971538527
1.0006209798525747
1.0010705641254893
1.0015203500641519
1.0019703377603828
1.0024205273062317
1.0028709187939766
1.003321512316001
1.0037723079648297
1.0042233058330503
1.0046745060132776
1.0051259085981388
1.0055775136801994
1.0060293213519387
1.0064813317056918
1.0069335448336136
1.0073859608275662
1.0078385797792861
1.008291401780147
1.008744426921626
1.0091976552956423
1.00965108699601
1.0101047221209563
1.010558560778394
1.011012603092463
1.0114668492044516
1.011921299252684
1.0123759533379812
1.0128308115091524
1.0132858738092607
1.0137411402947965
1.014196611040174
1.0146522861320482
1.0151081656634704
1.0155642497371273
1.0160205384624723
1.0164770320277006
1.016933730409971
1.0173906336774325
1.017847741929804
1.0183050552671706
1.0187625737899835
1.0192202975991345
1.019678226796043
1.0201363614827474
1.0205947017619867
1.0210532477335832
1.0215119994908406
1.0219709571263604
1.0224301207327853
1.0228894904027874
1.0233490662290614
1.0238088483043009
1.024268836721172
1.024729031572279
1.0251894329501248
1.0256500409470597
1.0261108556552418
1.026571877166584
1.0270331055726603
1.0274945409647147
1.0279561834335504
1.028418033069547
1.0288800899627513
1.0293423542028157
1.0298048258792032
1.0302675050818382
1.0307303919019204
1.0311934864339676
1.0316567887805115
1.0321202990667862
1.0325840174909995
1.0330479437397286
1.033512080386394
1.0339764284600095
1.0344409747798406
1.0349057356461888
1.0353707053778383
1.0358358844142657
1.036301272586419
1.0367668700306392
1.037232677033677
1.0376986914098172
1.0381649135395936
1.0386313454718596
1.0390979807659617
1.0395648319082493
1.0400318926108392
1.0404991629713292
1.0409666430879785
1.0414343330597173
1.0419022329862104
1.042370342966176
1.0428386630944222
1.043307193465093
1.043775934172335
1.0442448853103299
1.0447140469732912
1.0451834192556666
1.0456530022518336
1.0461227960564232
1.0465928007642957
1.0470630164702128
1.0475334432697596
1.0480040812580522
1.0484749305305945
1.0489459911816055
1.0494172633073326
1.0498887470060176
1.050360442372929
1.0508323495047611
1.0513044684996227
1.0517767994544285
1.0522493424653985
1.0527220976311036
1.0531950650502742
1.0536682448176242
1.0541416370348935
1.0546152417971257
1.055089059205862
1.0555630893569286
1.0560373323499472
1.0565117882830368
1.0569864572549543
1.0574613393648649
1.057936434709234
1.0584117433894178
1.058887265502094
1.0593630011458866
1.0598389504206223
1.0603151134224393
1.0607914902511786
1.0612680810039463
1.0617448857791485
1.0622219046751862
1.0626991377887558
1.0631765852179385
1.0636542470600079
1.0641321234121655
1.06461021437149
1.065088520035101
1.0655670404998172
1.0660457758615687
1.0665247262176631
1.0670038916642965
1.067483272296922
1.0679628682130737
1.0684426795071427
1.0689227062759028
1.0694029486155279
1.0698834066208311
1.070364080387178
1.0708449700118976
1.0713260755891933
1.0718073972151945
1.0722889349861104
1.0727706889959427
1.073252659342757
1.073734846120777
1.0742172494252704
1.074699869354806
1.0751827060042072
1.0756657594690189
1.0761490298470877
1.0766325172344224
1.0771162217286288
1.0776001434267866
1.0780842824262575
1.078568638825677
1.0790532127220065
1.0795380042148146
1.080023013402788
1.0805082403848187
1.0809936852609172
1.081479348131083
1.0819652290960193
1.082451328256428
1.0829376457139768
1.08342418157055
1.0839109359275816
1.084397908883436
1.084885100535828
1.085372510982522
1.0858601403213204
1.0863479886500458
1.086836056066844
1.0873243426697026
1.0878128485568839
1.0883015738268391
1.0887905185778743
1.0892796829090257
1.0897690669186528
1.0902586707060915
1.0907484943701549
1.091238538010284
1.091728801725989
1.092219285616204
1.0927099897811692
1.0932009143207235
1.0936920593342403
1.0941834249223028
1.0946750111843806
1.095166818221456
1.0956588461331733
1.0961510950210263
1.0966435649843294
1.0971362561245026
1.0976291685413173
1.0981223023363575
1.0986156576093264
1.0991092344620623
1.0996030329948598
1.100097053309669
1.1005912955051342
1.1010857596844017
1.1015804459467502
1.1020753543941983
1.1025704851283162
1.1030658382474292
1.103561413855562
1.1040572120514538
1.1045532329377872
1.105049476614151
1.1055459431817387
1.1060426327422639
1.1065395453960447
1.1070366812441397
1.107534040387266
1.1080316229260367
1.1085294289625027
1.109027458596064
1.109525711928842
1.11002418906076
1.1105228900930508
1.11102181512661
1.1115209642619108
1.112020337600169
1.1125199352419994
1.1130197572882625
1.1135198038398335
1.1140200749974472
1.1145205708619597
1.1150212915343272
1.1155222371153914
1.1160234077060058
1.1165248034068636
1.117026424319149
1.1175282705442722
1.1180303421825977
1.118532639334844
1.1190351621028858
1.1195379105873713
1.12004088489013
1.12054408511055
1.1210475113512113
1.1215511637136957
1.1220550422988917
1.1225591472076502
1.1230634785415408
1.123568036402297
1.1240728208919324
1.1245778321103925
1.1250830701606227
1.125588535143285
1.1260942271608898
1.126600146314756
1.1271062927072677
1.1276126664387014
1.1281192676119645
1.1286260963288388
1.129133152690833
1.129640436799918
1.1301479487583088
1.1306556886677182
1.1311636566304921
1.1316718527474388
1.132180277122326
1.1326889298550966
1.1331978110491499
1.1337069208047892
1.1342162592260312
1.1347258264126352
1.1352356224666673
1.135745647489231
1.136255901581903
1.1367663848452156
1.1372770973793023
1.1377880392827715
1.1382992106550847
1.1388106115936705
1.139322242191772
1.1398341025440952
1.1403461927405758
1.1408585128660533
1.1413710630031546
1.1418838432311331
1.1423968536453204
1.1429100944461006
1.1434235663740904
1.1439372696646142
1.1444512040537074
1.144965369072617
1.1454797625063717
1.1459943884881358
1.146509245844738
1.147024334766669
1.1475396554570505
1.1480552077192434
1.1485709915067992
1.1490870068774723
1.149603253930234
1.1501197327743131
1.1506364435216516
1.1511533862832712
1.1516705611708677
1.1521879682920346
1.1527056077521656
1.1532234796566774
1.1537415841040033
1.154259921196266
1.1547784910373957
1.1552972937503236
1.1558163295068336
1.1563355985342965
1.1568551010040915
1.157374836916759
1.1578948062220624
1.1584150089210368
1.1589354450511509
1.1594561148149682
1.1599770190080803
1.1604981576166216
1.1610195301176585
1.1615411365936965
1.1620629772223376
1.162585052153748
1.163107361517659
1.163629905433027
1.1641526840137562
1.1646756973723171
1.165198945620753
1.1657224288712205
1.1662461472354315
1.1667701008207272
1.1672942897319694
1.1678187140757526
1.1683433739609779
1.1688682694997594
1.1693934008070386
1.1699187680003913
1.1704443710769217
1.1709702101120496
1.1714962852831419
1.1720225967001565
1.17254914447684
1.1730759287215022
1.1736029495393163
1.1741302070368929
1.1746577013192412
1.1751854324932967
1.1757134006644447
1.17624160594058
1.1767700484285886
1.1772987282359113
1.1778276454687833
1.1783568002375446
1.1788861926481284
1.1794158228089158
1.179945690829121
1.180475796816575
1.181006140878888
1.1815367231264131
1.1820675436655794
1.1825986026034372
1.1831299000509254
1.1836614361147206
1.1841932109021223
1.1847252245204818
1.1852574770771778
1.1857899686790336
1.1863226994331755
1.1868556694456984
1.1873888788225693
1.187922327669507
1.1884560160920268
1.1889899441951568
1.1895241120836775
1.1900585198620584
1.1905931676342647
1.1911280555045831
1.1916631835762124
1.1921985519521758
1.1927341607354964
1.1932700100283453
1.193806099932507
1.1943424305497994
1.194879001978889
1.195415814320137
1.195952867669882
1.196490162123769
1.1970276977720098
1.1975654747025553
1.1981034929986836
1.1986417527612483
1.199180254253764
1.1997190052231654
1.2002579906303077
1.200797210774834
1.2013366812132853
1.2018763940289705
1.2024163490816513
1.202956546451323
1.2034969862496758
1.2040376685926844
1.2045785935987374
1.205119761379944
1.2056611720499237
1.2062028257189865
1.2067447224986
1.2072868624997484
1.2078292458322588
1.2083718726078374
1.2089147429377378
1.20945785693328
1.2100012147069492
1.2105448163714303
1.2110886620407106
1.2116327518279473
1.2121770858458603
1.2127216641991394
1.2132664869919316
1.2138115543284962
1.2143568663131918
1.2149024230509724
1.2154482246464415
1.2159942712045582
1.2165405628312302
1.2170870996311554
1.2176338817111154
1.2181809091763554
1.218728182133455
1.2192757006889021
1.2198234649492519
1.2203714750204628
1.2209197310106965
1.221468233025842
1.2220169811732289
1.2225659755604261
1.2231152162936165
1.223664703481479
1.2242144372310089
1.224764417647586
1.2253146448419103
1.2258651189178025
1.2264158399841343
1.2269668081488458
1.227518023516062
1.2280694861957817
1.2286211962926765
1.2291731539154682
1.229725359168106
1.2302778121587865
1.2308305129942245
1.2313834617798614
1.2319366586208826
1.2324901036244942
1.2330437968961891
1.2335977385408683
1.2341519286627316
1.234706367370286
1.2352610547654315
1.2358159909537831
1.2363711760406715
1.2369266101297802
1.237482293325903
1.2380382257326277
1.2385944074541644
1.2391508385943997
1.2397075192567122
1.2402644495446287
1.2408216295615007
1.241379059410331
1.241936739194081
1.242494669015658
1.2430528489783266
1.2436112791836738
1.2441699597347102
1.2447288907333383
1.2452880722815942
1.2458475044819788
1.2464071874369302
1.2469671212470193
1.2475273060145107
1.2480877418408487
1.2486484288278628
1.2492093670761746
1.2497705566869208
1.2503319977618998
1.2508936904021106
1.2514556347073784
1.2520178307785237
1.2525802787170766
1.2531429786207513
1.2537059305956066
1.2542691347369332
1.2548325911470883
1.255396299923522
1.2559602606234168
1.2565244732433696
1.257088946421079
1.257653665618829
1.2582186377208981
1.258783862796984
1.2593493347189637
1.2599150673758857
1.2604810519562923
1.2610472899006613
1.2616137813081914
1.2621805262758046
1.2627475249021103
1.2633147772838784
1.2638822835166588
1.2644500436959387
1.2650180579148684
1.2655863262681555
1.266154848848449
1.2667236257473344
1.2672926570577632
1.267861942868697
1.268431483271936
1.2690012783575684
1.2695713282143428
1.270141632929534
1.270712192592758
1.2712830072939847
1.2718540771231215
1.2724254021813888
1.2729969825966008
1.2735688185610228
1.2741409175983864
1.2747132650803612
1.2752858682974926
1.2758587273409716
1.2764318423020011
1.2770052132687877
1.277578840331592
1.2781527235793577
1.2787268631015685
1.2793012589843775
1.2798759113163198
1.2804508201837699
1.281025985673968
1.2816014078724547
1.2821770868645588
1.282753022735582
1.2833292155699012
1.2839056654529082
1.2844823724675
1.2850593366978287
1.2856365582283593
1.2862140371418218
1.2867917735208512
1.2873697674482552
1.2879480190071275
1.2885265282781875
1.289105295343492
1.289684320283259
1.2902636031778982
1.2908431441066197
1.2914229431479562
1.2920030003801939
1.2925833158796265
1.2931638897230435
1.2937447219816232
1.2943258127284976
1.294907162029025
1.2954887699433744
1.2960706365202388
1.2966527617988914
1.2972351457710591
1.2978177878668384
1.2984006903696863
1.298983851028744
1.2995672664694358
1.300150948340648
1.300734887738486
1.3013190824481586
1.3019035436168829
1.3024882607814448
1.3030732369416356
1.3036584725539622
1.3042439677511095
1.3048297226129826
1.3054157371989263
1.3060020115183888
1.3065885453532315
1.3071753395704393
1.3077623937957799
1.3083497079168045
1.3089372819834688
1.30952511608403
1.3101132102617767
1.3107015645807958
1.3112901791027813
1.3118790538854956
1.3124681889815877
1.3130575844410823
1.3136472403114559
1.3142371566364166
1.3148273334611098
1.3154177708263897
1.3160084687740412
1.3165994273432706
1.3171906465722178
1.3177821264972518
1.3183738671545093
1.31896586857891
1.3195581308026372
1.3201506538623944
1.3207434377911045
1.3213364826281224
1.3219297884212697
1.3225233552372024
1.3231171831908224
1.3237112725253146
1.3243056239204591
1.324900235668259
1.3254951037443012
1.32609023419071
1.3266856263120115
1.3272812797579367
1.3278771943908392
1.328473370147349
1.3290698069892806
1.329666504893788
1.3302634638415287
1.330860683815964
1.3314581648008068
1.3320559067795987
1.33265390973461
1.3332521736464553
1.3338506984934628
1.3344494842525687
1.3350485308983457
1.3356478384026893
1.3362474067349082
1.336847235863416
1.3374473257525392
1.3380476763653353
1.3386482876605115
1.3392491595968594
1.3398502921278166
1.3404516852061983
1.3410533387799355
1.3416552527943937
1.3422574271945
1.342859861918086
1.3434625569023222
1.3440655120776814
1.3446687273781621
1.3452722027261803
1.3458759380436682
1.3464799332434272